82
1 1 
2 1 
3 2 
5 3 
8 5 
13 3 
16 1 
17 2 
19 8 
27 1 
28 3 
31 5 
36 2 
38 3 
41 1 
42 3 
45 3 
48 8 
56 5 
61 8 
69 2 
71 2 
73 1 
74 5 
79 5 
84 2 
86 5 
91 2 
93 8 
101 1 
102 5 
107 2 
109 8 
117 2 
119 2 
121 8 
129 2 
131 8 
139 1 
140 5 
145 1 
146 1 
147 8 
155 1 
156 8 
164 1 
165 3 
168 1 
169 5 
174 1 
175 3 
178 8 
186 1 
187 3 
190 1 
191 5 
196 5 
201 2 
203 5 
208 2 
210 3 
213 1 
214 2 
216 3 
219 8 
227 8 
235 3 
238 3 
241 5 
246 5 
251 2 
253 2 
255 5 
260 2 
262 2 
264 5 
269 8 
277 3 
280 1 
281 1 
282 5 
287 2 
