4102
1 1 
2 1 
3 2 
5 3 
8 5 
13 8 
21 13 
34 21 
55 34 
89 55 
144 89 
233 144 
377 233 
610 377 
987 377 
1364 144 
1508 34 
1542 13 
1555 2 
1557 610 
2167 233 
2400 89 
2489 34 
2523 8 
2531 1 
2532 144 
2676 55 
2731 610 
3341 144 
3485 55 
3540 13 
3553 233 
3786 13 
3799 1 
3800 1557 
5357 55 
5412 610 
6022 233 
6255 89 
6344 21 
6365 8 
6373 3 
6376 1 
6377 1557 
7934 233 
8167 3 
8170 2731 
10901 377 
11278 1 
11279 2400 
13679 34 
13713 8 
13721 3 
13724 1 
13725 89 
13814 34 
13848 3 
13851 610 
14461 144 
14605 55 
14660 13 
14673 3 
14676 987 
15663 233 
15896 8 
15904 3 
15907 1 
15908 610 
16518 89 
16607 34 
16641 3 
16644 233 
16877 55 
16932 5 
16937 1 
16938 610 
17548 233 
17781 55 
17836 13 
17849 5 
17854 2 
17856 610 
18466 55 
18521 21 
18542 8 
18550 3 
18553 1364 
19917 8 
19925 2 
19927 1557 
21484 1 
21485 377 
21862 55 
21917 21 
21938 5 
21943 610 
22553 1 
22554 2731 
25285 55 
25340 8 
25348 3 
25351 1 
25352 233 
25585 89 
25674 8 
25682 3 
25685 1 
25686 987 
26673 89 
26762 34 
26796 5 
26801 610 
27411 144 
27555 34 
27589 13 
27602 144 
27746 34 
27780 2 
27782 89 
27871 13 
27884 5 
27889 2 
27891 3800 
31691 987 
32678 89 
32767 13 
32780 5 
32785 2167 
34952 34 
34986 13 
34999 2 
35001 1557 
36558 377 
36935 144 
37079 5 
37084 144 
37228 55 
37283 2 
37285 2167 
39452 21 
39473 2 
39475 377 
39852 89 
39941 34 
39975 13 
39988 5 
39993 2 
39995 144 
40139 55 
40194 8 
40202 3 
40205 610 
40815 144 
40959 34 
40993 3 
40996 55 
41051 3 
41054 233 
41287 55 
41342 5 
41347 2 
41349 144 
41493 3 
41496 1 
41497 987 
42484 21 
42505 5 
42510 2 
42512 3800 
46312 144 
46456 34 
46490 13 
46503 5 
46508 1 
46509 2167 
48676 144 
48820 55 
48875 21 
48896 8 
48904 3 
48907 1 
48908 377 
49285 144 
49429 55 
49484 5 
49489 2 
49491 1557 
51048 377 
51425 144 
51569 55 
51624 2731 
54355 233 
54588 55 
54643 21 
54664 3 
54667 1 
54668 144 
54812 55 
54867 21 
54888 1 
54889 610 
55499 233 
55732 89 
55821 34 
55855 8 
55863 1 
55864 377 
56241 144 
56385 13 
56398 5 
56403 2 
56405 377 
56782 89 
56871 13 
56884 987 
57871 144 
58015 13 
58028 2167 
60195 144 
60339 2 
60341 233 
60574 89 
60663 13 
60676 5 
60681 233 
60914 89 
61003 21 
61024 8 
61032 144 
61176 55 
61231 8 
61239 1 
61240 2731 
63971 377 
64348 144 
64492 13 
64505 3 
64508 1 
64509 987 
65496 233 
65729 34 
65763 13 
65776 987 
66763 233 
66996 89 
67085 21 
67106 5 
67111 377 
67488 55 
67543 5 
67548 2 
67550 987 
68537 233 
68770 55 
68825 13 
68838 3 
68841 1 
68842 610 
69452 34 
69486 13 
69499 5 
69504 610 
70114 233 
70347 34 
70381 13 
70394 1 
70395 3 
70398 1 
70399 3553 
73952 89 
74041 21 
74062 5 
74067 2 
74069 2400 
76469 5 
76474 610 
77084 233 
77317 55 
77372 5 
77377 144 
77521 55 
77576 13 
77589 3 
77592 233 
77825 55 
77880 8 
77888 3 
77891 1 
77892 377 
78269 89 
78358 13 
78371 34 
78405 5 
78410 2 
78412 377 
78789 144 
78933 987 
79920 34 
79954 8 
79962 2 
79964 377 
80341 89 
80430 34 
80464 8 
80472 2 
80474 1364 
81838 55 
81893 13 
81906 5 
81911 987 
82898 233 
83131 34 
83165 13 
83178 5 
83183 2 
83185 1364 
84549 21 
84570 5 
84575 377 
84952 8 
84960 3 
84963 1 
84964 987 
85951 34 
85985 13 
85998 5 
86003 1 
86004 377 
86381 89 
86470 13 
86483 5 
86488 144 
86632 8 
86640 1 
86641 2167 
88808 8 
88816 610 
89426 233 
89659 8 
89667 1 
89668 233 
89901 21 
89922 5 
89927 233 
90160 21 
90181 3 
90184 2731 
92915 377 
93292 34 
93326 1 
93327 144 
93471 13 
93484 3 
93487 1 
93488 377 
93865 89 
93954 34 
93988 13 
94001 5 
94006 1 
94007 233 
94240 34 
94274 8 
94282 610 
94892 144 
95036 34 
95070 13 
95083 3 
95086 1 
95087 610 
95697 89 
95786 34 
95820 3 
95823 89 
95912 34 
95946 8 
95954 3 
95957 1 
95958 610 
96568 144 
96712 13 
96725 5 
96730 1 
96731 610 
97341 144 
97485 55 
97540 21 
97561 5 
97566 1 
97567 377 
97944 55 
97999 21 
98020 5 
98025 1 
98026 3800 
101826 233 
102059 21 
102080 987 
103067 233 
103300 3 
103303 987 
104290 89 
104379 5 
104384 1 
104385 1557 
105942 2 
105944 987 
106931 144 
107075 55 
107130 21 
107151 2 
107153 377 
107530 21 
107551 5 
107556 144 
107700 2 
107702 233 
107935 21 
107956 8 
107964 3 
107967 1 
107968 377 
108345 89 
108434 21 
108455 8 
108463 377 
108840 144 
108984 21 
109005 8 
109013 3 
109016 610 
109626 233 
109859 89 
109948 233 
110181 21 
110202 3 
110205 144 
110349 55 
110404 5 
110409 1 
110410 233 
110643 34 
110677 1557 
112234 144 
112378 13 
112391 2 
112393 987 
113380 233 
113613 21 
113634 8 
113642 3 
113645 1557 
115202 377 
115579 144 
115723 8 
115731 2 
115733 233 
115966 55 
116021 21 
116042 8 
116050 1364 
117414 89 
117503 13 
117516 5 
117521 1 
117522 610 
118132 55 
118187 13 
118200 5 
118205 610 
118815 144 
118959 55 
119014 13 
119027 2 
119029 2731 
121760 1 
121761 3800 
125561 144 
125705 13 
125718 3 
125721 1 
125722 89 
125811 1 
125812 144 
125956 34 
125990 13 
126003 5 
126008 2 
126010 1557 
127567 233 
127800 89 
127889 21 
127910 1 
127911 2167 
130078 89 
130167 34 
130201 5 
130206 2 
130208 13 
130221 5 
130226 1 
130227 377 
130604 144 
130748 34 
130782 8 
130790 1 
130791 1364 
132155 1 
132156 987 
133143 144 
133287 34 
133321 5 
133326 1 
133327 1557 
134884 144 
135028 55 
135083 21 
135104 3 
135107 1 
135108 610 
135718 144 
135862 34 
135896 13 
135909 3 
135912 377 
136289 34 
136323 8 
136331 3 
136334 1 
136335 144 
136479 55 
136534 55 
136589 21 
136610 1 
136611 89 
136700 13 
136713 5 
136718 1 
136719 377 
137096 144 
137240 21 
137261 2 
137263 1557 
138820 233 
139053 89 
139142 34 
139176 13 
139189 5 
139194 2 
139196 2731 
141927 144 
142071 34 
142105 13 
142118 2 
142120 377 
142497 144 
142641 8 
142649 610 
143259 233 
143492 89 
143581 34 
143615 8 
143623 1 
143624 610 
144234 144 
144378 55 
144433 8 
144441 2 
144443 987 
145430 144 
145574 34 
145608 8 
145616 3 
145619 144 
145763 34 
145797 2 
145799 233 
146032 13 
146045 3 
146048 1 
146049 89 
146138 21 
146159 8 
146167 3 
146170 1 
146171 987 
147158 55 
147213 13 
147226 5 
147231 1 
147232 987 
148219 55 
148274 3 
148277 1 
148278 2523 
150801 3 
150804 1 
150805 55 
150860 5 
150865 2 
150867 987 
151854 144 
151998 55 
152053 3 
152056 1 
152057 21 
152078 5 
152083 89 
152172 8 
152180 3 
152183 610 
152793 89 
152882 34 
152916 8 
152924 3 
152927 1 
152928 233 
153161 89 
153250 21 
153271 5 
153276 233 
153509 89 
153598 34 
153632 5 
153637 144 
153781 34 
153815 1 
153816 377 
154193 34 
154227 5 
154232 1 
154233 233 
154466 8 
154474 3 
154477 1 
154478 144 
154622 55 
154677 21 
154698 5 
154703 3800 
158503 987 
159490 233 
159723 13 
159736 5 
159741 1 
159742 3800 
163542 610 
164152 89 
164241 21 
164262 3800 
168062 987 
169049 144 
169193 55 
169248 8 
169256 3 
169259 1 
169260 987 
170247 233 
170480 21 
170501 8 
170509 3 
170512 1 
170513 377 
170890 144 
171034 55 
171089 8 
171097 2 
171099 377 
171476 89 
171565 34 
171599 13 
171612 3 
171615 233 
171848 34 
171882 1 
171883 34 
171917 1 
171918 377 
172295 144 
172439 21 
172460 8 
172468 3 
172471 144 
172615 8 
172623 2 
172625 233 
172858 21 
172879 5 
172884 377 
173261 144 
173405 1 
173406 1364 
174770 55 
174825 13 
174838 3 
174841 610 
175451 89 
175540 21 
175561 5 
175566 3553 
179119 8 
179127 1 
179128 55 
179183 21 
179204 2167 
181371 89 
181460 34 
181494 13 
181507 5 
181512 610 
182122 233 
182355 13 
182368 3 
182371 377 
182748 89 
182837 13 
182850 5 
182855 3800 
186655 987 
187642 233 
187875 55 
187930 21 
187951 5412 
193363 89 
193452 21 
193473 5 
193478 610 
194088 233 
194321 89 
194410 34 
194444 13 
194457 3 
194460 1 
194461 1557 
196018 34 
196052 13 
196065 610 
196675 55 
196730 3 
196733 233 
196966 34 
197000 1364 
198364 13 
198377 3 
198380 55 
198435 21 
198456 8 
198464 3 
198467 89 
198556 34 
198590 8 
198598 144 
198742 8 
198750 1 
198751 5 
198756 2 
198758 377 
199135 34 
199169 5 
199174 2 
199176 610 
199786 233 
200019 13 
200032 2167 
202199 55 
202254 21 
202275 8 
202283 3 
202286 1 
202287 2167 
204454 34 
204488 13 
204501 3 
204504 2731 
207235 233 
207468 55 
207523 5 
207528 2 
207530 610 
208140 144 
208284 34 
208318 2731 
211049 144 
211193 55 
211248 21 
211269 8 
211277 3 
211280 377 
211657 55 
211712 21 
211733 5 
211738 2 
211740 144 
211884 34 
211918 144 
212062 55 
212117 13 
212130 1 
212131 233 
212364 89 
212453 13 
212466 5 
212471 144 
212615 13 
212628 3 
212631 1 
212632 610 
213242 233 
213475 89 
213564 34 
213598 8 
213606 2 
213608 987 
214595 21 
214616 8 
214624 3 
214627 1 
214628 377 
215005 144 
215149 55 
215204 5 
215209 2 
215211 377 
215588 89 
215677 34 
215711 5 
215716 610 
216326 55 
216381 21 
216402 8 
216410 3 
216413 3485 
219898 13 
219911 5 
219916 2 
219918 2731 
222649 377 
223026 55 
223081 987 
224068 233 
224301 34 
224335 13 
224348 5 
224353 1 
224354 610 
224964 233 
225197 89 
225286 34 
225320 13 
225333 3 
225336 1557 
226893 377 
227270 21 
227291 8 
227299 2 
227301 610 
227911 89 
228000 21 
228021 2 
228023 1364 
229387 55 
229442 21 
229463 5 
229468 987 
230455 233 
230688 55 
230743 13 
230756 3 
230759 1 
230760 1557 
232317 233 
232550 89 
232639 34 
232673 13 
232686 3 
232689 987 
233676 144 
233820 21 
233841 5 
233846 1 
233847 610 
234457 144 
234601 21 
234622 8 
234630 3 
234633 1 
234634 610 
235244 233 
235477 5 
235482 2 
235484 377 
235861 89 
235950 34 
235984 13 
235997 3 
236000 144 
236144 55 
236199 8 
236207 3 
236210 1 
236211 1508 
237719 21 
237740 8 
237748 3 
237751 1 
237752 34 
237786 13 
237799 1 
237800 144 
237944 5 
237949 233 
238182 89 
238271 34 
238305 8 
238313 1 
238314 5 
238319 1 
238320 2167 
240487 144 
240631 55 
240686 3 
240689 1 
240690 2731 
243421 377 
243798 55 
243853 13 
243866 3 
243869 1 
243870 987 
244857 21 
244878 8 
244886 2 
244888 3800 
248688 233 
248921 8 
248929 3 
248932 1 
248933 233 
249166 13 
249179 3 
249182 1 
249183 610 
249793 233 
250026 13 
250039 5 
250044 2 
250046 610 
250656 55 
250711 13 
250724 5 
250729 1 
250730 377 
251107 89 
251196 34 
251230 13 
251243 377 
251620 144 
251764 55 
251819 13 
251832 377 
252209 89 
252298 13 
252311 2731 
255042 233 
255275 55 
255330 1 
255331 89 
255420 21 
255441 5 
255446 377 
255823 21 
255844 8 
255852 3 
255855 377 
256232 34 
256266 8 
256274 3 
256277 1 
256278 2167 
258445 34 
258479 3 
258482 2167 
260649 144 
260793 21 
260814 3 
260817 55 
260872 21 
260893 1 
260894 89 
260983 34 
261017 8 
261025 2 
261027 610 
261637 144 
261781 13 
261794 2 
261796 233 
262029 89 
262118 34 
262152 8 
262160 3 
262163 1 
262164 377 
262541 34 
262575 8 
262583 2 
262585 233 
262818 89 
262907 34 
262941 13 
262954 5 
262959 1 
262960 1557 
264517 89 
264606 34 
264640 13 
264653 3 
264656 144 
264800 55 
264855 21 
264876 8 
264884 2 
264886 377 
265263 144 
265407 55 
265462 8 
265470 377 
265847 89 
265936 5 
265941 1 
265942 987 
266929 89 
267018 34 
267052 3 
267055 1 
267056 610 
267666 55 
267721 21 
267742 2 
267744 1557 
269301 233 
269534 89 
269623 21 
269644 3 
269647 610 
270257 233 
270490 89 
270579 3 
270582 377 
270959 89 
271048 13 
271061 3 
271064 1 
271065 233 
271298 34 
271332 8 
271340 89 
271429 13 
271442 5 
271447 2 
271449 233 
271682 89 
271771 34 
271805 3 
271808 1 
271809 34 
271843 5 
271848 987 
272835 3 
272838 1557 
274395 377 
274772 144 
274916 55 
274971 8 
274979 3 
274982 610 
275592 233 
275825 55 
275880 13 
275893 1 
275894 1557 
277451 21 
277472 5 
277477 2 
277479 377 
277856 89 
277945 3 
277948 1 
277949 610 
278559 144 
278703 34 
278737 13 
278750 2 
278752 89 
278841 8 
278849 1 
278850 144 
278994 55 
279049 2 
279051 2731 
281782 55 
281837 13 
281850 3 
281853 1 
281854 144 
281998 55 
282053 21 
282074 8 
282082 2 
282084 233 
282317 55 
282372 3 
282375 1 
282376 1557 
283933 377 
284310 55 
284365 21 
284386 5 
284391 144 
284535 8 
284543 3 
284546 987 
285533 233 
285766 55 
285821 21 
285842 5 
285847 1 
285848 144 
285992 2 
285994 610 
286604 233 
286837 89 
286926 21 
286947 8 
286955 3 
286958 1 
286959 233 
287192 21 
287213 3 
287216 1557 
288773 377 
289150 89 
289239 13 
289252 610 
289862 89 
289951 21 
289972 8 
289980 2 
289982 1557 
291539 34 
291573 8 
291581 3 
291584 1 
291585 610 
292195 233 
292428 21 
292449 2 
292451 233 
292684 89 
292773 34 
292807 13 
292820 5 
292825 2 
292827 3553 
296380 144 
296524 34 
296558 5 
296563 21 
296584 3 
296587 1 
296588 1557 
298145 377 
298522 89 
298611 34 
298645 13 
298658 5 
298663 1 
298664 3341 
302005 55 
302060 13 
302073 987 
303060 89 
303149 34 
303183 8 
303191 3 
303194 610 
303804 233 
304037 21 
304058 5 
304063 1 
304064 987 
305051 233 
305284 55 
305339 233 
305572 13 
305585 3 
305588 987 
306575 144 
306719 21 
306740 5 
306745 2 
306747 610 
307357 89 
307446 21 
307467 1 
307468 377 
307845 89 
307934 13 
307947 1 
307948 2167 
310115 144 
310259 8 
310267 1 
310268 34 
310302 13 
310315 3 
310318 2731 
313049 377 
313426 89 
313515 34 
313549 5 
313554 377 
313931 89 
314020 13 
314033 2 
314035 89 
314124 1 
314125 144 
314269 34 
314303 3 
314306 1 
314307 610 
314917 21 
314938 5 
314943 1 
314944 3553 
318497 89 
318586 3 
318589 1 
318590 1557 
320147 233 
320380 89 
320469 34 
320503 8 
320511 377 
320888 144 
321032 55 
321087 21 
321108 5 
321113 2 
321115 233 
321348 21 
321369 3 
321372 987 
322359 233 
322592 55 
322647 13 
322660 987 
323647 233 
323880 89 
323969 34 
324003 8 
324011 1 
324012 1557 
325569 377 
325946 144 
326090 55 
326145 21 
326166 1 
326167 34 
326201 8 
326209 3 
326212 1 
326213 377 
326590 55 
326645 13 
326658 610 
327268 144 
327412 55 
327467 21 
327488 3 
327491 2400 
329891 34 
329925 8 
329933 610 
330543 144 
330687 55 
330742 2 
330744 1557 
332301 55 
332356 21 
332377 8 
332385 2 
332387 377 
332764 55 
332819 21 
332840 1 
332841 1508 
334349 21 
334370 610 
334980 233 
335213 55 
335268 13 
335281 5 
335286 1 
335287 987 
336274 144 
336418 55 
336473 5 
336478 2 
336480 610 
337090 34 
337124 5 
337129 2 
337131 1557 
338688 377 
339065 55 
339120 987 
340107 233 
340340 89 
340429 34 
340463 8 
340471 377 
340848 89 
340937 34 
340971 5 
340976 1 
340977 233 
341210 89 
341299 8 
341307 3 
341310 1 
341311 1364 
342675 55 
342730 8 
342738 1 
342739 987 
343726 144 
343870 21 
343891 2 
343893 144 
344037 34 
344071 5 
344076 89 
344165 3 
344168 1557 
345725 5 
345730 1 
345731 377 
346108 55 
346163 13 
346176 3553 
349729 55 
349784 8 
349792 1557 
351349 13 
351362 5 
351367 1 
351368 233 
351601 89 
351690 8 
351698 3 
351701 1 
351702 144 
351846 1 
351847 1557 
353404 144 
353548 21 
353569 8 
353577 3 
353580 1 
353581 3800 
357381 233 
357614 89 
357703 21 
357724 3 
357727 1 
357728 1557 
359285 377 
359662 144 
359806 55 
359861 8 
359869 1 
359870 89 
359959 21 
359980 2 
359982 144 
360126 5 
360131 2 
360133 1557 
361690 144 
361834 21 
361855 3 
361858 987 
362845 89 
362934 3 
362937 1 
362938 987 
363925 233 
364158 55 
364213 21 
364234 8 
364242 3 
364245 1 
364246 233 
364479 89 
364568 21 
364589 5 
364594 21 
364615 1 
364616 987 
365603 144 
365747 55 
365802 13 
365815 5 
365820 2 
365822 1364 
367186 34 
367220 5 
367225 2 
367227 1557 
368784 144 
368928 55 
368983 13 
368996 2 
368998 987 
369985 233 
370218 55 
370273 13 
370286 5 
370291 2 
370293 144 
370437 34 
370471 8 
370479 2 
370481 89 
370570 8 
370578 2 
370580 377 
370957 34 
370991 377 
371368 89 
371457 5 
371462 1 
371463 55 
371518 3 
371521 144 
371665 13 
371678 1 
371679 1557 
373236 233 
373469 34 
373503 13 
373516 1 
373517 89 
373606 34 
373640 13 
373653 5 
373658 1 
373659 987 
374646 233 
374879 89 
374968 13 
374981 1 
374982 610 
375592 144 
375736 55 
375791 21 
375812 3 
375815 377 
376192 89 
376281 34 
376315 13 
376328 144 
376472 5 
376477 1 
376478 233 
376711 89 
376800 8 
376808 3 
376811 1 
376812 1557 
378369 89 
378458 21 
378479 3 
378482 1 
378483 377 
378860 34 
378894 8 
378902 89 
378991 21 
379012 5 
379017 34 
379051 8 
379059 3 
379062 377 
379439 89 
379528 34 
379562 8 
379570 610 
380180 55 
380235 21 
380256 2 
380258 233 
380491 34 
380525 8 
380533 1 
380534 610 
381144 144 
381288 3 
381291 1 
381292 610 
381902 233 
382135 89 
382224 13 
382237 5 
382242 610 
382852 55 
382907 8 
382915 2 
382917 1364 
384281 13 
384294 5 
384299 1 
384300 610 
384910 144 
385054 34 
385088 8 
385096 3 
385099 1 
385100 610 
385710 89 
385799 34 
385833 13 
385846 2 
385848 1557 
387405 55 
387460 8 
387468 1 
387469 2167 
389636 144 
389780 34 
389814 8 
389822 3 
389825 1 
389826 144 
389970 55 
390025 2 
390027 3553 
393580 34 
393614 13 
393627 3 
393630 1 
393631 377 
394008 89 
394097 2 
394099 1557 
395656 233 
395889 89 
395978 34 
396012 8 
396020 233 
396253 13 
396266 5 
396271 377 
396648 55 
396703 3 
396706 8170 
404876 2676 
407552 34 
407586 13 
407599 610 
408209 13 
408222 3 
408225 89 
408314 5 
408319 1 
408320 2731 
411051 377 
411428 5 
411433 2 
411435 377 
411812 55 
411867 21 
411888 3 
411891 233 
412124 55 
412179 13 
412192 1557 
413749 55 
413804 13 
413817 5 
413822 1 
413823 144 
413967 34 
414001 13 
414014 2 
414016 377 
414393 144 
414537 21 
414558 8 
414566 2400 
416966 21 
416987 8 
416995 377 
417372 55 
417427 8 
417435 3 
417438 377 
417815 144 
417959 13 
417972 1 
417973 1557 
419530 233 
419763 8 
419771 3 
419774 1 
419775 377 
420152 34 
420186 13 
420199 3 
420202 1 
420203 377 
420580 144 
420724 5 
420729 2 
420731 377 
421108 89 
421197 34 
421231 13 
421244 5 
421249 610 
421859 55 
421914 3 
421917 233 
422150 13 
422163 2 
422165 377 
422542 34 
422576 5 
422581 1 
422582 2167 
424749 21 
424770 8 
424778 2 
424780 1557 
426337 377 
426714 144 
426858 21 
426879 1 
426880 377 
427257 34 
427291 2 
427293 2731 
430024 377 
430401 21 
430422 8 
430430 2 
430432 89 
430521 8 
430529 3 
430532 1 
430533 89 
430622 5 
430627 2 
430629 610 
431239 233 
431472 89 
431561 34 
431595 13 
431608 3 
431611 1364 
432975 55 
433030 5 
433035 2 
433037 610 
433647 144 
433791 5 
433796 2 
433798 144 
433942 34 
433976 13 
433989 5 
433994 1 
433995 1557 
435552 610 
436162 233 
436395 89 
436484 34 
436518 8 
436526 3 
436529 1 
436530 377 
436907 144 
437051 21 
437072 8 
437080 2 
437082 1557 
438639 233 
438872 89 
438961 34 
438995 3 
438998 233 
439231 34 
439265 1 
439266 233 
439499 89 
439588 34 
439622 8 
439630 2 
439632 233 
439865 55 
439920 21 
439941 8 
439949 2 
439951 233 
440184 55 
440239 21 
440260 3 
440263 1 
440264 233 
440497 21 
440518 3 
440521 1 
440522 987 
441509 89 
441598 13 
441611 2 
441613 377 
441990 89 
442079 13 
442092 3 
442095 610 
442705 233 
442938 8 
442946 377 
443323 89 
443412 2 
443414 144 
443558 3 
443561 610 
444171 233 
444404 89 
444493 13 
444506 1 
444507 987 
445494 89 
445583 3 
445586 987 
446573 21 
446594 5 
446599 2 
446601 987 
447588 89 
447677 34 
447711 13 
447724 3 
447727 233 
447960 89 
448049 13 
448062 3 
448065 987 
449052 233 
449285 89 
449374 34 
449408 13 
449421 5 
449426 1 
449427 2731 
452158 144 
452302 55 
452357 21 
452378 8 
452386 2 
452388 377 
452765 34 
452799 8 
452807 2 
452809 233 
453042 89 
453131 34 
453165 13 
453178 3 
453181 1 
453182 2167 
455349 21 
455370 3 
455373 1 
455374 144 
455518 21 
455539 1 
455540 233 
455773 89 
455862 21 
455883 3 
455886 3800 
459686 377 
460063 144 
460207 55 
460262 13 
460275 3 
460278 1 
460279 34 
460313 5 
460318 1 
460319 233 
460552 55 
460607 21 
460628 3 
460631 144 
460775 21 
460796 5 
460801 1 
460802 13 
460815 21 
460836 377 
461213 34 
461247 8 
461255 2 
461257 610 
461867 144 
462011 13 
462024 3 
462027 233 
462260 55 
462315 13 
462328 5 
462333 2 
462335 55 
462390 21 
462411 1 
462412 610 
463022 144 
463166 34 
463200 13 
463213 5 
463218 1 
463219 987 
464206 233 
464439 55 
464494 13 
464507 3 
464510 1 
464511 377 
464888 144 
465032 2 
465034 89 
465123 34 
465157 3 
465160 1557 
466717 377 
467094 144 
467238 55 
467293 21 
467314 3 
467317 987 
468304 144 
468448 1 
468449 610 
469059 144 
469203 55 
469258 21 
469279 8 
469287 3 
469290 233 
469523 34 
469557 8 
469565 2 
469567 1557 
471124 233 
471357 34 
471391 13 
471404 1 
471405 610 
472015 144 
472159 34 
472193 13 
472206 5 
472211 2 
472213 144 
472357 34 
472391 1 
472392 2676 
475068 21 
475089 1 
475090 377 
475467 34 
475501 13 
475514 55 
475569 5 
475574 1557 
477131 144 
477275 21 
477296 1 
477297 144 
477441 21 
477462 5 
477467 1557 
479024 55 
479079 21 
479100 8 
479108 3 
479111 1 
479112 1364 
480476 89 
480565 34 
480599 34 
480633 2 
480635 233 
480868 55 
480923 5 
480928 1 
480929 2400 
483329 34 
483363 3 
483366 144 
483510 21 
483531 8 
483539 1 
483540 610 
484150 233 
484383 3 
484386 377 
484763 89 
484852 34 
484886 8 
484894 377 
485271 55 
485326 3 
485329 1 
485330 233 
485563 89 
485652 34 
485686 13 
485699 1 
485700 610 
486310 233 
486543 21 
486564 8 
486572 3 
486575 1 
486576 1557 
488133 377 
488510 144 
488654 55 
488709 21 
488730 5 
488735 1 
488736 987 
489723 144 
489867 34 
489901 13 
489914 3 
489917 1 
489918 610 
490528 34 
490562 8 
490570 2 
490572 1557 
492129 377 
492506 55 
492561 3 
492564 1 
492565 144 
492709 13 
492722 610 
493332 233 
493565 8 
493573 1 
493574 610 
494184 21 
494205 8 
494213 3 
494216 2731 
496947 377 
497324 55 
497379 21 
497400 5 
497405 1 
497406 2731 
500137 144 
500281 34 
500315 13 
500328 5 
500333 1 
500334 144 
500478 55 
500533 21 
500554 8 
500562 3 
500565 1 
500566 610 
501176 233 
501409 55 
501464 144 
501608 55 
501663 21 
501684 377 
502061 55 
502116 13 
502129 3 
502132 144 
502276 55 
502331 21 
502352 5 
502357 1 
502358 144 
502502 21 
502523 5 
502528 1 
502529 377 
502906 21 
502927 8 
502935 2 
502937 1557 
504494 144 
504638 55 
504693 13 
504706 5 
504711 1 
504712 233 
504945 21 
504966 8 
504974 1 
504975 1557 
506532 233 
506765 89 
506854 8 
506862 3 
506865 144 
507009 610 
507619 5 
507624 1 
507625 233 
507858 13 
507871 5 
507876 1 
507877 34 
507911 3 
507914 1 
507915 1557 
509472 55 
509527 21 
509548 8 
509556 2 
509558 377 
509935 144 
510079 55 
510134 13 
510147 2731 
512878 377 
513255 89 
513344 13 
513357 1 
513358 233 
513591 89 
513680 34 
513714 13 
513727 5 
513732 2 
513734 1557 
515291 377 
515668 55 
515723 3 
515726 1 
515727 987 
516714 233 
516947 89 
517036 34 
517070 5 
517075 89 
517164 34 
517198 3 
517201 55 
517256 1 
517257 610 
517867 89 
517956 13 
517969 5 
517974 1 
517975 377 
518352 89 
518441 13 
518454 5 
518459 1 
518460 3553 
522013 144 
522157 55 
522212 8 
522220 3 
522223 1 
522224 377 
522601 55 
522656 1 
522657 1364 
524021 5 
524026 2 
524028 3800 
527828 610 
528438 233 
528671 55 
528726 3 
528729 1 
528730 233 
528963 34 
528997 13 
529010 3 
529013 144 
529157 55 
529212 8 
529220 1 
529221 987 
530208 55 
530263 3 
530266 89 
530355 34 
530389 8 
530397 610 
531007 144 
531151 55 
531206 1 
531207 3485 
534692 34 
534726 13 
534739 3 
534742 55 
534797 21 
534818 8 
534826 610 
535436 144 
535580 13 
535593 233 
535826 55 
535881 21 
535902 8 
535910 1 
535911 2532 
538443 89 
538532 13 
538545 5 
538550 55 
538605 21 
538626 8 
538634 3 
538637 1 
538638 610 
539248 233 
539481 13 
539494 2 
539496 1557 
541053 377 
541430 34 
541464 5 
541469 2 
541471 233 
541704 89 
541793 21 
541814 233 
542047 89 
542136 34 
542170 8 
542178 3 
542181 1 
542182 987 
543169 55 
543224 21 
543245 1 
543246 610 
543856 55 
543911 21 
543932 3 
543935 1557 
545492 144 
545636 55 
545691 13 
545704 3 
545707 1 
545708 987 
546695 144 
546839 34 
546873 13 
546886 1 
546887 610 
547497 89 
547586 21 
547607 8 
547615 3 
547618 610 
548228 89 
548317 8 
548325 3 
548328 1 
548329 2731 
551060 377 
551437 34 
551471 3 
551474 1 
551475 144 
551619 55 
551674 13 
551687 3 
551690 610 
552300 89 
552389 34 
552423 2 
552425 1364 
553789 89 
553878 34 
553912 5 
553917 1 
553918 1557 
555475 89 
555564 8 
555572 610 
556182 233 
556415 21 
556436 8 
556444 1 
556445 233 
556678 89 
556767 34 
556801 13 
556814 2 
556816 610 
557426 233 
557659 13 
557672 3 
557675 610 
558285 34 
558319 5 
558324 2 
558326 55 
558381 5 
558386 1 
558387 377 
558764 144 
558908 55 
558963 13 
558976 3 
558979 1 
558980 610 
559590 144 
559734 55 
559789 21 
559810 3 
559813 1 
559814 89 
559903 5 
559908 1 
559909 233 
560142 89 
560231 21 
560252 8 
560260 233 
560493 89 
560582 34 
560616 8 
560624 1 
560625 987 
561612 233 
561845 89 
561934 5 
561939 1 
561940 233 
562173 34 
562207 3 
562210 1 
562211 987 
563198 55 
563253 8 
563261 1 
563262 610 
563872 144 
564016 21 
564037 5 
564042 610 
564652 233 
564885 89 
564974 21 
564995 8 
565003 233 
565236 13 
565249 1364 
566613 13 
566626 3 
566629 1 
566630 610 
567240 89 
567329 21 
567350 8 
567358 3 
567361 34 
567395 13 
567408 5 
567413 2 
567415 377 
567792 5 
567797 1 
567798 610 
568408 89 
568497 34 
568531 5 
568536 1 
568537 144 
568681 34 
568715 8 
568723 3 
568726 1 
568727 233 
568960 89 
569049 34 
569083 8 
569091 987 
570078 5 
570083 1 
570084 55 
570139 13 
570152 5 
570157 2 
570159 89 
570248 21 
570269 3 
570272 610 
570882 144 
571026 55 
571081 5 
571086 1 
571087 610 
571697 89 
571786 13 
571799 233 
572032 55 
572087 8 
572095 3 
572098 1 
572099 1557 
573656 233 
573889 89 
573978 34 
574012 13 
574025 2 
574027 377 
574404 55 
574459 8 
574467 377 
574844 21 
574865 3 
574868 1 
574869 89 
574958 5 
574963 2 
574965 5 
574970 1 
574971 3341 
578312 89 
578401 34 
578435 13 
578448 3 
578451 377 
578828 21 
578849 2731 
581580 377 
581957 144 
582101 13 
582114 5 
582119 1 
582120 610 
582730 144 
582874 13 
582887 5 
582892 1 
582893 610 
583503 13 
583516 1 
583517 1557 
585074 34 
585108 3 
585111 1557 
586668 377 
587045 144 
587189 21 
587210 8 
587218 3 
587221 987 
588208 233 
588441 55 
588496 13 
588509 3 
588512 987 
589499 89 
589588 13 
589601 5 
589606 1 
589607 377 
589984 144 
590128 55 
590183 21 
590204 5 
590209 1557 
591766 34 
591800 13 
591813 1557 
593370 89 
593459 34 
593493 13 
593506 3 
593509 1 
593510 377 
593887 55 
593942 13 
593955 2 
593957 987 
594944 233 
595177 13 
595190 1 
595191 144 
595335 21 
595356 3 
595359 1557 
596916 233 
597149 55 
597204 13 
597217 5 
597222 987 
598209 55 
598264 13 
598277 2 
598279 2400 
600679 34 
600713 5 
600718 987 
601705 55 
601760 13 
601773 5 
601778 2 
601780 377 
602157 21 
602178 8 
602186 55 
602241 2 
602243 3800 
606043 144 
606187 21 
606208 8 
606216 3 
606219 89 
606308 34 
606342 2 
606344 610 
606954 89 
607043 13 
607056 2 
607058 233 
607291 89 
607380 3 
607383 1 
607384 1557 
608941 377 
609318 144 
609462 55 
609517 13 
609530 5 
609535 2676 
612211 21 
612232 8 
612240 2 
612242 377 
612619 144 
612763 55 
612818 21 
612839 1557 
614396 144 
614540 21 
614561 1557 
616118 377 
616495 144 
616639 13 
616652 5 
616657 2 
616659 610 
617269 233 
617502 89 
617591 34 
617625 13 
617638 1 
617639 610 
618249 233 
618482 89 
618571 34 
618605 3 
618608 1 
618609 89 
618698 34 
618732 5 
618737 2 
618739 233 
618972 13 
618985 5 
618990 987 
619977 233 
620210 13 
620223 3 
620226 1 
620227 233 
620460 55 
620515 8 
620523 2 
620525 55 
620580 21 
620601 8 
620609 1 
620610 987 
621597 233 
621830 55 
621885 13 
621898 5 
621903 1557 
623460 233 
623693 55 
623748 21 
623769 8 
623777 3 
623780 1 
623781 233 
624014 21 
624035 233 
624268 55 
624323 21 
624344 8 
624352 1 
624353 89 
624442 21 
624463 610 
625073 55 
625128 21 
625149 2 
625151 1557 
626708 233 
626941 13 
626954 5 
626959 233 
627192 34 
627226 13 
627239 5 
627244 2 
627246 377 
627623 144 
627767 34 
627801 3 
627804 1 
627805 610 
628415 233 
628648 21 
628669 377 
629046 89 
629135 21 
629156 8 
629164 1557 
630721 144 
630865 55 
630920 13 
630933 5 
630938 610 
631548 21 
631569 5 
631574 610 
632184 89 
632273 987 
633260 233 
633493 89 
633582 21 
633603 3 
633606 2 
633608 987 
634595 144 
634739 21 
634760 8 
634768 1 
634769 377 
635146 89 
635235 21 
635256 5 
635261 1 
635262 144 
635406 55 
635461 3 
635464 1 
635465 89 
635554 21 
635575 3 
635578 1557 
637135 233 
637368 55 
637423 21 
637444 8 
637452 987 
638439 144 
638583 8 
638591 3 
638594 610 
639204 55 
639259 8 
639267 3 
639270 1 
639271 377 
639648 55 
639703 21 
639724 8 
639732 3 
639735 1 
639736 1557 
641293 34 
641327 5 
641332 2 
641334 144 
641478 55 
641533 13 
641546 5 
641551 1 
641552 987 
642539 55 
642594 8 
642602 3 
642605 1 
642606 233 
642839 34 
642873 5 
642878 2 
642880 8 
642888 3 
642891 1 
642892 610 
643502 34 
643536 13 
643549 987 
644536 233 
644769 55 
644824 13 
644837 3800 
648637 233 
648870 2 
648872 377 
649249 144 
649393 34 
649427 13 
649440 5 
649445 2 
649447 2 
649449 144 
649593 34 
649627 3 
649630 987 
650617 144 
650761 3 
650764 1 
650765 233 
650998 34 
651032 2489 
653521 13 
653534 1 
653535 3553 
657088 144 
657232 21 
657253 8 
657261 2676 
659937 34 
659971 1 
659972 377 
660349 34 
660383 8 
660391 3 
660394 55 
660449 5 
660454 233 
660687 55 
660742 21 
660763 8 
660771 3 
660774 610 
661384 233 
661617 34 
661651 13 
661664 377 
662041 89 
662130 13 
662143 1557 
663700 233 
663933 55 
663988 8 
663996 1 
663997 610 
664607 55 
664662 13 
664675 1 
664676 55 
664731 21 
664752 89 
664841 21 
664862 2 
664864 987 
665851 233 
666084 89 
666173 34 
666207 8 
666215 1 
666216 987 
667203 233 
667436 89 
667525 34 
667559 1 
667560 233 
667793 55 
667848 21 
667869 233 
668102 34 
668136 13 
668149 3 
668152 1 
668153 987 
669140 233 
669373 89 
669462 34 
669496 13 
669509 1 
669510 610 
670120 34 
670154 5 
670159 377 
670536 144 
670680 34 
670714 8 
670722 2 
670724 233 
670957 21 
670978 610 
671588 55 
671643 21 
671664 5 
671669 1364 
673033 34 
673067 13 
673080 1557 
674637 55 
674692 21 
674713 8 
674721 1557 
676278 377 
676655 55 
676710 21 
676731 89 
676820 3 
676823 610 
677433 89 
677522 21 
677543 8 
677551 1 
677552 3800 
681352 987 
682339 55 
682394 5 
682399 2 
682401 3553 
685954 55 
686009 1 
686010 1364 
687374 89 
687463 8 
687471 3 
687474 987 
688461 89 
688550 34 
688584 8 
688592 610 
689202 89 
689291 21 
689312 2 
689314 610 
689924 233 
690157 89 
690246 13 
690259 3 
690262 1 
690263 610 
690873 55 
690928 8 
690936 2 
690938 377 
691315 144 
691459 13 
691472 5 
691477 3800 
695277 377 
695654 144 
695798 21 
695819 8 
695827 3 
695830 1557 
697387 144 
697531 21 
697552 3 
697555 1 
697556 377 
697933 55 
697988 21 
698009 8 
698017 610 
698627 89 
698716 21 
698737 3 
698740 1 
698741 610 
699351 144 
699495 55 
699550 13 
699563 3 
699566 987 
700553 55 
700608 1557 
702165 377 
702542 144 
702686 55 
702741 21 
702762 8 
702770 2 
702772 2731 
705503 144 
705647 34 
705681 13 
705694 5 
705699 1 
705700 377 
706077 144 
706221 13 
706234 1 
706235 987 
707222 233 
707455 21 
707476 8 
707484 89 
707573 21 
707594 3 
707597 21 
707618 3 
707621 1 
707622 233 
707855 89 
707944 34 
707978 8 
707986 1 
707987 610 
708597 55 
708652 13 
708665 5 
708670 1 
708671 89 
708760 5 
708765 2 
708767 1557 
710324 377 
710701 89 
710790 34 
710824 13 
710837 5 
710842 2 
710844 1542 
712386 3 
712389 1 
712390 1557 
713947 233 
714180 55 
714235 21 
714256 8 
714264 3 
714267 144 
714411 34 
714445 8 
714453 3 
714456 144 
714600 55 
714655 3 
714658 1 
714659 2400 
717059 21 
717080 8 
717088 377 
717465 21 
717486 8 
717494 3 
717497 610 
718107 233 
718340 55 
718395 21 
718416 8 
718424 3 
718427 1 
718428 89 
718517 34 
718551 2167 
720718 55 
720773 13 
720786 5 
720791 377 
721168 55 
721223 21 
721244 5 
721249 2 
721251 144 
721395 55 
721450 13 
721463 2 
721465 610 
722075 89 
722164 13 
722177 1 
722178 377 
722555 1 
722556 144 
722700 55 
722755 8 
722763 34 
722797 8 
722805 1 
722806 610 
723416 233 
723649 21 
723670 89 
723759 13 
723772 3 
723775 1 
723776 377 
724153 55 
724208 21 
724229 5 
724234 1 
724235 610 
724845 89 
724934 34 
724968 13 
724981 5 
724986 55 
725041 13 
725054 3 
725057 1 
725058 1364 
726422 55 
726477 5 
726482 1 
726483 144 
726627 34 
726661 8 
726669 2 
726671 1364 
728035 55 
728090 13 
728103 144 
728247 21 
728268 5 
728273 987 
729260 21 
729281 987 
730268 89 
730357 21 
730378 1 
730379 377 
730756 89 
730845 21 
730866 8 
730874 3 
730877 233 
731110 89 
731199 5 
731204 1 
731205 610 
731815 144 
731959 34 
731993 5 
731998 2 
732000 34 
732034 13 
732047 3 
732050 233 
732283 89 
732372 34 
732406 13 
732419 3 
732422 377 
732799 144 
732943 55 
732998 3 
733001 21 
733022 5 
733027 610 
733637 233 
733870 55 
733925 21 
733946 5 
733951 987 
734938 233 
735171 34 
735205 8 
735213 233 
735446 89 
735535 21 
735556 5 
735561 1 
735562 610 
736172 233 
736405 89 
736494 34 
736528 5 
736533 2 
736535 987 
737522 89 
737611 34 
737645 13 
737658 1 
737659 2731 
740390 233 
740623 5 
740628 1 
740629 987 
741616 55 
741671 8 
741679 1 
741680 610 
742290 144 
742434 55 
742489 21 
742510 5 
742515 34 
742549 5 
742554 1 
742555 144 
742699 21 
742720 89 
742809 13 
742822 5 
742827 1 
742828 987 
743815 55 
743870 3 
743873 610 
744483 89 
744572 21 
744593 2 
744595 610 
745205 34 
745239 3 
745242 1 
745243 2532 
747775 55 
747830 13 
747843 5 
747848 377 
748225 21 
748246 5 
748251 2 
748253 987 
749240 5 
749245 8 
749253 1 
749254 610 
749864 233 
750097 13 
750110 1 
750111 89 
750200 21 
750221 8 
750229 1 
750230 233 
750463 89 
750552 34 
750586 8 
750594 2 
750596 377 
750973 144 
751117 13 
751130 3 
751133 233 
751366 55 
751421 5 
751426 2 
751428 144 
751572 34 
751606 8 
751614 987 
752601 233 
752834 89 
752923 5 
752928 1 
752929 1364 
754293 55 
754348 13 
754361 1 
754362 1364 
755726 89 
755815 34 
755849 13 
755862 3 
755865 1 
755866 2400 
758266 34 
758300 8 
758308 144 
758452 34 
758486 1 
758487 55 
758542 21 
758563 3 
758566 55 
758621 13 
758634 3 
758637 1 
758638 1557 
760195 233 
760428 21 
760449 8 
760457 1557 
762014 144 
762158 55 
762213 233 
762446 55 
762501 5 
762506 1 
762507 610 
763117 233 
763350 13 
763363 377 
763740 34 
763774 1557 
765331 21 
765352 8 
765360 21 
765381 8 
765389 3 
765392 1 
765393 233 
765626 34 
765660 13 
765673 5 
765678 1 
765679 2731 
768410 144 
768554 13 
768567 5 
768572 2 
768574 2532 
771106 55 
771161 21 
771182 1 
771183 377 
771560 144 
771704 21 
771725 8 
771733 1 
771734 21 
771755 8 
771763 3 
771766 987 
772753 233 
772986 34 
773020 13 
773033 3 
773036 1 
773037 377 
773414 21 
773435 5 
773440 377 
773817 21 
773838 233 
774071 34 
774105 5 
774110 1 
774111 1557 
775668 233 
775901 55 
775956 21 
775977 2 
775979 233 
776212 55 
776267 8 
776275 377 
776652 89 
776741 8 
776749 144 
776893 21 
776914 8 
776922 1 
776923 1557 
778480 34 
778514 13 
778527 5 
778532 89 
778621 21 
778642 3 
778645 1 
778646 144 
778790 55 
778845 21 
778866 5 
778871 1364 
780235 55 
780290 21 
780311 8 
780319 21 
780340 5 
780345 2 
780347 34 
780381 3 
780384 2167 
782551 1 
782552 377 
782929 21 
782950 5 
782955 1 
782956 987 
783943 89 
784032 34 
784066 13 
784079 89 
784168 13 
784181 1 
784182 233 
784415 89 
784504 34 
784538 8 
784546 2 
784548 987 
785535 144 
785679 13 
785692 5 
785697 1 
785698 1557 
787255 377 
787632 144 
787776 34 
787810 8 
787818 3 
787821 144 
787965 34 
787999 8 
788007 2489 
790496 21 
790517 8 
790525 1 
790526 1364 
791890 55 
791945 8 
791953 144 
792097 13 
792110 3 
792113 1 
792114 987 
793101 233 
793334 13 
793347 3 
793350 1 
793351 987 
794338 89 
794427 34 
794461 3 
794464 233 
794697 34 
794731 13 
794744 1 
794745 233 
794978 34 
795012 3 
795015 34 
795049 2 
795051 610 
795661 89 
795750 5 
795755 1 
795756 610 
796366 233 
796599 55 
796654 13 
796667 3 
796670 1557 
798227 233 
798460 5 
798465 987 
799452 233 
799685 55 
799740 21 
799761 3 
799764 1 
799765 144 
799909 34 
799943 3 
799946 610 
800556 233 
800789 8 
800797 3 
800800 987 
801787 233 
802020 34 
802054 3 
802057 233 
802290 34 
802324 13 
802337 5 
802342 233 
802575 89 
802664 8 
802672 3 
802675 987 
803662 8 
803670 377 
804047 144 
804191 34 
804225 5 
804230 2731 
806961 377 
807338 89 
807427 1 
807428 1557 
808985 377 
809362 144 
809506 13 
809519 3 
809522 233 
809755 89 
809844 13 
809857 144 
810001 34 
810035 1 
810036 144 
810180 21 
810201 3 
810204 1 
810205 377 
810582 144 
810726 55 
810781 13 
810794 5 
810799 610 
811409 233 
811642 89 
811731 34 
811765 13 
811778 3 
811781 610 
812391 233 
812624 55 
812679 13 
812692 2 
812694 377 
813071 55 
813126 13 
813139 1 
813140 610 
813750 8 
813758 2 
813760 3800 
817560 987 
818547 144 
818691 55 
818746 8 
818754 2 
818756 233 
818989 55 
819044 21 
819065 5 
819070 1 
819071 610 
819681 34 
819715 13 
819728 3 
819731 233 
819964 34 
819998 13 
820011 5 
820016 377 
820393 55 
820448 5 
820453 1 
820454 1557 
822011 233 
822244 55 
822299 21 
822320 8 
822328 3 
822331 377 
822708 55 
822763 13 
822776 5 
822781 2 
822783 89 
822872 34 
822906 5 
822911 1 
822912 377 
823289 21 
823310 8 
823318 610 
823928 144 
824072 34 
824106 13 
824119 1 
824120 89 
824209 34 
824243 5 
824248 2 
824250 1557 
825807 233 
826040 21 
826061 3 
826064 233 
826297 8 
826305 3 
826308 1 
826309 377 
826686 144 
826830 55 
826885 21 
826906 8 
826914 1 
826915 144 
827059 34 
827093 3 
827096 2167 
829263 55 
829318 5 
829323 1 
829324 987 
830311 233 
830544 34 
830578 13 
830591 3 
830594 1 
830595 233 
830828 89 
830917 34 
830951 13 
830964 3 
830967 1 
830968 233 
831201 89 
831290 21 
831311 5 
831316 1 
831317 1364 
832681 55 
832736 1 
832737 233 
832970 89 
833059 34 
833093 13 
833106 3 
833109 1 
833110 233 
833343 34 
833377 13 
833390 1557 
834947 233 
835180 89 
835269 3 
835272 1 
835273 987 
836260 233 
836493 89 
836582 34 
836616 5 
836621 2 
836623 610 
837233 144 
837377 34 
837411 377 
837788 89 
837877 8 
837885 377 
838262 144 
838406 34 
838440 13 
838453 3 
838456 1 
838457 34 
838491 8 
838499 1 
838500 987 
839487 233 
839720 8 
839728 3 
839731 1 
839732 144 
839876 34 
839910 3 
839913 1 
839914 1364 
841278 55 
841333 8 
841341 377 
841718 34 
841752 1508 
843260 610 
843870 89 
843959 1557 
845516 55 
845571 8 
845579 1 
845580 144 
845724 8 
845732 3 
845735 1 
845736 1557 
847293 377 
847670 21 
847691 8 
847699 3 
847702 1 
847703 21 
847724 3 
847727 1 
847728 1542 
849270 8 
849278 610 
849888 144 
850032 21 
850053 3 
850056 2731 
852787 34 
852821 5 
852826 2 
852828 987 
853815 233 
854048 34 
854082 13 
854095 1 
854096 21 
854117 5 
854122 233 
854355 89 
854444 8 
854452 1 
854453 1557 
856010 233 
856243 55 
856298 13 
856311 987 
857298 89 
857387 34 
857421 8 
857429 3 
857432 89 
857521 34 
857555 13 
857568 5 
857573 377 
857950 34 
857984 13 
857997 5 
858002 2 
858004 1557 
859561 377 
859938 144 
860082 55 
860137 2 
860139 377 
860516 144 
860660 55 
860715 3 
860718 1557 
862275 144 
862419 21 
862440 3 
862443 1 
862444 377 
862821 144 
862965 55 
863020 8 
863028 3 
863031 987 
864018 89 
864107 13 
864120 5 
864125 1 
864126 21 
864147 5 
864152 1 
864153 55 
864208 13 
864221 5 
864226 144 
864370 55 
864425 8 
864433 2 
864435 610 
865045 233 
865278 55 
865333 21 
865354 3 
865357 610 
865967 89 
866056 21 
866077 5 
866082 2 
866084 233 
866317 21 
866338 377 
866715 89 
866804 2 
866806 89 
866895 8 
866903 3 
866906 1 
866907 233 
867140 89 
867229 34 
867263 987 
868250 89 
868339 21 
868360 8 
868368 2 
868370 1557 
869927 377 
870304 55 
870359 13 
870372 1 
870373 2532 
872905 21 
872926 2 
872928 610 
873538 21 
873559 2 
873561 3800 
877361 610 
877971 233 
878204 89 
878293 21 
878314 3 
878317 1 
878318 34 
878352 5 
878357 2167 
880524 89 
880613 21 
880634 8 
880642 2 
880644 377 
881021 144 
881165 13 
881178 3 
881181 1 
881182 377 
881559 21 
881580 55 
881635 5 
881640 1 
881641 233 
881874 21 
881895 3 
881898 1 
881899 610 
882509 144 
882653 55 
882708 1 
882709 233 
882942 13 
882955 5 
882960 1 
882961 610 
883571 144 
883715 34 
883749 8 
883757 987 
884744 21 
884765 8 
884773 21 
884794 5 
884799 1 
884800 34 
884834 5 
884839 2167 
887006 144 
887150 55 
887205 21 
887226 1 
887227 1557 
888784 377 
889161 89 
889250 34 
889284 13 
889297 3 
889300 2731 
892031 377 
892408 2 
892410 1364 
893774 89 
893863 8 
893871 3 
893874 34 
893908 13 
893921 5 
893926 2 
893928 233 
894161 89 
894250 8 
894258 3 
894261 144 
894405 55 
894460 13 
894473 5 
894478 1364 
895842 89 
895931 13 
895944 1542 
897486 8 
897494 3 
897497 610 
898107 233 
898340 89 
898429 21 
898450 8 
898458 3 
898461 233 
898694 13 
898707 3 
898710 1 
898711 21 
898732 2 
898734 144 
898878 55 
898933 21 
898954 3 
898957 3800 
902757 987 
903744 89 
903833 34 
903867 13 
903880 5 
903885 34 
903919 8 
903927 3 
903930 987 
904917 233 
905150 34 
905184 13 
905197 3 
905200 233 
905433 89 
905522 13 
905535 3 
905538 1 
905539 610 
906149 144 
906293 3 
906296 610 
906906 34 
906940 8 
906948 3 
906951 1364 
908315 89 
908404 21 
908425 8 
908433 1557 
909990 233 
910223 55 
910278 8 
910286 2 
910288 1557 
911845 233 
912078 55 
912133 21 
912154 5 
912159 1 
912160 233 
912393 89 
912482 8 
912490 55 
912545 21 
912566 5 
912571 2 
912573 610 
913183 34 
913217 13 
913230 1 
913231 3800 
917031 610 
917641 233 
917874 89 
917963 34 
917997 8 
918005 2 
918007 1557 
919564 377 
919941 21 
919962 8 
919970 3 
919973 1 
919974 34 
920008 13 
920021 5 
920026 1364 
921390 21 
921411 5 
921416 1 
921417 377 
921794 89 
921883 34 
921917 5 
921922 1 
921923 377 
922300 89 
922389 21 
922410 8 
922418 987 
923405 21 
923426 8 
923434 2 
923436 1364 
924800 55 
924855 21 
924876 8 
924884 3 
924887 1 
924888 55 
924943 21 
924964 233 
925197 55 
925252 13 
925265 3 
925268 3553 
928821 89 
928910 21 
928931 8 
928939 1 
928940 610 
929550 89 
929639 3 
929642 987 
930629 55 
930684 13 
930697 5 
930702 377 
931079 89 
931168 34 
931202 13 
931215 2 
931217 610 
931827 89 
931916 13 
931929 1 
931930 377 
932307 55 
932362 21 
932383 8 
932391 3 
932394 1 
932395 2731 
935126 144 
935270 5 
935275 1 
935276 2532 
937808 34 
937842 13 
937855 1 
937856 987 
938843 34 
938877 13 
938890 5 
938895 1 
938896 89 
938985 34 
939019 3 
939022 610 
939632 89 
939721 34 
939755 8 
939763 3 
939766 1 
939767 987 
940754 8 
940762 1 
940763 610 
941373 144 
941517 13 
941530 5 
941535 610 
942145 89 
942234 21 
942255 5 
942260 1364 
943624 3 
943627 233 
943860 89 
943949 34 
943983 2 
943985 13 
943998 2 
944000 144 
944144 34 
944178 13 
944191 5 
944196 610 
944806 233 
945039 89 
945128 5 
945133 2 
945135 34 
945169 13 
945182 3 
945185 89 
945274 8 
945282 2 
945284 55 
945339 8 
945347 1 
945348 21 
945369 5 
945374 1 
945375 1557 
946932 377 
947309 21 
947330 8 
947338 3 
947341 1 
947342 144 
947486 55 
947541 21 
947562 5 
947567 1557 
949124 377 
949501 144 
949645 55 
949700 21 
949721 5 
949726 1 
949727 987 
950714 233 
950947 55 
951002 8 
951010 2 
951012 1557 
952569 377 
952946 34 
952980 13 
952993 1557 
954550 377 
954927 55 
954982 21 
955003 5 
955008 2 
955010 1364 
956374 55 
956429 21 
956450 8 
956458 2 
956460 21 
956481 5 
956486 2 
956488 610 
957098 21 
957119 5 
957124 2 
957126 377 
957503 89 
957592 1 
957593 144 
957737 55 
957792 21 
957813 3 
957816 233 
958049 89 
958138 21 
958159 8 
958167 233 
958400 34 
958434 5 
958439 1 
958440 1557 
959997 55 
960052 8 
960060 2 
960062 34 
960096 13 
960109 5 
960114 1 
960115 1557 
961672 233 
961905 89 
961994 13 
962007 2 
962009 610 
962619 233 
962852 21 
962873 3 
962876 987 
963863 13 
963876 1 
963877 377 
964254 89 
964343 34 
964377 1 
964378 610 
964988 55 
965043 21 
965064 2 
965066 233 
965299 55 
965354 13 
965367 5 
965372 1 
965373 987 
966360 233 
966593 89 
966682 3 
966685 2676 
969361 21 
969382 3341 
972723 89 
972812 21 
972833 8 
972841 1 
972842 144 
972986 21 
973007 3800 
976807 610 
977417 34 
977451 13 
977464 5 
977469 2 
977471 987 
978458 233 
978691 13 
978704 2 
978706 377 
979083 89 
979172 13 
979185 5 
979190 2 
979192 1508 
980700 21 
980721 8 
980729 13 
980742 3 
980745 2400 
983145 34 
983179 8 
983187 1 
983188 1557 
984745 89 
984834 3 
984837 1 
984838 610 
985448 233 
985681 34 
985715 13 
985728 1 
985729 610 
986339 21 
986360 1 
986361 377 
986738 89 
986827 34 
986861 13 
986874 5 
986879 1 
986880 1557 
988437 377 
988814 89 
988903 13 
988916 2 
988918 987 
989905 233 
990138 89 
990227 34 
990261 3800 
994061 377 
994438 144 
994582 55 
994637 21 
994658 55 
994713 13 
994726 5 
994731 89 
994820 13 
994833 5 
994838 233 
995071 8 
995079 3 
995082 1 
995083 610 
995693 55 
995748 8 
995756 1 
995757 34 
995791 610 
996401 233 
996634 89 
996723 34 
996757 1 
996758 1364 
998122 89 
998211 34 
998245 5 
998250 1 
998251 610 
998861 233 
999094 21 
999115 2 
