4701
1 1 
2 1 
3 1 
4 3 
7 1 
8 3 
11 8 
19 3 
22 11 
33 22 
55 11 
66 2 
68 1 
69 68 
137 2 
139 19 
158 1 
159 11 
170 8 
178 33 
211 11 
222 4 
226 1 
227 159 
386 68 
454 1 
455 170 
625 8 
633 625 
1258 11 
1269 55 
1324 3 
1327 2 
1329 66 
1395 1 
1396 69 
1465 22 
1487 1 
1488 2 
1490 69 
1559 633 
2192 227 
2419 69 
2488 22 
2510 4 
2514 2 
2516 139 
2655 3 
2658 7 
2665 227 
2892 69 
2961 8 
2969 2 
2971 633 
3604 386 
3990 55 
4045 8 
4053 1 
4054 1559 
5613 1 
5614 455 
6069 2514 
8583 1 
8584 1 
8585 1324 
9909 2 
9911 69 
9980 158 
10138 6069 
16207 633 
16840 227 
17067 69 
17136 33 
17169 625 
17794 633 
18427 159 
18586 4054 
22640 633 
23273 69 
23342 66 
23408 633 
24041 455 
24496 159 
24655 8585 
33240 69 
33309 8 
33317 2 
33319 178 
33497 455 
33952 2 
33954 159 
34113 8 
34121 1 
34122 8585 
42707 633 
43340 455 
43795 68 
43863 10138 
54001 4054 
58055 69 
58124 22 
58146 4 
58150 2 
58152 69 
58221 6069 
64290 2419 
66709 22 
66731 4 
66735 1 
66736 8585 
75321 24655 
99976 633 
100609 227 
100836 22 
100858 159 
101017 33952 
134969 1269 
136238 34122 
170360 5614 
175974 178 
176152 22 
176174 4 
176178 1 
176179 9980 
186159 43863 
230022 6069 
236091 633 
236724 455 
237179 69 
237248 7 
237255 33954 
271209 136238 
407447 10138 
417585 5614 
423199 211 
423410 4 
423414 2 
423416 33497 
456913 386 
457299 66 
457365 1 
457366 33497 
490863 6069 
496932 271209 
768141 101017 
869158 10138 
879296 1465 
880761 19 
880780 2 
880782 8585 
889367 24655 
914022 69 
914091 8 
914099 2 
914101 170 
914271 5614 
919885 227 
920112 55 
920167 3 
920170 24655 
944825 2971 
947796 386 
948182 33 
948215 8 
948223 2 
948225 100858 
1049083 43863 
1092946 170 
1093116 159 
1093275 2 
1093277 186159 
1279436 496932 
1776368 75321 
1851689 16207 
1867896 455 
1868351 33 
1868384 11 
1868395 271209 
2139604 2516 
2142120 69 
2142189 8 
2142197 2 
2142199 43863 
2186062 227 
2186289 69 
2186358 33 
2186391 2 
2186393 101017 
2287410 4054 
2291464 227 
2291691 69 
2291760 33 
2291793 11 
2291804 7 
2291811 137 
2291948 1279436 
3571384 457366 
4028750 24655 
4053405 633 
4054038 455 
4054493 69 
4054562 55 
4054617 8 
4054625 2 
4054627 2291811 
6346438 5613 
6352051 271209 
6623260 237255 
6860515 34122 
6894637 24041 
6918678 55 
6918733 3 
6918736 496932 
7415668 24655 
7440323 4054 
7444377 455 
7444832 159 
7444991 4 
7444995 2 
7444997 1092946 
8537943 5613 
8543556 633 
8544189 4054627 
12598816 1279436 
13878252 457366 
14335618 24655 
14360273 2971 
14363244 455 
14363699 33 
14363732 1 
14363733 1396 
14365129 3 
14365132 55 
14365187 8 
14365195 2139604 
16504799 633 
16505432 455 
16505887 33 
16505920 11 
16505931 1 
16505932 8544189 
25050121 625 
25050746 271209 
25321955 3571384 
28893339 186159 
29079498 24655 
29104153 455 
29104608 139 
29104747 1 
29104748 5614 
29110362 1258 
29111620 186159 
29297779 22 
29297801 1 
29297802 7444995 
36742797 1 
36742798 8585 
36751383 1258 
36752641 12598816 
49351457 948225 
50299682 66736 
50366418 6069 
50372487 211 
50372698 3 
50372701 633 
50373334 1269 
50374603 7444997 
57819600 271209 
58090809 101017 
58191826 23273 
58215099 11 
58215110 16505932 
74721042 4054627 
78775669 496932 
79272601 186159 
79458760 18586 
79477346 633 
79477979 69 
79478048 33 
79478081 1 
79478082 186159 
79664241 6069 
79670310 633 
79670943 178 
79671121 11 
79671132 4 
79671136 914101 
80585237 25050121 
105635358 2665 
105638023 1868395 
107506418 1868395 
109374813 170360 
109545173 2516 
109547689 69 
109547758 1 
109547759 4054627 
113602386 1093277 
114695663 101017 
114796680 4054 
114800734 227 
114800961 69 
114801030 33 
114801063 11 
114801074 7 
114801081 17169 
114818250 18586 
114836836 4054627 
118891463 1093277 
119984740 16840 
120001580 170 
120001750 4 
120001754 2 
120001756 1329 
120003085 23273 
120026358 33 
120026391 19 
120026410 1 
120026411 1049083 
121075494 18586 
121094080 2192 
121096272 69 
121096341 19 
121096360 2 
121096362 17794 
121114156 457366 
121571522 10138 
121581660 4054 
121585714 1490 
121587204 19 
121587223 2 
121587225 17794 
121605019 186159 
121791178 1093277 
122884455 75321 
122959776 2971 
122962747 455 
122963202 55 
122963257 8 
122963265 2 
122963267 3571384 
126534651 271209 
126805860 75321 
126881181 16207 
126897388 227 
126897615 69 
126897684 33 
126897717 4 
126897721 1 
126897722 4054 
126901776 7444997 
134346773 43863 
134390636 633 
134391269 227 
134391496 33 
134391529 11 
134391540 3 
134391543 2665 
134394208 23408 
134417616 4054627 
138472243 1279436 
139751679 101017 
139852696 10138 
139862834 4054 
139866888 1465 
139868353 11 
139868364 7 
139868371 4028750 
143897121 8585 
143905706 69 
143905775 33 
143905808 19 
143905827 2 
143905829 8 
143905837 1093277 
144999114 75321 
145074435 2665 
145077100 55 
145077155 2 
145077157 880782 
145957939 1490 
145959429 54001 
146013430 2665 
146016095 55 
146016150 8 
146016158 2 
146016160 948225 
146964385 75321 
147039706 10138 
147049844 633 
147050477 386 
147050863 22 
147050885 170 
147051055 4028750 
151079805 8585 
151088390 455 
151088845 69 
151088914 55 
151088969 8 
151088977 2 
151088979 920170 
152009149 69 
152009218 2516 
152011734 139 
152011873 3 
152011876 496932 
152508808 10138 
152518946 2971 
152521917 227 
152522144 8 
152522152 2 
152522154 176179 
152698333 6623260 
159321593 101017 
159422610 18586 
159441196 2971 
159444167 159 
159444326 3 
159444329 186159 
159630488 1559 
159632047 455 
159632502 33 
159632535 496932 
160129467 186159 
160315626 42707 
160358333 69 
160358402 22 
160358424 4 
160358428 2 
160358430 1868395 
162226825 237255 
162464080 1269 
162465349 11 
162465360 1 
162465361 9980 
162475341 948225 
163423566 75321 
163498887 69 
163498956 880782 
164379738 768141 
165147879 24655 
165172534 2971 
165175505 178 
165175683 1 
165175684 271209 
165446893 6069 
165452962 633 
165453595 455 
165454050 55 
165454105 3 
165454108 58152 
165512260 271209 
165783469 6069 
165789538 1329 
165790867 33 
165790900 4 
165790904 496932 
166287836 101017 
166388853 10138 
166398991 2516 
166401507 69 
166401576 33 
166401609 11 
166401620 7 
166401627 386 
166402013 43863 
166445876 8585 
166454461 633 
166455094 22 
166455116 4 
166455120 1093277 
167548397 101017 
167649414 8585 
167657999 1269 
167659268 22 
167659290 8 
167659298 1 
167659299 948225 
168607524 33954 
168641478 33 
168641511 2 
168641513 10138 
168651651 2291948 
170943599 496932 
171440531 136238 
171576769 24655 
171601424 1559 
171602983 33 
171603016 8 
171603024 2291948 
173894972 271209 
174166181 18586 
174184767 2665 
174187432 69 
174187501 11 
174187512 7 
174187519 1868395 
176055914 136238 
176192152 10138 
176202290 633 
176202923 455 
176203378 69 
176203447 33 
176203480 8 
176203488 2186393 
178389881 2516 
178392397 1092946 
179485343 1093277 
180578620 66736 
180645356 2971 
180648327 227 
180648554 69 
180648623 4 
180648627 457366 
181105993 10138 
181116131 455 
181116586 33 
181116619 4 
181116623 1 
181116624 1868395 
182985019 18586 
183003605 2971 
183006576 69 
183006645 55 
183006700 8 
183006708 914271 
183920979 43863 
183964842 455 
183965297 423416 
184388713 33319 
184422032 170 
184422202 4 
184422206 2 
184422208 271209 
184693417 43863 
184737280 4054 
184741334 69 
184741403 22 
184741425 4 
184741429 2 
184741431 2 
184741433 3571384 
188312817 423416 
188736233 10138 
188746371 5614 
188751985 22 
188752007 8 
188752015 1 
188752016 1279436 
190031452 101017 
190132469 455 
190132924 69 
190132993 3 
190132996 386 
190133382 1279436 
191412818 186159 
191598977 2971 
191601948 948225 
192550173 880782 
193430955 2291948 
195722903 496932 
196219835 136238 
196356073 33319 
196389392 69 
196389461 33 
196389494 23408 
196412902 1868395 
198281297 186159 
198467456 24655 
198492111 4054 
198496165 386 
198496551 33 
198496584 1 
198496585 24655 
198521240 237255 
198758495 24655 
198783150 4054 
198787204 178 
198787382 19 
198787401 2 
198787403 1279436 
200066839 271209 
200338048 101017 
200439065 24655 
200463720 6069 
200469789 1396 
200471185 33 
200471218 11 
200471229 1279436 
201750665 271209 
202021874 75321 
202097195 23408 
202120603 455 
202121058 22 
202121080 4 
202121084 2 
202121086 455 
202121541 33497 
202155038 66736 
202221774 178 
202221952 11 
202221963 1 
202221964 1279436 
203501400 457366 
203958766 24655 
203983421 5614 
203989035 227 
203989262 69 
203989331 11 
203989342 2291948 
206281290 136238 
206417528 18586 
206436114 2419 
206438533 33 
206438566 11 
206438577 2 
206438579 186159 
206624738 10138 
206634876 4045 
206638921 7 
206638928 1868395 
208507323 237255 
208744578 33497 
208778075 222 
208778297 1 
208778298 948225 
209726523 17169 
209743692 455 
209744147 11 
209744158 4 
209744162 1 
209744163 101017 
209845180 768141 
210613321 43863 
210657184 6069 
210663253 633 
210663886 455 
210664341 159 
210664500 3 
210664503 496932 
211161435 490863 
211652298 2291948 
213944246 136238 
214080484 2971 
214083455 455 
214083910 11 
214083921 4 
214083925 33 
214083958 33 
214083991 3571384 
217655375 186159 
217841534 18586 
217860120 2192 
217862312 66 
217862378 101017 
217963395 2291948 
220255343 186159 
220441502 10138 
220451640 4054 
220455694 455 
220456149 69 
220456218 55 
220456273 186159 
220642432 18586 
220661018 2665 
220663683 69 
220663752 22 
220663774 3 
220663777 271209 
220934986 66736 
221001722 633 
221002355 227 
221002582 69 
221002651 8 
221002659 2 
221002661 43863 
221046524 101017 
221147541 625 
221148166 4054627 
225202793 768141 
225970934 43863 
226014797 2665 
226017462 22 
226017484 8 
226017492 1 
226017493 1093277 
227110770 136238 
227247008 24655 
227271663 633 
227272296 386 
227272682 22 
227272704 4 
227272708 2 
227272710 1279436 
228552146 186159 
228738305 24655 
228762960 3990 
228766950 33 
228766983 11 
228766994 4 
228766998 2 
228767000 1269 
228768269 134969 
228903238 496932 
229400170 136238 
229536408 24655 
229561063 2971 
229564034 455 
229564489 22 
229564511 8 
229564519 2 
229564521 101017 
229665538 24655 
229690193 1559 
229691752 455 
229692207 139 
229692346 8 
229692354 1 
229692355 3571384 
233263739 23342 
233287081 33 
233287114 7 
233287121 889367 
234176488 66736 
234243224 170360 
234413584 4054 
234417638 633 
234418271 227 
234418498 69 
234418567 22 
234418589 8 
234418597 1 
234418598 66 
234418664 1279436 
235698100 186159 
235884259 24655 
235908914 1559 
235910473 455 
235910928 22 
235910950 8 
235910958 1 
235910959 271209 
236182168 24655 
236206823 4054 
236210877 633 
236211510 33 
236211543 11 
236211554 2 
236211556 58152 
236269708 768141 
237037849 99976 
237137825 170 
237137995 4 
237137999 2291948 
239429947 2291948 
241721895 768141 
242490036 66736 
242556772 6069 
242562841 633 
242563474 69 
242563543 55 
242563598 8 
242563606 1 
242563607 8584 
242572191 8585 
242580776 625 
242581401 271209 
242852610 101017 
242953627 2971 
242956598 8 
242956606 1 
242956607 2291948 
245248555 948225 
246196780 633 
246197413 227 
246197640 22 
246197662 33319 
246230981 170 
246231151 625 
246231776 914271 
247146047 2291948 
249437995 101017 
249539012 24655 
249563667 4054 
249567721 170 
249567891 2 
249567893 33952 
249601845 490863 
250092708 2186393 
252279101 75321 
252354422 5614 
252360036 386 
252360422 55 
252360477 3 
252360480 496932 
252857412 237255 
253094667 24655 
253119322 6069 
253125391 633 
253126024 386 
253126410 3 
253126413 1279436 
254405849 271209 
254677058 24655 
254701713 4054 
254705767 386 
254706153 33 
254706186 7 
254706193 2186393 
256892586 43863 
256936449 633 
256937082 227 
256937309 69 
256937378 8 
256937386 496932 
257434318 186159 
257620477 24655 
257645132 1559 
257646691 386 
257647077 11 
257647088 4 
257647092 1093277 
258740369 101017 
258841386 18586 
258859972 2192 
258862164 69 
258862233 66 
258862299 1 
258862300 423416 
259285716 18586 
259304302 2291948 
261596250 66736 
261662986 1329 
261664315 33 
261664348 8 
261664356 186159 
261850515 1396 
261851911 55 
261851966 58221 
261910187 920170 
262830357 423416 
263253773 18586 
263272359 9980 
263282339 64290 
263346629 1329 
263347958 11 
263347969 3 
263347972 4054627 
267402599 869158 
268271757 6069 
268277826 633 
268278459 69 
268278528 33 
268278561 1 
268278562 58221 
268336783 2186393 
270523176 43863 
270567039 2971 
270570010 227 
270570237 69 
270570306 66 
270570372 1 
270570373 1258 
270571631 1279436 
271851067 176179 
272027246 6069 
272033315 2192 
272035507 69 
272035576 33 
272035609 19 
272035628 1 
272035629 457366 
272492995 24655 
272517650 6069 
272523719 178 
272523897 11 
272523908 2 
272523910 1279436 
273803346 75321 
273878667 10138 
273888805 1559 
273890364 227 
273890591 33 
273890624 11 
273890635 4 
273890639 1 
273890640 68 
273890708 496932 
274387640 237255 
274624895 24655 
274649550 4054 
274653604 455 
274654059 22 
274654081 34122 
274688203 625 
274688828 4 
274688832 2 
274688834 4054627 
278743461 271209 
279014670 101017 
279115687 24655 
279140342 1258 
279141600 3 
279141603 33497 
279175100 1049083 
280224183 24655 
280248838 6069 
280254907 227 
280255134 55 
280255189 1093277 
281348466 101017 
281449483 18586 
281468069 455 
281468524 139 
281468663 8 
281468671 136238 
281604909 24655 
281629564 2971 
281632535 455 
281632990 69 
281633059 55 
281633114 4 
281633118 2 
281633120 1279436 
282912556 496932 
283409488 237255 
283646743 10138 
283656881 2971 
283659852 455 
283660307 139 
283660446 8 
283660454 1 
283660455 496932 
284157387 75321 
284232708 23408 
284256116 386 
284256502 33 
284256535 4 
284256539 2186393 
286442932 75321 
286518253 10138 
286528391 5614 
286534005 227 
286534232 69 
286534301 8 
286534309 2 
286534311 66736 
286601047 768141 
287369188 24655 
287393843 1559 
287395402 455 
287395857 66 
287395923 2186393 
289582316 17794 
289600110 455 
289600565 69 
289600634 19 
289600653 2 
289600655 1279436 
290880091 136238 
291016329 4054 
291020383 159 
291020542 7 
291020549 423416 
291443965 24655 
291468620 386 
291469006 33 
291469039 11 
291469050 66736 
291535786 1868395 
293404181 237255 
293641436 17169 
293658605 69 
293658674 55 
293658729 8 
293658737 1 
293658738 9911 
293668649 879296 
294547945 159 
294548104 1 
294548105 1279436 
295827541 186159 
296013700 33319 
296047019 69 
296047088 11 
296047099 1 
296047100 101017 
296148117 17794 
296165911 222 
296166133 3 
296166136 1279436 
297445572 457366 
297902938 10138 
297913076 2971 
297916047 455 
297916502 69 
297916571 1 
297916572 69 
297916641 948225 
298864866 75321 
298940187 633 
298940820 455 
298941275 69 
298941344 33 
298941377 8 
298941385 1 
298941386 1868395 
300809781 75321 
300885102 8585 
300893687 633 
300894320 227 
300894547 139 
300894686 11 
300894697 7 
300894704 34122 
300928826 6069 
300934895 2419 
300937314 55 
300937369 4 
300937373 54001 
300991374 3990 
300995364 33 
300995397 4 
300995401 1093277 
302088678 101017 
302189695 6069 
302195764 633 
302196397 227 
302196624 55 
302196679 2 
302196681 2291811 
304488492 1279436 
305767928 237255 
306005183 10138 
306015321 4054 
306019375 1258 
306020633 7 
306020640 1279436 
307300076 237255 
307537331 10138 
307547469 2892 
307550361 33 
307550394 8 
307550402 1 
307550403 1093277 
308643680 17794 
308661474 139 
308661613 633 
308662246 4054 
308666300 633 
308666933 139 
308667072 11 
308667083 4 
308667087 633 
308667720 139 
308667859 2291948 
310959807 490863 
311450670 2665 
311453335 139 
311453474 4 
311453478 136238 
311589716 10138 
311599854 4054 
311603908 1269 
311605177 11 
311605188 3 
311605191 2291948 
313897139 496932 
314394071 75321 
314469392 17169 
314486561 455 
314487016 55 
314487071 4 
314487075 5614 
314492689 1279436 
315772125 2291948 
318064073 136238 
318200311 18586 
318218897 633 
318219530 455 
318219985 69 
318220054 66 
318220120 136238 
318356358 2971 
318359329 170 
318359499 4 
318359503 2 
318359505 2287410 
320646915 455 
320647370 33 
320647403 3 
320647406 2291948 
322939354 1093277 
324032631 101017 
324133648 10138 
324143786 4054 
324147840 633 
324148473 69 
324148542 22 
324148564 496932 
324645496 58221 
324703717 2192 
324705909 33 
324705942 1 
324705943 186159 
324892102 496932 
325389034 136238 
325525272 8585 
325533857 227 
325534084 22 
325534106 8 
325534114 1093277 
326627391 136238 
326763629 633 
326764262 33 
326764295 11 
326764306 3 
326764309 1488 
326765797 2291948 
329057745 768141 
329825886 64290 
329890176 1559 
329891735 227 
329891962 33 
329891995 3 
329891998 230022 
330122020 2516 
330124536 69 
330124605 55 
330124660 58152 
330182812 496932 
330679744 58221 
330737965 633 
330738598 386 
330738984 33 
330739017 3 
330739020 880782 
331619802 2186393 
333806195 10138 
333816333 633 
333816966 227 
333817193 4 
333817197 6069 
333823266 2291948 
336115214 136238 
336251452 18586 
336270038 2971 
336273009 386 
336273395 22 
336273417 1 
336273418 1279436 
337552854 66736 
337619590 6069 
337625659 1559 
337627218 455 
337627673 69 
337627742 66 
337627808 1 
337627809 271209 
337899018 58221 
337957239 1559 
337958798 455 
337959253 159 
337959412 2 
337959414 271209 
338230623 490863 
338721486 4054 
338725540 1396 
338726936 55 
338726991 8 
338726999 2 
338727001 457366 
339184367 2291948 
341476315 407447 
341883762 4054 
341887816 633 
341888449 386 
341888835 2 
341888837 457366 
342346203 633 
342346836 455 
342347291 139 
342347430 3 
342347433 2291948 
344639381 948225 
345587606 4054 
345591660 633 
345592293 227 
345592520 69 
345592589 33 
345592622 19 
345592641 1 
345592642 137 
345592779 1559 
345594338 2291948 
347886286 496932 
348383218 34122 
348417340 4054 
348421394 633 
348422027 69 
348422096 22 
348422118 2 
348422120 43863 
348465983 8585 
348474568 633 
348475201 227 
348475428 69 
348475497 33 
348475530 4 
348475534 1279436 
349754970 457366 
350212336 633 
350212969 139 
350213108 4 
350213112 948225 
351161337 75321 
351236658 6069 
351242727 1329 
351244056 11 
351244067 4 
351244071 1 
351244072 496932 
351741004 101017 
351842021 24655 
351866676 2488 
351869164 8 
351869172 2 
351869174 457366 
352326540 24655 
352351195 6069 
352357264 227 
352357491 69 
352357560 33 
352357593 8 
352357601 2 
352357603 948225 
353305828 75321 
353381149 4054 
353385203 633 
353385836 386 
353386222 33 
353386255 11 
353386266 4 
353386270 1 
353386271 496932 
353883203 1868395 
355751598 101017 
355852615 23273 
355875888 33 
355875921 8 
355875929 18427 
355894356 34122 
355928478 1279436 
357207914 490863 
357698777 2971 
357701748 386 
357702134 3 
357702137 454 
357702591 2186393 
359888984 66736 
359955720 1559 
359957279 625 
359957904 4 
359957908 1868395 
361826303 24655 
361850958 5614 
361856572 227 
361856799 69 
361856868 33 
361856901 11 
361856912 2 
361856914 1868395 
363725309 768141 
364493450 10138 
364503588 2665 
364506253 69 
364506322 1279436 
365785758 66736 
365852494 4054 
365856548 1490 
365858038 11 
365858049 4 
365858053 2 
365858055 24655 
365882710 1279436 
367162146 423416 
367585562 24655 
367610217 6069 
367616286 1559 
367617845 625 
367618470 4 
367618474 423416 
368041890 24655 
368066545 2516 
368069061 33 
368069094 8 
368069102 1 
368069103 1279436 
369348539 271209 
369619748 43863 
369663611 4054 
369667665 633 
369668298 227 
369668525 55 
369668580 8 
369668588 457366 
370125954 10138 
370136092 1559 
370137651 227 
370137878 4 
370137882 2 
370137884 496932 
370634816 75321 
370710137 5614 
370715751 227 
370715978 22 
370716000 1 
370716001 457366 
371173367 10138 
371183505 2971 
371186476 455 
371186931 33 
371186964 3 
371186967 227 
371187194 2291948 
373479142 237255 
373716397 6069 
373722466 633 
373723099 69 
373723168 33 
373723201 11 
373723212 3 
373723215 948225 
374671440 43863 
374715303 8585 
374723888 633 
374724521 178 
374724699 22 
374724721 7 
374724728 423416 
375148144 24655 
375172799 6069 
375178868 1396 
375180264 33 
375180297 11 
375180308 3 
375180311 2142199 
377322510 24655 
377347165 633 
377347798 227 
377348025 69 
377348094 55 
377348149 1 
377348150 1093277 
378441427 18586 
378460013 3604 
378463617 33 
378463650 11 
378463661 2 
378463663 176179 
378639842 1559 
378641401 69 
378641470 8 
378641478 880782 
379522260 6069 
379528329 386 
379528715 11 
379528726 4 
379528730 1 
379528731 948225 
380476956 24655 
380501611 6069 
380507680 2192 
380509872 1 
380509873 1776368 
382286241 54001 
382340242 2665 
382342907 226 
382343133 496932 
382840065 75321 
382915386 5614 
382921000 33 
382921033 19 
382921052 1 
382921053 237255 
383158308 22640 
383180948 33 
383180981 1 
383180982 2186393 
385367375 75321 
385442696 2971 
385445667 386 
385446053 33 
385446086 19 
385446105 2 
385446107 1049083 
386495190 18586 
386513776 633 
386514409 455 
386514864 55 
386514919 2 
386514921 457366 
386972287 24655 
386996942 2971 
386999913 22 
386999935 4 
386999939 1049083 
388049022 22640 
388071662 625 
388072287 889367 
388961654 271209 
389232863 24655 
389257518 4054 
389261572 69 
389261641 22 
389261663 4 
389261667 1 
389261668 496932 
389758600 186159 
389944759 16207 
389960966 455 
389961421 22 
389961443 7 
389961450 2 
389961452 2658 
389964110 3571384 
393535494 271209 
393806703 2192 
393808895 69 
393808964 55 
393809019 4 
393809023 75321 
393884344 8585 
393892929 633 
393893562 227 
393893789 4 
393893793 176179 
394069972 2516 
394072488 496932 
394569420 2971 
394572391 386 
394572777 33 
394572810 11 
394572821 4 
394572825 1093277 
395666102 1279436 
396945538 230022 
397175560 3604 
397179164 227 
397179391 69 
397179460 4 
397179464 1 
397179465 2291948 
399471413 496932 
399968345 64290 
400032635 1490 
400034125 3 
400034128 178 
400034306 496932 
400531238 10138 
400541376 2971 
400544347 455 
400544802 55 
400544857 8 
400544865 2 
400544867 186159 
400731026 2291948 
403022974 457366 
403480340 24655 
403504995 1329 
403506324 33 
403506357 19 
403506376 2 
403506378 1279436 
404785814 34122 
404819936 227 
404820163 69 
404820232 7 
404820239 1329 
404821568 3571384 
408392952 43863 
408436815 6069 
408442884 633 
408443517 227 
408443744 33 
408443777 11 
408443788 3 
408443791 948225 
409392016 1093277 
410485293 136238 
410621531 24655 
410646186 4054 
410650240 633 
410650873 386 
410651259 55 
410651314 8 
410651322 2 
410651324 889367 
411540691 2488 
411543179 19 
411543198 768141 
412311339 10138 
412321477 227 
412321704 22 
412321726 4 
412321730 1 
412321731 1279436 
413601167 75321 
413676488 8585 
413685073 227 
413685300 69 
413685369 22 
413685391 4 
413685395 2 
413685397 496932 
414182329 101017 
414283346 10138 
414293484 633 
414294117 455 
414294572 139 
414294711 11 
414294722 75321 
414370043 1269 
414371312 4 
414371316 2 
414371318 1093277 
415464595 176179 
415640774 3604 
415644378 69 
415644447 19 
415644466 1 
415644467 1279436 
416923903 237255 
417161158 18586 
417179744 1559 
417181303 227 
417181530 4 
417181534 496932 
417678466 237255 
417915721 2516 
417918237 69 
417918306 22 
417918328 1093277 
419011605 101017 
419112622 6069 
419118691 1559 
419120250 455 
419120705 11 
419120716 2 
419120718 496932 
419617650 136238 
419753888 10138 
419764026 2665 
419766691 33 
419766724 4 
419766728 1279436 
421046164 101017 
421147181 23408 
421170589 227 
421170816 69 
421170885 22 
421170907 8 
421170915 2 
421170917 176179 
421347096 496932 
421844028 75321 
421919349 18586 
421937935 2419 
421940354 55 
421940409 8 
421940417 2 
421940419 1258 
421941677 490863 
422432540 496932 
422929472 10138 
422939610 1559 
422941169 455 
422941624 69 
422941693 22 
422941715 3 
422941718 1093116 
424034834 3571384 
427606218 271209 
427877427 66736 
427944163 1559 
427945722 69 
427945791 22 
427945813 2 
427945815 136238 
428082053 6069 
428088122 1490 
428089612 33 
428089645 8 
428089653 496932 
428586585 136238 
428722823 10138 
428732961 4054 
428737015 455 
428737470 139 
428737609 3 
428737612 496932 
429234544 75321 
429309865 18586 
429328451 3604 
429332055 33 
429332088 19 
429332107 1 
429332108 496932 
429829040 66736 
429895776 6069 
429901845 211 
429902056 8 
429902064 1 
429902065 948225 
430850290 34122 
430884412 6069 
430890481 1559 
430892040 227 
430892267 55 
430892322 7 
430892329 1093277 
431985606 176179 
432161785 2192 
432163977 69 
432164046 33 
432164079 11 
432164090 4 
432164094 2 
432164096 869158 
433033254 3604 
433036858 69 
433036927 55 
433036982 8 
433036990 2 
433036992 1279436 
434316428 99976 
434416404 69 
434416473 3 
434416476 1093277 
435509753 136238 
435645991 23408 
435669399 178 
435669577 22 
435669599 4 
435669603 1 
435669604 1093277 
436762881 10138 
436773019 4054 
436777073 22 
436777095 8 
436777103 1 
436777104 8 
436777112 2291948 
439069060 496932 
439565992 136238 
439702230 24655 
439726885 6069 
439732954 1559 
439734513 227 
439734740 69 
439734809 22 
439734831 8 
439734839 2 
439734841 170 
439735011 1868395 
441603406 2971 
441606377 455 
441606832 69 
441606901 55 
441606956 8 
441606964 1093277 
442700241 24655 
442724896 5614 
442730510 19 
442730529 1 
442730530 1093277 
443823807 101017 
443924824 8585 
443933409 455 
443933864 159 
443934023 8 
443934031 1 
443934032 423416 
444357448 889367 
445246815 10138 
445256953 4054 
445261007 227 
445261234 33 
445261267 11 
445261278 3 
445261281 271209 
445532490 75321 
445607811 18586 
445626397 2665 
445629062 69 
445629131 66 
445629197 1 
445629198 948225 
446577423 17794 
446595217 139 
446595356 948225 
447543581 8585 
447552166 496932 
448049098 66736 
448115834 6069 
448121903 633 
448122536 455 
448122991 69 
448123060 22 
448123082 3 
448123085 496932 
448620017 237255 
448857272 18586 
448875858 455 
448876313 33 
448876346 7 
448876353 768141 
449644494 43863 
449688357 5614 
449693971 386 
449694357 8 
449694365 496932 
450191297 237255 
450428552 10138 
450438690 69 
450438759 33 
450438792 3 
450438795 1279436 
451718231 237255 
451955486 24496 
451979982 69 
451980051 11 
451980062 7 
451980069 633 
451980702 1776368 
453757070 58221 
453815291 4054 
453819345 633 
453819978 227 
453820205 69 
453820274 8 
453820282 58221 
453878503 633 
453879136 455 
453879591 69 
453879660 33 
453879693 19 
453879712 2291948 
456171660 1093277 
457264937 101017 
457365954 17169 
457383123 386 
457383509 22 
457383531 8 
457383539 1 
457383540 1092946 
458476486 633 
458477119 5613 
458482732 186159 
458668891 10138 
458679029 4054 
458683083 69 
458683152 55 
458683207 8 
458683215 2 
458683217 1093277 
459776494 34122 
459810616 6069 
459816685 633 
459817318 455 
459817773 69 
459817842 4 
459817846 2 
459817848 2 
459817850 496932 
460314782 33497 
460348279 227 
460348506 33 
460348539 11 
460348550 1 
460348551 3571384 
463919935 75321 
463995256 17169 
464012425 227 
464012652 69 
464012721 55 
464012776 2 
464012778 101017 
464113795 948225 
465062020 75321 
465137341 18586 
465155927 633 
465156560 69 
465156629 7 
465156636 1776368 
466933004 24655 
466957659 2971 
466960630 455 
466961085 33 
466961118 7 
466961125 186159 
467147284 34122 
467181406 1490 
467182896 33 
467182929 8 
467182937 1 
467182938 1490 
467184428 4054627 
471239055 271209 
471510264 34122 
471544386 5614 
471550000 227 
471550227 33 
471550260 11 
471550271 3 
471550274 920170 
472470444 4054 
472474498 1258 
472475756 4 
472475760 1279436 
473755196 170360 
473925556 633 
473926189 227 
473926416 55 
473926471 3 
473926474 43863 
473970337 186159 
474156496 24655 
474181151 386 
474181537 33 
474181570 11 
474181581 1279436 
475461017 271209 
475732226 101017 
475833243 17169 
475850412 227 
475850639 69 
475850708 19 
475850727 1 
475850728 948225 
476798953 6069 
476805022 1559 
476806581 227 
476806808 22 
476806830 1 
476806831 18586 
476825417 1279436 
478104853 457366 
478562219 2971 
478565190 69 
478565259 8 
478565267 1 
478565268 920170 
479485438 10138 
479495576 2516 
479498092 69 
479498161 55 
479498216 2 
479498218 1279436 
480777654 101017 
480878671 10138 
480888809 5614 
480894423 227 
480894650 33 
480894683 19 
480894702 1279436 
482174138 237255 
482411393 24655 
482436048 6069 
482442117 455 
482442572 69 
482442641 66 
482442707 64290 
482506997 1269 
482508266 11 
482508277 3 
482508280 1776368 
484284648 43863 
484328511 6069 
484334580 1559 
484336139 227 
484336366 55 
484336421 8 
484336429 2 
484336431 914271 
485250702 496932 
485747634 43863 
485791497 4054 
485795551 386 
485795937 55 
485795992 8 
485796000 1 
485796001 66736 
485862737 69 
485862806 2291948 
488154754 496932 
488651686 75321 
488727007 10138 
488737145 633 
488737778 227 
488738005 66 
488738071 1 
488738072 889367 
489627439 1327 
489628766 2291948 
491920714 186159 
492106873 24655 
492131528 6069 
492137597 2419 
492140016 68 
492140084 496932 
492637016 136238 
492773254 24655 
492797909 2192 
492800101 69 
492800170 33 
492800203 11 
492800214 1 
492800215 1093277 
493893492 101017 
493994509 6069 
494000578 69 
494000647 55 
494000702 1327 
494002029 423416 
494425445 24655 
494450100 4054 
494454154 227 
494454381 33 
494454414 1 
494454415 2291948 
496746363 271209 
497017572 54001 
497071573 1559 
497073132 386 
497073518 55 
497073573 8 
497073581 1868395 
498941976 237255 
499179231 24041 
499203272 386 
499203658 22 
499203680 8 
499203688 2 
499203690 407447 
499611137 4054 
499615191 633 
499615824 69 
499615893 4 
499615897 1093277 
500709174 2192 
500711366 69 
500711435 22 
500711457 4 
500711461 1 
500711462 1279436 
501990898 271209 
502262107 75321 
502337428 10138 
502347566 5614 
502353180 222 
502353402 1 
502353403 186159 
502539562 34122 
502573684 6069 
502579753 69 
502579822 33 
502579855 2 
502579857 1279436 
503859293 75321 
503934614 24041 
503958655 386 
503959041 33 
503959074 4 
503959078 2 
503959080 496932 
504456012 58221 
504514233 3604 
504517837 68 
504517905 1049083 
505566988 10138 
505577126 2971 
505580097 211 
505580308 4 
505580312 2 
505580314 271209 
505851523 34122 
505885645 6069 
505891714 455 
505892169 69 
505892238 33 
505892271 8 
505892279 1 
505892280 1279436 
507171716 457366 
507629082 633 
507629715 455 
507630170 22 
507630192 4 
507630196 2 
507630198 1093277 
508723475 101017 
508824492 24655 
508849147 33 
508849180 7 
508849187 455 
508849642 1279436 
510129078 423416 
510552494 18586 
510571080 1559 
510572639 11 
510572650 7 
510572657 271209 
510843866 43863 
510887729 3604 
510891333 11 
510891344 2 
510891346 43863 
510935209 2291948 
513227157 271209 
513498366 75321 
513573687 1329 
513575016 3 
513575019 159 
513575178 2291948 
515867126 75321 
515942447 6069 
515948516 1559 
515950075 69 
515950144 55 
515950199 8 
515950207 2 
515950209 496932 
516447141 237255 
516684396 10138 
516694534 4054 
516698588 139 
516698727 8 
516698735 2 
516698737 496932 
517195669 34122 
517229791 6069 
517235860 1559 
517237419 227 
517237646 137 
517237783 1 
517237784 1049083 
518286867 34122 
518320989 1559 
518322548 455 
518323003 33 
518323036 19 
518323055 2 
518323057 496932 
518819989 101017 
518921006 4054 
518925060 178 
518925238 2 
518925240 271209 
519196449 101017 
519297466 18427 
519315893 69 
519315962 8 
519315970 1279436 
520595406 457366 
521052772 10138 
521062910 4054 
521066964 455 
521067419 19 
521067438 1 
521067439 1279436 
522346875 423416 
522770291 24655 
522794946 6069 
522801015 1396 
522802411 33 
522802444 68 
522802512 170 
522802682 1092946 
523895628 159 
523895787 2 
523895789 2291948 
526187737 417585 
526605322 1559 
526606881 178 
526607059 11 
526607070 4 
526607074 1 
526607075 17794 
526624869 139 
526625008 58221 
526683229 1559 
526684788 69 
526684857 33 
526684890 19 
526684909 1 
526684910 768141 
527453051 24655 
527477706 1269 
527478975 33 
527479008 8 
527479016 1 
527479017 496932 
527975949 75321 
528051270 16207 
528067477 386 
528067863 33 
528067896 2 
528067898 186159 
528254057 24655 
528278712 6069 
528284781 455 
528285236 69 
528285305 22 
528285327 8 
528285335 1 
528285336 407447 
528692783 5614 
528698397 170 
528698567 2 
528698569 3571384 
532269953 271209 
532541162 24041 
532565203 69 
532565272 33 
532565305 1 
532565306 1868395 
534433701 34122 
534467823 2971 
534470794 227 
534471021 69 
534471090 22 
534471112 4 
534471116 496932 
534968048 75321 
535043369 17169 
535060538 227 
535060765 55 
535060820 1 
535060821 186159 
535246980 24655 
535271635 6069 
535277704 69 
535277773 1049083 
536326856 10138 
536336994 2516 
536339510 1 
536339511 423416 
536762927 496932 
537259859 75321 
537335180 10138 
537345318 5614 
537350932 178 
537351110 3 
537351113 1279436 
538630549 271209 
538901758 58221 
538959979 633 
538960612 455 
538961067 33 
538961100 8 
538961108 2 
538961110 2291948 
541253058 75321 
541328379 10138 
541338517 3604 
541342121 69 
541342190 66 
541342256 1 
541342257 1279436 
542621693 407447 
543029140 8585 
543037725 227 
543037952 69 
543038021 11 
543038032 7 
543038039 5614 
543043653 490863 
543534516 4054 
543538570 69 
543538639 33 
543538672 19 
543538691 2 
543538693 1093277 
544631970 101017 
544732987 6069 
544739056 1559 
544740615 386 
544741001 22 
544741023 7 
544741030 1049083 
545790113 24655 
545814768 2971 
545817739 455 
545818194 33 
545818227 11 
545818238 3 
545818241 101017 
545919258 10138 
545929396 1329 
545930725 19 
545930744 2291948 
548222692 271209 
548493901 34122 
548528023 633 
548528656 386 
548529042 33 
548529075 11 
548529086 4 
548529090 2 
548529092 100858 
548629950 33 
548629983 2291948 
550921931 1049083 
551971014 10138 
551981152 2516 
551983668 11 
551983679 2 
551983681 948225 
552931906 16207 
552948113 455 
552948568 55 
552948623 4 
552948627 34122 
552982749 1279436 
554262185 136238 
554398423 10138 
554408561 1396 
554409957 55 
554410012 8 
554410020 1 
554410021 1279436 
555689457 101017 
555790474 17794 
555808268 22 
555808290 3 
555808293 1093277 
556901570 34122 
556935692 4054 
556939746 1329 
556941075 2 
556941077 457366 
557398443 186159 
557584602 24655 
557609257 6069 
557615326 69 
557615395 22 
557615417 8 
557615425 2 
557615427 1868395 
559483822 237255 
559721077 18586 
559739663 633 
559740296 69 
559740365 11 
559740376 3 
559740379 914271 
560654650 496932 
561151582 43863 
561195445 2971 
561198416 455 
561198871 33 
561198904 7 
561198911 914101 
562113012 2291948 
564404960 136238 
564541198 10138 
564551336 5614 
564556950 211 
564557161 4 
564557165 2 
564557167 66736 
564623903 170360 
564794263 159 
564794422 2291948 
567086370 496932 
567583302 66736 
567650038 3990 
567654028 33 
567654061 4 
567654065 101017 
567755082 10138 
567765220 4054 
567769274 1490 
567770764 66 
567770830 1 
567770831 136238 
567907069 33497 
567940566 69 
567940635 22 
567940657 4 
567940661 2 
567940663 1776368 
569717031 34122 
569751153 633 
569751786 22 
569751808 8 
569751816 2 
569751818 1279436 
571031254 101017 
571132271 4054 
571136325 1269 
571137594 33 
571137627 3 
571137630 768141 
571905771 24655 
571930426 2971 
571933397 386 
571933783 33 
571933816 11 
571933827 4 
571933831 2 
571933833 496932 
572430765 58221 
572488986 4054 
572493040 1396 
572494436 55 
572494491 4 
572494495 1279436 
573773931 237255 
574011186 24655 
574035841 5614 
574041455 227 
574041682 139 
574041821 11 
574041832 1 
574041833 1093277 
575135110 1093277 
576228387 136238 
576364625 1490 
576366115 33 
576366148 4 
576366152 2 
576366154 768141 
577134295 75321 
577209616 10138 
577219754 1559 
577221313 455 
577221768 33 
577221801 4 
577221805 496932 
577718737 101017 
577819754 6069 
577825823 2192 
577828015 69 
577828084 8 
577828092 5614 
577833706 227 
577833933 55 
577833988 3 
577833991 1279436 
579113427 186159 
579299586 2971 
579302557 386 
579302943 22 
579302965 8 
579302973 2 
579302975 1776368 
581079343 66736 
581146079 2971 
581149050 69 
581149119 33 
581149152 69 
581149221 1868395 
583017616 101017 
583118633 24655 
583143288 4054 
583147342 1269 
583148611 22 
583148633 4 
583148637 2 
583148639 948225 
584096864 43863 
584140727 6069 
584146796 1559 
584148355 386 
584148741 19 
584148760 496932 
584645692 75321 
584721013 22640 
584743653 22 
584743675 4 
584743679 2 
584743681 271209 
585014890 54001 
585068891 33 
585068924 4 
585068928 2 
585068930 1868395 
586937325 1269 
586938594 33 
586938627 3 
586938630 768141 
587706771 75321 
587782092 18586 
587800678 2192 
587802870 178 
587803048 22 
587803070 7 
587803077 1559 
587804636 1093116 
588897752 496932 
589394684 75321 
589470005 17067 
589487072 33 
589487105 8 
589487113 1 
589487114 768141 
590255255 54001 
590309256 1269 
590310525 4 
590310529 2 
590310531 1868395 
592178926 34122 
592213048 178 
592213226 8 
592213234 2 
592213236 496932 
592710168 136238 
592846406 24655 
592871061 2971 
592874032 69 
592874101 33 
592874134 1 
592874135 1049083 
593923218 24655 
593947873 2892 
593950765 22 
593950787 4 
593950791 1 
593950792 271209 
594222001 43863 
594265864 633 
594266497 386 
594266883 55 
594266938 1049083 
595316021 34122 
595350143 6069 
595356212 2192 
595358404 19 
595358423 2 
595358425 136238 
595494663 18586 
595513249 633 
595513882 455 
595514337 11 
595514348 2 
595514350 2291948 
597806298 423416 
598229714 24655 
598254369 6069 
598260438 2419 
598262857 33 
598262890 11 
598262901 768141 
599031042 43863 
599074905 633 
599075538 227 
599075765 33 
599075798 4 
599075802 1 
599075803 768141 
599843944 8585 
599852529 633 
599853162 69 
599853231 8 
599853239 1 
599853240 417585 
600270825 3604 
600274429 227 
600274656 69 
600274725 55 
600274780 2 
600274782 1868395 
602143177 43863 
602187040 2192 
602189232 69 
602189301 33 
602189334 8 
602189342 2 
602189344 33 
602189377 1776368 
603965745 24655 
603990400 1559 
603991959 455 
603992414 159 
603992573 4 
603992577 1 
603992578 1279436 
605272014 186159 
605458173 10138 
605468311 2971 
605471282 227 
605471509 33 
605471542 4 
605471546 1 
605471547 948225 
606419772 66736 
606486508 6069 
606492577 33 
606492610 19 
606492629 2 
606492631 66736 
606559367 4054 
606563421 1396 
606564817 7 
606564824 1279436 
607844260 43863 
607888123 4054 
607892177 633 
607892810 137 
607892947 1 
607892948 768141 
608661089 75321 
608736410 2971 
608739381 386 
608739767 55 
608739822 4 
608739826 2 
608739828 1279436 
610019264 457366 
610476630 10138 
610486768 4054 
610490822 633 
610491455 455 
610491910 33 
610491943 7 
610491950 271209 
610763159 24655 
610787814 4054 
610791868 1329 
610793197 19 
610793216 271209 
611064425 24655 
611089080 633 
611089713 455 
611090168 69 
611090237 19 
611090256 1 
611090257 101017 
611191274 24655 
611215929 3604 
611219533 227 
611219760 139 
611219899 4 
611219903 2291948 
613511851 869158 
614381009 178 
614381187 11 
614381198 1 
614381199 496932 
614878131 24655 
614902786 6069 
614908855 2192 
614911047 139 
614911186 186159 
615097345 18586 
615115931 227 
615116158 22 
615116180 4 
615116184 1 
615116185 1279436 
616395621 423416 
616819037 17794 
616836831 69 
616836900 11 
616836911 4 
616836915 137 
616837052 496932 
617333984 136238 
617470222 22640 
617492862 69 
617492931 22 
617492953 8 
617492961 1 
617492962 496932 
617989894 101017 
618090911 33497 
618124408 227 
618124635 69 
618124704 11 
618124715 7 
618124722 1093277 
619217999 101017 
619319016 17169 
619336185 386 
619336571 1 
619336572 2186393 
621522965 66736 
621589701 3990 
621593691 19 
621593710 1279436 
622873146 176179 
623049325 6069 
623055394 139 
623055533 7 
623055540 33952 
623089492 271209 
623360701 101017 
623461718 6069 
623467787 633 
623468420 211 
623468631 4 
623468635 2 
623468637 1049083 
624517720 4054 
624521774 1396 
624523170 33 
624523203 4 
624523207 496932 
625020139 64290 
625084429 386 
625084815 22 
625084837 7 
625084844 1049083 
626133927 34122 
626168049 4054 
626172103 633 
626172736 227 
626172963 33 
626172996 11 
626173007 1 
626173008 2291948 
628464956 496932 
628961888 186159 
629148047 2971 
629151018 22 
629151040 2 
629151042 457366 
629608408 10138 
629618546 2892 
629621438 1 
629621439 2291948 
631913387 18586 
631931973 2971 
631934944 211 
631935155 2 
631935157 496932 
632432089 43863 
632475952 6069 
632482021 69 
632482090 1279436 
633761526 24655 
633786181 4054 
633790235 227 
633790462 69 
633790531 33 
633790564 8 
633790572 2 
633790574 271209 
634061783 101017 
634162800 24655 
634187455 3604 
634191059 227 
634191286 33 
634191319 8 
634191327 1 
634191328 237255 
634428583 24655 
634453238 1329 
634454567 11 
634454578 4 
634454582 1 
634454583 2186393 
636640976 34122 
636675098 4054 
636679152 633 
636679785 33 
636679818 3 
636679821 66 
636679887 1279436 
637959323 34122 
637993445 3604 
637997049 33 
637997082 4 
637997086 1 
637997087 496932 
638494019 66736 
638560755 633 
638561388 227 
638561615 69 
638561684 22 
638561706 7 
638561713 18586 
638580299 1559 
638581858 227 
638582085 19 
638582104 1 
638582105 271209 
638853314 101017 
638954331 17169 
638971500 178 
638971678 19 
638971697 1 
638971698 271209 
639242907 75321 
639318228 17169 
639335397 227 
639335624 69 
639335693 11 
639335704 7 
639335711 1279436 
640615147 271209 
640886356 24655 
640911011 2971 
640913982 227 
640914209 55 
640914264 4 
640914268 1 
640914269 2658 
640916927 2186393 
643103320 8585 
643111905 227 
643112132 22 
643112154 2 
643112156 271209 
643383365 75321 
643458686 178 
643458864 8 
643458872 1 
643458873 2291948 
645750821 768141 
646518962 75321 
646594283 10138 
646604421 159 
646604580 2 
646604582 237255 
646841837 2291948 
649133785 43863 
649177648 4054 
649181702 227 
649181929 69 
649181998 55 
649182053 1 
649182054 417585 
649599639 2516 
649602155 33 
649602188 11 
649602199 457366 
650059565 24655 
650084220 455 
650084675 4 
650084679 1 
650084680 33952 
650118632 1868395 
651987027 136238 
652123265 10138 
652133403 4054 
652137457 455 
652137912 139 
652138051 1279436 
653417487 271209 
653688696 101017 
653789713 6069 
653795782 633 
653796415 22 
653796437 4 
653796441 1 
653796442 496932 
654293374 75321 
654368695 10138 
654378833 3604 
654382437 178 
654382615 8 
654382623 1868395 
656251018 496932 
656747950 170360 
656918310 4054 
656922364 1490 
656923854 22 
656923876 3 
656923879 136238 
657060117 17169 
657077286 386 
657077672 33 
657077705 11 
657077716 7 
657077723 2142199 
659219922 34122 
659254044 1269 
659255313 22 
659255335 1279436 
660534771 271209 
660805980 43863 
660849843 5614 
660855457 227 
660855684 69 
660855753 33 
660855786 11 
660855797 3 
660855800 496932 
661352732 186159 
661538891 18586 
661557477 1559 
661559036 625 
661559661 1 
661559662 1279436 
662839098 58221 
662897319 3604 
662900923 227 
662901150 33 
662901183 11 
662901194 4 
662901198 496932 
663398130 24655 
663422785 6069 
663428854 2192 
663431046 11 
663431057 7 
663431064 136238 
663567302 4054 
663571356 633 
663571989 386 
663572375 55 
663572430 2 
663572432 2291948 
665864380 99976 
665964356 33 
665964389 1 
665964390 75321 
666039711 6069 
666045780 69 
666045849 22 
666045871 4 
666045875 2 
666045877 18427 
666064304 2291948 
668356252 186159 
668542411 24655 
668567066 1559 
668568625 227 
668568852 33 
668568885 3 
668568888 496932 
669065820 176179 
669241999 4054 
669246053 1490 
669247543 68 
669247611 24655 
669272266 455 
669272721 69 
669272790 33 
669272823 8 
669272831 2 
669272833 1093277 
670366110 75321 
670441431 9911 
670451342 11 
670451353 4 
670451357 1093277 
671544634 101017 
671645651 6069 
671651720 1559 
671653279 69 
671653348 22 
671653370 4 
671653374 271209 
671924583 101017 
672025600 24655 
672050255 6069 
672056324 386 
672056710 11 
672056721 4 
672056725 2186393 
674243118 75321 
674318439 2192 
674320631 170 
674320801 3 
674320804 948225 
675269029 6069 
675275098 1559 
675276657 455 
675277112 137 
675277249 237255 
675514504 24655 
675539159 1559 
675540718 386 
675541104 55 
675541159 1279436 
676820595 101017 
676921612 4054 
676925666 1396 
676927062 33 
676927095 4 
676927099 2 
676927101 768141 
677695242 633 
677695875 178 
677696053 1 
677696054 1049083 
678745137 457366 
679202503 24041 
679226544 386 
679226930 22 
679226952 4 
679226956 1868395 
681095351 75321 
681170672 1559 
681172231 8 
681172239 1 
681172240 271209 
681443449 54001 
681497450 2419 
681499869 22 
681499891 4 
681499895 1 
681499896 68 
681499964 136238 
681636202 24655 
681660857 2192 
681663049 33 
681663082 19 
681663101 2 
681663103 159 
681663262 2 
681663264 2291948 
683955212 889367 
684844579 4054 
684848633 1329 
684849962 33 
684849995 11 
684850006 4 
684850010 2291948 
687141958 1093277 
688235235 66736 
688301971 4054 
688306025 227 
688306252 33 
688306285 11 
688306296 4 
688306300 101017 
688407317 2971 
688410288 159 
688410447 1 
688410448 1776368 
690186816 43863 
690230679 6069 
690236748 1559 
690238307 227 
690238534 69 
690238603 19 
690238622 2 
690238624 496932 
690735556 237255 
690972811 2516 
690975327 22 
690975349 8 
690975357 2 
690975359 496932 
691472291 101017 
691573308 8585 
691581893 633 
691582526 1 
691582527 1258 
691583785 1093277 
692677062 34122 
692711184 1559 
692712743 69 
692712812 33 
692712845 8 
692712853 271209 
692984062 42707 
693026769 227 
693026996 22 
693027018 3 
693027021 2291948 
695318969 271209 
695590178 24655 
695614833 6069 
695620902 1559 
695622461 227 
695622688 2 
695622690 496932 
696119622 43340 
696162962 227 
696163189 55 
696163244 4 
696163248 1 
696163249 1279436 
697442685 271209 
697713894 101017 
697814911 18586 
697833497 2971 
697836468 455 
697836923 139 
697837062 11 
697837073 3 
697837076 1093277 
698930353 34122 
698964475 2665 
698967140 178 
698967318 1 
698967319 66736 
699034055 455 
699034510 55 
699034565 1 
699034566 768141 
699802707 75321 
699878028 6069 
699884097 1559 
699885656 455 
699886111 139 
699886250 4 
699886254 423416 
700309670 24655 
700334325 633 
700334958 386 
700335344 33 
700335377 11 
700335388 3 
700335391 2291948 
702627339 230022 
702857361 1559 
702858920 386 
702859306 33 
702859339 8 
702859347 1 
702859348 17794 
702877142 496932 
703374074 186159 
703560233 34122 
703594355 6069 
703600424 633 
703601057 455 
703601512 159 
703601671 4 
703601675 1049083 
704650758 6069 
704656827 1559 
704658386 33 
704658419 11 
704658430 7 
704658437 271209 
704929646 75321 
705004967 4054 
705009021 1329 
705010350 55 
705010405 7 
705010412 2291948 
707302360 271209 
707573569 101017 
707674586 24655 
707699241 6069 
707705310 386 
707705696 8 
707705704 1 
707705705 948225 
708653930 58221 
708712151 2892 
708715043 33 
708715076 19 
708715095 1 
708715096 43863 
708758959 1049083 
709808042 10138 
709818180 4054 
709822234 227 
709822461 69 
709822530 11 
709822541 3 
709822544 5614 
709828158 227 
709828385 69 
709828454 8 
709828462 1 
709828463 2291948 
712120411 1093277 
713213688 43863 
713257551 1490 
713259041 55 
713259096 8 
713259104 271209 
713530313 75321 
713605634 18586 
713624220 1396 
713625616 33 
713625649 2 
713625651 407447 
714033098 8585 
714041683 633 
714042316 227 
714042543 11 
714042554 2 
714042556 2291948 
716334504 101017 
716435521 1559 
716437080 227 
716437307 19 
716437326 2 
716437328 271209 
716708537 24655 
716733192 6069 
716739261 1559 
716740820 455 
716741275 4 
716741279 1 
716741280 1851689 
718592969 633 
718593602 178 
718593780 22 
718593802 3 
718593805 4054 
718597859 633 
718598492 178 
718598670 4 
718598674 2 
718598676 1279436 
719878112 186159 
720064271 34122 
720098393 6069 
720104462 1490 
720105952 8 
720105960 1 
720105961 1049083 
721155044 6069 
721161113 455 
721161568 69 
721161637 22 
721161659 2 
721161661 134969 
721296630 1279436 
722576066 457366 
723033432 5614 
723039046 69 
723039115 55 
723039170 7 
723039177 496932 
723536109 237255 
723773364 10138 
723783502 3990 
723787492 22 
723787514 7 
723787521 1093277 
724880798 170360 
725051158 3604 
725054762 227 
725054989 496932 
725551921 10138 
725562059 2192 
725564251 178 
725564429 1279436 
726843865 271209 
727115074 75321 
727190395 633 
727191028 455 
727191483 69 
727191552 4 
727191556 1 
727191557 4 
727191561 1279436 
728470997 186159 
728657156 633 
728657789 178 
728657967 8 
728657975 1 
728657976 1279436 
729937412 58221 
729995633 1559 
729997192 159 
729997351 2 
729997353 407447 
730404800 633 
730405433 455 
730405888 69 
730405957 66 
730406023 1 
730406024 1093277 
731499301 136238 
731635539 633 
731636172 455 
731636627 22 
731636649 8 
731636657 1 
731636658 768141 
732404799 75321 
732480120 10138 
732490258 3604 
732493862 69 
732493931 3 
732493934 889367 
733383301 10138 
733393439 455 
733393894 3 
733393897 1049083 
734442980 24655 
734467635 2971 
734470606 455 
734471061 69 
734471130 22 
734471152 4 
734471156 889367 
735360523 10138 
735370661 2971 
735373632 227 
735373859 139 
735373998 11 
735374009 3 
735374012 1279436 
736653448 271209 
736924657 3604 
736928261 227 
736928488 33 
736928521 11 
736928532 2 
736928534 920170 
737848704 17169 
737865873 386 
737866259 22 
737866281 4 
737866285 4 
737866289 237255 
738103544 16207 
738119751 227 
738119978 69 
738120047 66 
738120113 1279436 
739399549 24655 
739424204 4054 
739428258 227 
739428485 69 
739428554 33 
739428587 8 
739428595 2 
739428597 271209 
739699806 101017 
739800823 6069 
739806892 2192 
739809084 139 
739809223 4 
739809227 2291948 
742101175 34122 
742135297 1559 
742136856 69 
742136925 11 
742136936 4 
742136940 1 
742136941 1279436 
743416377 33319 
743449696 55 
743449751 1 
743449752 176179 
743625931 6069 
743632000 386 
743632386 55 
743632441 4 
743632445 271209 
743903654 43863 
743947517 4054 
743951571 455 
743952026 69 
743952095 22 
743952117 4 
743952121 2 
743952123 1093277 
745045400 136238 
745181638 10138 
745191776 1269 
745193045 22 
745193067 8 
745193075 2 
745193077 1279436 
746472513 230022 
746702535 1329 
746703864 948225 
747652089 34122 
747686211 6069 
747692280 633 
747692913 455 
747693368 139 
747693507 2 
747693509 1279436 
748972945 75321 
749048266 8585 
749056851 386 
749057237 33 
749057270 11 
749057281 4 
749057285 2 
749057287 1093277 
750150564 170360 
750320924 4054 
750324978 633 
750325611 455 
750326066 159 
750326225 4 
750326229 1 
750326230 1279436 
751605666 271209 
751876875 24655 
751901530 6069 
751907599 2192 
751909791 139 
751909930 7 
751909937 8 
751909945 423416 
752333361 8585 
752341946 8 
752341954 1 
752341955 136238 
752478193 2665 
752480858 159 
752481017 2186393 
754667410 75321 
754742731 10138 
754752869 4054 
754756923 633 
754757556 69 
754757625 22 
754757647 8 
754757655 4 
754757659 2291948 
757049607 496932 
757546539 136238 
757682777 24041 
757706818 33 
757706851 19 
757706870 1 
757706871 8 
757706879 496932 
758203811 6069 
758209880 227 
758210107 55 
758210162 8 
758210170 1 
758210171 1093277 
759303448 75321 
759378769 633 
759379402 386 
759379788 22 
759379810 2 
759379812 496932 
759876744 176179 
760052923 6069 
760058992 1329 
760060321 22 
760060343 4 
760060347 2 
760060349 2291948 
762352297 271209 
762623506 75321 
762698827 16840 
762715667 69 
762715736 8 
762715744 2 
762715746 1093277 
763809023 34122 
763843145 1559 
763844704 69 
763844773 11 
763844784 768141 
764612925 34122 
764647047 1396 
764648443 33 
764648476 2 
764648478 136238 
764784716 3604 
764788320 159 
764788479 8 
764788487 2 
764788489 159 
764788648 2 
764788650 24655 
764813305 2291948 
767105253 271209 
767376462 75321 
767451783 633 
767452416 386 
767452802 4 
767452806 2291948 
769744754 176179 
769920933 55 
769920988 4 
769920992 869158 
770790150 4054 
770794204 633 
770794837 455 
770795292 69 
770795361 33 
770795394 1 
770795395 136238 
770931633 24655 
770956288 6069 
770962357 1559 
770963916 227 
770964143 69 
770964212 8 
770964220 1 
770964221 496932 
771461153 186159 
771647312 4054 
771651366 159 
771651525 1 
771651526 24655 
771676181 2971 
771679152 386 
771679538 3 
771679541 423416 
772102957 10138 
772113095 3604 
772116699 69 
772116768 33 
772116801 8 
772116809 1 
772116810 1093277 
773210087 136238 
773346325 227 
773346552 33 
773346585 19 
773346604 1868395 
775214999 186159 
775401158 24655 
775425813 1559 
775427372 227 
775427599 69 
775427668 22 
775427690 2291948 
777719638 186159 
777905797 24655 
777930452 3990 
777934442 11 
777934453 4 
777934457 496932 
778431389 237255 
778668644 5614 
778674258 137 
778674395 768141 
779442536 43863 
779486399 8585 
779494984 633 
779495617 227 
779495844 69 
779495913 55 
779495968 4 
779495972 948225 
780444197 100609 
780544806 55 
780544861 8 
780544869 2 
780544871 496932 
781041803 186159 
781227962 24655 
781252617 1559 
781254176 69 
781254245 33 
781254278 8 
781254286 1 
781254287 1279436 
782533723 186159 
782719882 34122 
782754004 2971 
782756975 22 
782756997 3 
782757000 1868395 
784625395 24655 
784650050 4054 
784654104 227 
784654331 69 
784654400 8 
784654408 2 
784654410 1093277 
785747687 10138 
785757825 33 
785757858 11 
785757869 3 
785757872 271209 
786029081 18427 
786047508 69 
786047577 55 
786047632 1 
786047633 1093277 
787140910 75321 
787216231 22640 
787238871 69 
787238940 55 
787238995 8 
787239003 1 
787239004 496932 
787735936 136238 
787872174 24655 
787896829 633 
787897462 69 
787897531 4 
787897535 496932 
788394467 3604 
788398071 137 
788398208 1 
788398209 948225 
789346434 66736 
789413170 4054 
789417224 633 
789417857 386 
789418243 55 
789418298 4 
789418302 1279436 
790697738 457366 
791155104 24655 
791179759 4054 
791183813 455 
791184268 33 
791184301 768141 
791952442 75321 
792027763 22640 
792050403 455 
792050858 33 
792050891 11 
792050902 3 
792050905 457366 
792508271 186159 
792694430 24041 
792718471 69 
792718540 2 
792718542 271209 
792989751 6069 
792995820 1559 
792997379 69 
792997448 33 
792997481 7 
792997488 271209 
793268697 10138 
793278835 5614 
793284449 69 
793284518 22 
793284540 4 
793284544 2 
793284546 496932 
793781478 1559 
793783037 178 
793783215 7 
793783222 2291948 
796075170 457366 
796532536 24655 
796557191 6069 
796563260 633 
796563893 455 
796564348 69 
796564417 8 
796564425 1 
796564426 2291948 
798856374 271209 
799127583 2971 
799130554 386 
799130940 33 
799130973 11 
799130984 1 
799130985 271209 
799402194 101017 
799503211 633 
799503844 455 
799504299 139 
799504438 11 
799504449 2 
799504451 1093277 
800597728 34122 
800631850 4054 
800635904 633 
800636537 386 
800636923 11 
800636934 3 
800636937 1279436 
801916373 186159 
802102532 24655 
802127187 5614 
802132801 227 
802133028 69 
802133097 1 
802133098 496932 
802630030 186159 
802816189 34122 
802850311 3990 
802854301 33 
802854334 11 
802854345 4 
802854349 2 
802854351 66736 
802921087 271209 
803192296 58152 
803250448 33 
803250481 8 
803250489 1776368 
805026857 66736 
805093593 6069 
805099662 633 
805100295 455 
805100750 33 
805100783 19 
805100802 1279436 
806380238 58221 
806438459 4054 
806442513 633 
806443146 227 
806443373 33 
806443406 1 
806443407 768141 
807211548 18586 
807230134 1559 
807231693 455 
807232148 69 
807232217 33 
807232250 8 
807232258 1 
807232259 768141 
808000400 75321 
808075721 6069 
808081790 455 
808082245 69 
808082314 55 
808082369 3 
808082372 880782 
808963154 101017 
809064171 22640 
809086811 55 
809086866 4 
809086870 2 
809086872 2291948 
811378820 948225 
812327045 24655 
812351700 2971 
812354671 11 
812354682 1 
812354683 496932 
812851615 948225 
813799840 10138 
813809978 159 
813810137 4 
813810141 1 
813810142 2516 
813812658 496932 
814309590 10138 
814319728 4054 
814323782 1490 
814325272 33 
814325305 19 
814325324 869158 
815194482 8585 
815203067 633 
815203700 386 
815204086 55 
815204141 8 
815204149 2 
815204151 1279436 
816483587 271209 
816754796 64290 
816819086 69 
816819155 33 
816819188 11 
816819199 4 
816819203 2 
816819205 496932 
817316137 237255 
817553392 5614 
817559006 11 
817559017 2291948 
819850965 101017 
819951982 16207 
819968189 69 
819968258 22 
819968280 4 
819968284 1 
819968285 768141 
820736426 64290 
820800716 633 
820801349 159 
820801508 4 
820801512 1 
820801513 75321 
820876834 4054 
820880888 1490 
820882378 8 
820882386 496932 
821379318 24655 
821403973 2971 
821406944 69 
821407013 33 
821407046 4 
821407050 1 
821407051 768141 
822175192 43863 
822219055 4054 
822223109 69 
822223178 33 
822223211 2291948 
824515159 237255 
824752414 2516 
824754930 69 
824754999 55 
824755054 4 
824755058 496932 
825251990 186159 
825438149 22640 
825460789 178 
825460967 11 
825460978 4 
825460982 2 
825460984 1776368 
827237352 66736 
827304088 6069 
827310157 633 
827310790 69 
827310859 55 
827310914 4 
827310918 2 
827310920 43863 
827354783 8585 
827363368 1269 
827364637 8 
827364645 1279436 
828644081 170360 
828814441 4054 
828818495 1329 
828819824 33 
828819857 4 
828819861 64290 
828884151 633 
828884784 386 
828885170 2 
828885172 1279436 
830164608 457366 
830621974 10138 
830632112 4054 
830636166 633 
830636799 386 
830637185 66 
830637251 1 
830637252 271209 
830908461 58221 
830966682 4054 
830970736 227 
830970963 69 
830971032 55 
830971087 2186393 
833157480 54001 
833211481 2665 
833214146 11 
833214157 7 
833214164 496932 
833711096 186159 
833897255 34122 
833931377 2665 
833934042 137 
833934179 1 
833934180 1279436 
835213616 54001 
835267617 633 
835268250 386 
835268636 33 
835268669 19 
835268688 768141 
836036829 58221 
836095050 2658 
836097708 3 
836097711 1049083 
837146794 34122 
837180916 4045 
837184961 768141 
837953102 75321 
838028423 1559 
838029982 386 
838030368 11 
838030379 1 
838030380 407447 
838437827 6069 
838443896 455 
838444351 33 
838444384 3 
838444387 1279436 
839723823 170360 
839894183 1559 
839895742 69 
839895811 11 
839895822 7 
839895829 1488 
839897317 1279436 
841176753 417585 
841594338 4054 
841598392 227 
841598619 33 
841598652 19 
841598671 1 
841598672 496932 
842095604 75321 
842170925 22640 
842193565 227 
842193792 33 
842193825 3 
842193828 1279436 
843473264 271209 
843744473 64290 
843808763 1559 
843810322 455 
843810777 159 
843810936 1 
843810937 136238 
843947175 24655 
843971830 6069 
843977899 1559 
843979458 33 
843979491 11 
843979502 7 
843979509 1868395 
845847904 136238 
845984142 17794 
846001936 455 
846002391 33 
846002424 19 
846002443 1 
846002444 768141 
846770585 42707 
846813292 227 
846813519 69 
846813588 33 
846813621 19 
846813640 2 
846813642 8 
846813650 869158 
847682808 5614 
847688422 227 
847688649 69 
847688718 11 
847688729 4 
847688733 2 
847688735 1776368 
849465103 54001 
849519104 1258 
849520362 496932 
850017294 186159 
850203453 633 
850204086 227 
850204313 69 
850204382 33 
850204415 11 
850204426 4 
850204430 2 
850204432 1279436 
851483868 271209 
851755077 134969 
851890046 386 
851890432 22 
851890454 948225 
852838679 34122 
852872801 6069 
852878870 227 
852879097 69 
852879166 33 
852879199 8 
852879207 1 
852879208 43863 
852923071 4054 
852927125 211 
852927336 4 
852927340 2 
852927342 271209 
853198551 66736 
853265287 633 
853265920 227 
853266147 139 
853266286 2 
853266288 948225 
854214513 75321 
854289834 10138 
854299972 4054 
854304026 633 
854304659 455 
854305114 22 
854305136 4 
854305140 2 
854305142 2186393 
856491535 58221 
856549756 3604 
856553360 227 
856553587 69 
856553656 22 
856553678 2 
856553680 457366 
857011046 24655 
857035701 3604 
857039305 33 
857039338 8 
857039346 1 
857039347 768141 
857807488 75321 
857882809 4054 
857886863 386 
857887249 33 
857887282 19 
857887301 948225 
858835526 9911 
858845437 33 
858845470 19 
858845489 2 
858845491 43863 
858889354 6069 
858895423 1490 
858896913 11 
858896924 4 
858896928 2 
858896930 457366 
859354296 22640 
859376936 69 
859377005 33 
859377038 2 
859377040 1279436 
860656476 230022 
860886498 5614 
860892112 227 
860892339 55 
860892394 4 
860892398 1093277 
861985675 101017 
862086692 10138 
862096830 5614 
862102444 69 
862102513 19 
862102532 1 
862102533 1868395 
863970928 66736 
864037664 3604 
864041268 33 
864041301 8 
864041309 1 
864041310 75321 
864116631 6069 
864122700 227 
864122927 69 
864122996 7 
864123003 1279436 
865402439 1279436 
866681875 237255 
866919130 3604 
866922734 159 
866922893 8 
866922901 2 
866922903 271209 
867194112 6069 
867200181 1490 
867201671 22 
867201693 7 
867201700 271209 
867472909 75321 
867548230 10138 
867558368 4054 
867562422 455 
867562877 69 
867562946 22 
867562968 1 
867562969 1279436 
868842405 186159 
869028564 24655 
869053219 2516 
869055735 33 
869055768 11 
869055779 4 
869055783 496932 
869552715 186159 
869738874 10138 
869749012 633 
869749645 33 
869749678 8 
869749686 1279436 
871029122 237255 
871266377 386 
871266763 33 
871266796 2 
871266798 1279436 
872546234 101017 
872647251 9980 
872657231 139 
872657370 11 
872657381 4 
872657385 768141 
873425526 75321 
873500847 10138 
873510985 1559 
873512544 227 
873512771 137 
873512908 889367 
874402275 10138 
874412413 178 
874412591 11 
874412602 7 
874412609 1776368 
876188977 43863 
876232840 227 
876233067 69 
876233136 22 
876233158 7 
876233165 1279436 
877512601 101017 
877613618 227 
877613845 69 
877613914 33 
877613947 11 
877613958 7 
877613965 496932 
878110897 237255 
878348152 24655 
878372807 4054 
878376861 69 
878376930 55 
878376985 423416 
878800401 24655 
878825056 69 
878825125 55 
878825180 4 
878825184 1 
878825185 2142199 
880967384 33240 
881000624 11 
881000635 4 
881000639 2 
881000641 496932 
881497573 34122 
881531695 6069 
881537764 633 
881538397 227 
881538624 69 
881538693 19 
881538712 1279436 
882818148 271209 
883089357 58221 
883147578 1559 
883149137 386 
883149523 11 
883149534 7 
883149541 496932 
883646473 101017 
883747490 24655 
883772145 3604 
883775749 227 
883775976 22 
883775998 1 
883775999 423414 
884199413 1279436 
885478849 271209 
885750058 75321 
885825379 1559 
885826938 178 
885827116 1 
885827117 43863 
885870980 633 
885871613 227 
885871840 66 
885871906 1 
885871907 496932 
886368839 237255 
886606094 2192 
886608286 69 
886608355 22 
886608377 4 
886608381 2 
886608383 186159 
886794542 24655 
886819197 4054 
886823251 1329 
886824580 55 
886824635 8 
886824643 2 
886824645 2291948 
889116593 18586 
889135179 1329 
889136508 33 
889136541 1 
889136542 1279436 
890415978 423416 
890839394 10138 
890849532 4054 
890853586 22 
890853608 7 
890853615 457366 
891310981 1093277 
892404258 18586 
892422844 455 
892423299 69 
892423368 33 
892423401 1279436 
893702837 948225 
894651062 75321 
894726383 18586 
894744969 2971 
894747940 455 
894748395 69 
894748464 22 
894748486 3 
894748489 496932 
895245421 136238 
895381659 24655 
895406314 6069 
895412383 633 
895413016 19 
895413035 768141 
896181176 75321 
896256497 18586 
896275083 2665 
896277748 139 
896277887 4 
896277891 496932 
896774823 75321 
896850144 8585 
896858729 633 
896859362 22 
896859384 3 
896859387 496932 
897356319 230022 
897586341 4054 
897590395 455 
897590850 69 
897590919 22 
897590941 7 
897590948 407447 
897998395 6069 
898004464 1559 
898006023 170 
898006193 1 
898006194 2142199 
900148393 8585 
900156978 455 
900157433 69 
900157502 22 
900157524 4 
900157528 496932 
900654460 237255 
900891715 23408 
900915123 386 
900915509 1 
900915510 1279436 
902194946 271209 
902466155 58221 
902524376 3604 
902527980 69 
902528049 55 
902528104 7 
902528111 496932 
903025043 186159 
903211202 34122 
903245324 6069 
903251393 455 
903251848 55 
903251903 4 
903251907 2 
903251909 457366 
903709275 24655 
903733930 4054 
903737984 455 
903738439 33 
903738472 4 
903738476 2 
903738478 496932 
904235410 101017 
904336427 4054 
904340481 633 
904341114 455 
904341569 159 
904341728 4 
904341732 496932 
904838664 10138 
904848802 2971 
904851773 139 
904851912 11 
904851923 17794 
904869717 227 
904869944 11 
904869955 1279436 
906149391 101017 
906250408 24655 
906275063 4054 
906279117 69 
906279186 8 
906279194 1 
906279195 271209 
906550404 43863 
906594267 4054 
906598321 633 
906598954 227 
906599181 69 
906599250 33 
906599283 8 
906599291 1 
906599292 1279436 
907878728 101017 
907979745 10138 
907989883 4054 
907993937 19 
907993956 2291948 
910285904 271209 
910557113 75321 
910632434 17794 
910650228 455 
910650683 69 
910650752 11 
910650763 1 
910650764 1093277 
911744041 43863 
911787904 6069 
911793973 1559 
911795532 455 
911795987 69 
911796056 33 
911796089 8 
911796097 1 
911796098 1093277 
912889375 10138 
912899513 4054 
912903567 227 
912903794 69 
912903863 22 
912903885 1 
912903886 33 
912903919 1868395 
914772314 101017 
914873331 6069 
914879400 178 
914879578 4 
914879582 2 
914879584 1093277 
915972861 101017 
916073878 69 
916073947 33 
916073980 8 
916073988 1 
916073989 496932 
916570921 75321 
916646242 5614 
916651856 69 
916651925 33 
916651958 11 
916651969 4 
916651973 1 
916651974 100858 
916752832 1396 
916754228 101017 
916855245 24496 
916879741 69 
916879810 33 
916879843 1 
916879844 4054627 
920934471 1093277 
922027748 64290 
922092038 2192 
922094230 22 
922094252 271209 
922365461 66736 
922432197 6069 
922438266 1559 
922439825 22 
922439847 1 
922439848 2291948 
924731796 101017 
924832813 8585 
924841398 455 
924841853 139 
924841992 8 
924842000 1 
924842001 496932 
925338933 75321 
925414254 3604 
925417858 33 
925417891 19 
925417910 1 
925417911 1049083 
926466994 24655 
926491649 4054 
926495703 455 
926496158 33 
926496191 2 
926496193 768141 
927264334 6069 
927270403 455 
927270858 33 
927270891 2 
927270893 159 
927271052 768141 
928039193 75321 
928114514 10138 
928124652 3604 
928128256 11 
928128267 4 
928128271 1868395 
929996666 237255 
930233921 10138 
930244059 4054 
930248113 633 
930248746 455 
930249201 139 
930249340 11 
930249351 4 
930249355 2 
930249357 1049083 
931298440 24655 
931323095 6069 
931329164 139 
931329303 11 
931329314 2 
931329316 496932 
931826248 10138 
931836386 4054 
931840440 1396 
931841836 8 
931841844 768141 
932609985 633 
932610618 19 
932610637 1279436 
933890073 101017 
933991090 6069 
933997159 2192 
933999351 2 
933999353 768141 
934767494 633 
934768127 455 
934768582 139 
934768721 11 
934768732 2 
934768734 496932 
935265666 136238 
935401904 24041 
935425945 170 
935426115 3 
935426118 1868395 
937294513 237255 
937531768 18586 
937550354 2971 
937553325 455 
937553780 8 
937553788 1 
937553789 948225 
938502014 34122 
938536136 2192 
938538328 33 
938538361 4 
938538365 2 
938538367 417585 
938955952 1559 
938957511 227 
938957738 55 
938957793 4 
938957797 1 
938957798 496932 
939454730 75321 
939530051 10138 
939540189 66 
939540255 1 
939540256 1868395 
941408651 101017 
941509668 22640 
941532308 69 
941532377 11 
941532388 4 
941532392 496932 
942029324 186159 
942215483 6069 
942221552 2192 
942223744 3 
942223747 948225 
943171972 24655 
943196627 6069 
943202696 1490 
943204186 22 
943204208 4 
943204212 1 
943204213 237255 
943441468 10138 
943451606 4054 
943455660 227 
943455887 69 
943455956 33 
943455989 8 
943455997 1 
943455998 1279436 
944735434 271209 
945006643 101017 
945107660 10138 
945117798 2971 
945120769 386 
945121155 33 
945121188 2 
945121190 948225 
946069415 75321 
946144736 18586 
946163322 1559 
946164881 386 
946165267 11 
946165278 4 
946165282 1868395 
948033677 1490 
948035167 33 
948035200 4 
948035204 271209 
948306413 75321 
948381734 6069 
948387803 1396 
948389199 11 
948389210 4 
948389214 1279436 
949668650 101017 
949769667 8585 
949778252 633 
949778885 222 
949779107 1 
949779108 948225 
950727333 18586 
950745919 2192 
950748111 139 
950748250 8 
950748258 1 
950748259 271209 
951019468 101017 
951120485 24655 
951145140 1559 
951146699 386 
951147085 55 
951147140 8 
951147148 1 
951147149 1868395 
953015544 43863 
953059407 8585 
953067992 633 
953068625 227 
953068852 69 
953068921 55 
953068976 4 
953068980 1 
953068981 271209 
953340190 101017 
953441207 22640 
953463847 455 
953464302 69 
953464371 11 
953464382 4 
953464386 1 
953464387 1279436 
954743823 136238 
954880061 18586 
954898647 633 
954899280 455 
954899735 139 
954899874 1 
954899875 948225 
955848100 75321 
955923421 10138 
955933559 4054 
955937613 1490 
955939103 33 
955939136 11 
955939147 2 
955939149 496932 
956436081 186159 
956622240 18586 
956640826 1 
956640827 271209 
956912036 3604 
956915640 69 
956915709 22 
956915731 2 
956915733 1093277 
958009010 101017 
958110027 10138 
958120165 5614 
958125779 33 
958125812 11 
958125823 1 
958125824 101017 
958226841 24655 
958251496 633 
958252129 227 
958252356 69 
958252425 33 
958252458 11 
958252469 4 
958252473 2 
958252475 2291948 
960544423 237255 
960781678 1559 
960783237 159 
960783396 1 
960783397 496932 
961280329 101017 
961381346 10138 
961391484 633 
961392117 227 
961392344 69 
961392413 4 
961392417 1 
961392418 1279436 
962671854 457366 
963129220 24655 
963153875 4054 
963157929 633 
963158562 33 
963158595 11 
963158606 7 
963158613 1279436 
964438049 136238 
964574287 17169 
964591456 11 
964591467 4 
964591471 2 
964591473 496932 
965088405 75321 
965163726 18586 
965182312 1559 
965183871 455 
965184326 55 
965184381 2 
965184383 948225 
966132608 16207 
966148815 227 
966149042 139 
966149181 11 
966149192 4 
966149196 1 
966149197 237255 
966386452 2516 
966388968 33 
966389001 3 
966389004 1279436 
967668440 271209 
967939649 34122 
967973771 5614 
967979385 139 
967979524 11 
967979535 7 
967979542 271209 
968250751 10138 
968260889 2971 
968263860 386 
968264246 55 
968264301 8 
968264309 2 
968264311 1279436 
969543747 24655 
969568402 1490 
969569892 33 
969569925 19 
969569944 2 
969569946 1279436 
970849382 490863 
971340245 5614 
971345859 33 
971345892 8 
971345900 43340 
971389240 69 
971389309 22 
971389331 7 
971389338 1279436 
972668774 271209 
972939983 24655 
972964638 2971 
972967609 386 
972967995 33 
972968028 11 
972968039 3 
972968042 186159 
973154201 10138 
973164339 455 
973164794 55 
973164849 4 
973164853 1049083 
974213936 10138 
974224074 3604 
974227678 211 
974227889 2 
974227891 496932 
974724823 66736 
974791559 6069 
974797628 1559 
974799187 455 
974799642 7 
974799649 34122 
974833771 6069 
974839840 211 
974840051 4 
974840055 2 
974840057 880782 
975720839 4054 
975724893 1329 
975726222 3 
975726225 496932 
976223157 101017 
976324174 24655 
976348829 6069 
976354898 455 
976355353 11 
976355364 4 
976355368 2 
976355370 2291948 
978647318 1093277 
979740595 34122 
979774717 4054 
979778771 633 
979779404 22 
979779426 4 
979779430 2 
979779432 237255 
980016687 2291948 
982308635 18586 
982327221 3604 
982330825 227 
982331052 22 
982331074 2 
982331076 948225 
983279301 75321 
983354622 2971 
983357593 69 
983357662 55 
983357717 8 
983357725 2 
983357727 186159 
983543886 8585 
983552471 633 
983553104 55 
983553159 4 
983553163 2 
983553165 496932 
984050097 43863 
984093960 4054 
984098014 33 
984098047 11 
984098058 3 
984098061 496932 
984594993 186159 
984781152 34122 
984815274 633 
984815907 227 
984816134 69 
984816203 22 
984816225 1 
984816226 1279436 
986095662 423416 
986519078 10138 
986529216 4054 
986533270 227 
986533497 22 
986533519 4 
986533523 1 
986533524 136238 
986669762 10138 
986679900 1559 
986681459 455 
986681914 69 
986681983 33 
986682016 4 
986682020 1 
986682021 1279436 
987961457 58221 
988019678 4054 
988023732 139 
988023871 11 
988023882 2291948 
990315830 768141 
991083971 10138 
991094109 4054 
991098163 633 
991098796 69 
991098865 33 
991098898 11 
991098909 4 
991098913 1 
991098914 1049083 
992147997 34122 
992182119 633 
992182752 227 
992182979 139 
992183118 11 
992183129 10138 
992193267 4054 
992197321 33 
992197354 7 
992197361 134969 
992332330 455 
992332785 69 
992332854 19 
992332873 423416 
992756289 1559 
992757848 455 
992758303 33 
992758336 11 
992758347 4 
992758351 2 
992758353 1868395 
994626748 136238 
994762986 24655 
994787641 6069 
994793710 633 
994794343 455 
994794798 69 
994794867 55 
994794922 496932 
995291854 170360 
995462214 1559 
995463773 69 
995463842 8 
995463850 1 
995463851 2291948 
997755799 43863 
997799662 2971 
997802633 178 
997802811 11 
997802822 4 
997802826 880782 
998683608 6069 
998689677 139 
998689816 11 
998689827 4 
998689831 2 
