2803
1 1 
2 1 
3 2 
5 3 
8 5 
13 8 
21 13 
34 21 
55 34 
89 8 
97 1 
98 97 
195 21 
216 5 
221 1 
222 221 
443 98 
541 34 
575 34 
609 222 
831 21 
852 8 
860 2 
862 195 
1057 8 
1065 2 
1067 13 
1080 3 
1083 1 
1084 34 
1118 5 
1123 2 
1125 34 
1159 5 
1164 1 
1165 98 
1263 34 
1297 5 
1302 89 
1391 1 
1392 21 
1413 5 
1418 222 
1640 98 
1738 13 
1751 3 
1754 1 
1755 222 
1977 34 
2011 13 
2024 13 
2037 1 
2038 13 
2051 98 
2149 34 
2183 13 
2196 3 
2199 1 
2200 21 
2221 8 
2229 1 
2230 8 
2238 2 
2240 34 
2274 2 
2276 98 
2374 21 
2395 8 
2403 34 
2437 1 
2438 8 
2446 1 
2447 21 
2468 5 
2473 98 
2571 21 
2592 8 
2600 1 
2601 55 
2656 21 
2677 5 
2682 1 
2683 34 
2717 13 
2730 1 
2731 34 
2765 13 
2778 5 
2783 1 
2784 21 
2805 3 
2808 1 
2809 89 
2898 2 
2900 98 
2998 13 
3011 3 
3014 55 
3069 21 
3090 8 
3098 2 
3100 8 
3108 1 
3109 222 
3331 98 
3429 55 
3484 21 
3505 5 
3510 89 
3599 5 
3604 97 
3701 13 
3714 5 
3719 1 
3720 222 
3942 55 
3997 21 
4018 3 
4021 98 
4119 3 
4122 98 
4220 8 
4228 3 
4231 1 
4232 34 
4266 13 
4279 2 
4281 98 
4379 55 
4434 3 
4437 1 
4438 98 
4536 34 
4570 5 
4575 1 
4576 98 
4674 55 
4729 13 
4742 5 
4747 2 
4749 55 
4804 13 
4817 5 
4822 2 
4824 98 
4922 8 
4930 34 
4964 13 
4977 3 
4980 34 
5014 8 
5022 3 
5025 1 
5026 55 
5081 13 
5094 5 
5099 98 
5197 34 
5231 3 
5234 34 
5268 13 
5281 1 
5282 21 
5303 5 
5308 2 
5310 89 
5399 34 
5433 8 
5441 1 
5442 5 
5447 89 
5536 3 
5539 1 
5540 34 
5574 5 
5579 1 
5580 89 
5669 5 
5674 2 
5676 98 
5774 55 
5829 13 
5842 1 
5843 34 
5877 98 
5975 21 
5996 1 
5997 21 
6018 8 
6026 3 
6029 21 
6050 98 
6148 3 
6151 1 
6152 222 
6374 195 
6569 8 
6577 3 
6580 34 
6614 222 
6836 34 
6870 3 
6873 3 
6876 1 
6877 34 
6911 8 
6919 3 
6922 3 
6925 1 
6926 8 
6934 2 
6936 8 
6944 2 
6946 34 
6980 13 
6993 8 
7001 2 
7003 222 
7225 34 
7259 5 
7264 1 
7265 222 
7487 98 
7585 55 
7640 21 
7661 5 
7666 13 
7679 5 
7684 1 
7685 34 
7719 13 
7732 3 
7735 1 
7736 89 
7825 3 
7828 1 
7829 13 
7842 55 
7897 13 
7910 3 
7913 1 
7914 34 
7948 13 
7961 3 
7964 34 
7998 13 
8011 1 
8012 34 
8046 3 
8049 1 
8050 98 
8148 34 
8182 13 
8195 1 
8196 195 
8391 13 
8404 2 
8406 55 
8461 8 
8469 21 
8490 8 
8498 3 
8501 21 
8522 3 
8525 5 
8530 1 
8531 222 
8753 98 
8851 55 
8906 8 
8914 98 
9012 34 
9046 8 
9054 98 
9152 34 
9186 3 
9189 2 
9191 3 
9194 1 
9195 195 
9390 8 
9398 3 
9401 1 
9402 98 
9500 3 
9503 222 
9725 55 
9780 8 
9788 3 
9791 1 
9792 21 
9813 5 
9818 2 
9820 34 
9854 13 
9867 2 
9869 34 
9903 13 
9916 2 
9918 55 
9973 8 
9981 3 
9984 1 
9985 21 
10006 2 
10008 34 
10042 13 
10055 1 
10056 8 
10064 1 
10065 34 
10099 13 
10112 1 
10113 13 
10126 34 
10160 1 
10161 98 
10259 21 
10280 8 
10288 2 
10290 21 
10311 5 
10316 21 
10337 34 
10371 3 
10374 98 
10472 8 
10480 1 
10481 222 
10703 216 
10919 3 
10922 8 
10930 1 
10931 98 
11029 5 
11034 1 
11035 21 
11056 3 
11059 98 
11157 55 
11212 21 
11233 2 
11235 8 
11243 2 
11245 98 
11343 13 
11356 1 
11357 222 
11579 98 
11677 34 
11711 13 
11724 5 
11729 1 
11730 98 
11828 55 
11883 55 
11938 8 
11946 2 
11948 222 
12170 98 
12268 3 
12271 34 
12305 13 
12318 5 
12323 2 
12325 98 
12423 21 
12444 8 
12452 8 
12460 3 
12463 1 
12464 222 
12686 13 
12699 5 
12704 13 
12717 34 
12751 3 
12754 1 
12755 34 
12789 13 
12802 3 
12805 1 
12806 13 
12819 21 
12840 1 
12841 55 
12896 13 
12909 3 
12912 21 
12933 1 
12934 34 
12968 13 
12981 1 
12982 98 
13080 21 
13101 8 
13109 3 
13112 222 
13334 98 
13432 55 
13487 13 
13500 3 
13503 1 
13504 8 
13512 1 
13513 89 
13602 5 
13607 1 
13608 98 
13706 34 
13740 13 
13753 2 
13755 89 
13844 1 
13845 98 
13943 34 
13977 8 
13985 3 
13988 1 
13989 222 
14211 55 
14266 1 
14267 98 
14365 55 
14420 5 
14425 2 
14427 34 
14461 13 
14474 5 
14479 21 
14500 3 
14503 21 
14524 8 
14532 98 
14630 34 
14664 8 
14672 3 
14675 98 
14773 21 
14794 1 
14795 21 
14816 3 
14819 1 
14820 34 
14854 13 
14867 3 
14870 1 
14871 55 
14926 21 
14947 3 
14950 13 
14963 5 
14968 2 
14970 98 
15068 34 
15102 3 
15105 34 
15139 5 
15144 21 
15165 8 
15173 98 
15271 34 
15305 5 
15310 1 
15311 3 
15314 1 
15315 21 
15336 8 
15344 1 
15345 222 
15567 13 
15580 5 
15585 2 
15587 21 
15608 5 
15613 2 
15615 222 
15837 98 
15935 5 
15940 8 
15948 222 
16170 98 
16268 13 
16281 5 
16286 1 
16287 55 
16342 13 
16355 5 
16360 2 
16362 98 
16460 21 
16481 8 
16489 55 
16544 8 
16552 3 
16555 1 
16556 55 
16611 13 
16624 5 
16629 2 
16631 13 
16644 3 
16647 98 
16745 21 
16766 8 
16774 2 
16776 21 
16797 3 
16800 1 
16801 34 
16835 13 
16848 5 
16853 34 
16887 5 
16892 1 
16893 5 
16898 2 
16900 55 
16955 13 
16968 3 
16971 55 
17026 13 
17039 5 
17044 1 
17045 222 
17267 3 
17270 1 
17271 98 
17369 21 
17390 8 
17398 3 
17401 55 
17456 13 
17469 3 
17472 222 
17694 98 
17792 2 
17794 8 
17802 1 
17803 98 
17901 21 
17922 5 
17927 2 
17929 34 
17963 13 
17976 5 
17981 2 
17983 21 
18004 5 
18009 195 
18204 1 
18205 8 
18213 1 
18214 21 
18235 5 
18240 1 
18241 98 
18339 34 
18373 13 
18386 5 
18391 1 
18392 55 
18447 8 
18455 2 
18457 98 
18555 55 
18610 2 
18612 195 
18807 13 
18820 1 
18821 195 
19016 13 
19029 5 
19034 2 
19036 21 
19057 3 
19060 222 
19282 34 
19316 5 
19321 98 
19419 21 
19440 222 
19662 98 
19760 55 
19815 21 
19836 8 
19844 34 
19878 8 
19886 3 
19889 195 
20084 8 
20092 2 
20094 13 
20107 2 
20109 21 
20130 5 
20135 34 
20169 13 
20182 2 
20184 541 
20725 8 
20733 2 
20735 5 
20740 98 
20838 13 
20851 5 
20856 55 
20911 3 
20914 1 
20915 34 
20949 8 
20957 55 
21012 21 
21033 222 
21255 34 
21289 8 
21297 3 
21300 1 
21301 34 
21335 13 
21348 2 
21350 13 
21363 222 
21585 89 
21674 5 
21679 98 
21777 89 
21866 1 
21867 98 
21965 13 
21978 5 
21983 1 
21984 3 
21987 34 
22021 8 
22029 3 
22032 1 
22033 97 
22130 216 
22346 13 
22359 3 
22362 34 
22396 1 
22397 98 
22495 21 
22516 8 
22524 2 
22526 21 
22547 222 
22769 98 
22867 21 
22888 5 
22893 2 
22895 13 
22908 5 
22913 2 
22915 34 
22949 3 
22952 55 
23007 3 
23010 1 
23011 34 
23045 5 
23050 222 
23272 98 
23370 34 
23404 13 
23417 1 
23418 8 
23426 21 
23447 2 
23449 55 
23504 1 
23505 21 
23526 5 
23531 1 
23532 98 
23630 55 
23685 21 
23706 8 
23714 2 
23716 55 
23771 13 
23784 5 
23789 1 
23790 98 
23888 55 
23943 21 
23964 5 
23969 2 
23971 98 
24069 34 
24103 13 
24116 5 
24121 34 
24155 8 
24163 222 
24385 98 
24483 34 
24517 13 
24530 5 
24535 1 
24536 13 
24549 5 
24554 2 
24556 5 
24561 34 
24595 13 
24608 2 
24610 8 
24618 3 
24621 222 
24843 21 
24864 1 
24865 98 
24963 13 
24976 1 
24977 8 
24985 89 
25074 5 
25079 55 
25134 21 
25155 8 
25163 98 
25261 34 
25295 5 
25300 2 
25302 98 
25400 8 
25408 2 
25410 13 
25423 5 
25428 2 
25430 13 
25443 2 
25445 98 
25543 8 
25551 2 
25553 222 
25775 55 
25830 13 
25843 5 
25848 1 
25849 55 
25904 8 
25912 3 
25915 8 
25923 195 
26118 13 
26131 1 
26132 55 
26187 13 
26200 2 
26202 55 
26257 13 
26270 3 
26273 1 
26274 222 
26496 34 
26530 8 
26538 13 
26551 5 
26556 1 
26557 21 
26578 8 
26586 13 
26599 5 
26604 2 
26606 89 
26695 5 
26700 98 
26798 21 
26819 5 
26824 3 
26827 34 
26861 13 
26874 5 
26879 2 
26881 34 
26915 3 
26918 5 
26923 2 
26925 21 
26946 5 
26951 55 
27006 21 
27027 8 
27035 98 
27133 3 
27136 1 
27137 98 
27235 3 
27238 13 
27251 5 
27256 34 
27290 5 
27295 1 
27296 222 
27518 55 
27573 13 
27586 5 
27591 1 
27592 222 
27814 8 
27822 3 
27825 3 
27828 1 
27829 98 
27927 89 
28016 1 
28017 222 
28239 34 
28273 13 
28286 2 
28288 98 
28386 55 
28441 13 
28454 2 
28456 222 
28678 98 
28776 13 
28789 5 
28794 55 
28849 8 
28857 98 
28955 55 
29010 21 
29031 3 
29034 98 
29132 21 
29153 222 
29375 55 
29430 13 
29443 5 
29448 98 
29546 21 
29567 1 
29568 98 
29666 8 
29674 13 
29687 5 
29692 2 
29694 98 
29792 21 
29813 8 
29821 1 
29822 13 
29835 3 
29838 34 
29872 13 
29885 1 
29886 34 
29920 13 
29933 1 
29934 8 
29942 1 
29943 55 
29998 5 
30003 55 
30058 13 
30071 1 
30072 98 
30170 55 
30225 13 
30238 5 
30243 2 
30245 222 
30467 98 
30565 3 
30568 13 
30581 5 
30586 1 
30587 98 
30685 55 
30740 8 
30748 13 
30761 2 
30763 21 
30784 3 
30787 13 
30800 98 
30898 55 
30953 21 
30974 8 
30982 2 
30984 98 
31082 8 
31090 3 
31093 1 
31094 98 
31192 89 
31281 5 
31286 1 
31287 34 
31321 3 
31324 1 
31325 98 
31423 8 
31431 3 
31434 3 
31437 1 
31438 13 
31451 5 
31456 34 
31490 13 
31503 3 
31506 1 
31507 13 
31520 3 
31523 1 
31524 34 
31558 2 
31560 34 
31594 13 
31607 2 
31609 195 
31804 13 
31817 1 
31818 98 
31916 55 
31971 21 
31992 5 
31997 2 
31999 443 
32442 34 
32476 8 
32484 34 
32518 13 
32531 5 
32536 1 
32537 21 
32558 21 
32579 2 
32581 8 
32589 1 
32590 575 
33165 21 
33186 3 
33189 5 
33194 2 
33196 55 
33251 21 
33272 5 
33277 1 
33278 98 
33376 21 
33397 8 
33405 55 
33460 21 
33481 8 
33489 1 
33490 55 
33545 5 
33550 222 
33772 55 
33827 21 
33848 3 
33851 1 
33852 222 
34074 98 
34172 8 
34180 3 
34183 1 
34184 21 
34205 8 
34213 21 
34234 34 
34268 8 
34276 34 
34310 1 
34311 21 
34332 3 
34335 89 
34424 5 
34429 55 
34484 5 
34489 34 
34523 34 
34557 13 
34570 3 
34573 89 
34662 5 
34667 2 
34669 222 
34891 21 
34912 3 
34915 1 
34916 5 
34921 13 
34934 3 
34937 1 
34938 98 
35036 89 
35125 3 
35128 1 
35129 55 
35184 8 
35192 98 
35290 55 
35345 5 
35350 1 
35351 34 
35385 2 
35387 98 
35485 55 
35540 8 
35548 34 
35582 13 
35595 3 
35598 13 
35611 3 
35614 13 
35627 1 
35628 34 
35662 2 
35664 34 
35698 222 
35920 21 
35941 3 
35944 55 
35999 13 
36012 21 
36033 3 
36036 98 
36134 13 
36147 1 
36148 98 
36246 5 
36251 98 
36349 13 
36362 5 
36367 2 
36369 55 
36424 21 
36445 3 
36448 8 
36456 3 
36459 1 
36460 98 
36558 55 
36613 8 
36621 1 
36622 98 
36720 34 
36754 8 
36762 98 
36860 34 
36894 3 
36897 55 
36952 21 
36973 55 
37028 21 
37049 8 
37057 3 
37060 55 
37115 8 
37123 3 
37126 216 
37342 3 
37345 1 
37346 55 
37401 3 
37404 21 
37425 1 
37426 21 
37447 2 
37449 13 
37462 2 
37464 8 
37472 2 
37474 222 
37696 55 
37751 5 
37756 98 
37854 21 
37875 5 
37880 222 
38102 34 
38136 13 
38149 5 
38154 2 
38156 21 
38177 3 
38180 1 
38181 98 
38279 55 
38334 3 
38337 1 
38338 13 
38351 1 
38352 98 
38450 34 
38484 5 
38489 2 
38491 89 
38580 5 
38585 2 
38587 55 
38642 13 
38655 5 
38660 1 
38661 89 
38750 5 
38755 2 
38757 55 
38812 2 
38814 55 
38869 13 
38882 3 
38885 5 
38890 8 
38898 21 
38919 8 
38927 21 
38948 5 
38953 2 
38955 55 
39010 21 
39031 3 
39034 98 
39132 55 
39187 21 
39208 3 
39211 34 
39245 13 
39258 5 
39263 2 
39265 575 
39840 13 
39853 2 
39855 98 
39953 89 
40042 98 
40140 13 
40153 5 
40158 2 
40160 34 
40194 8 
40202 3 
40205 1 
40206 8 
40214 2 
40216 98 
40314 34 
40348 8 
40356 1 
40357 222 
40579 3 
40582 3 
40585 1 
40586 55 
40641 222 
40863 98 
40961 3 
40964 21 
40985 222 
41207 55 
41262 8 
41270 2 
41272 98 
41370 13 
41383 21 
41404 3 
41407 1 
41408 98 
41506 13 
41519 5 
41524 1 
41525 55 
41580 5 
41585 1 
41586 34 
41620 5 
41625 55 
41680 21 
41701 8 
41709 2 
41711 222 
41933 55 
41988 13 
42001 3 
42004 1 
42005 55 
42060 21 
42081 8 
42089 1 
42090 222 
42312 21 
42333 98 
42431 34 
42465 8 
42473 2 
42475 222 
42697 55 
42752 21 
42773 8 
42781 8 
42789 98 
42887 89 
42976 3 
42979 1 
42980 222 
43202 55 
43257 13 
43270 5 
43275 1 
43276 98 
43374 13 
43387 1 
43388 98 
43486 21 
43507 8 
43515 3 
43518 1 
43519 89 
43608 5 
43613 1 
43614 34 
43648 13 
43661 55 
43716 3 
43719 55 
43774 8 
43782 3 
43785 222 
44007 55 
44062 3 
44065 222 
44287 98 
44385 55 
44440 8 
44448 2 
44450 98 
44548 5 
44553 222 
44775 34 
44809 13 
44822 3 
44825 34 
44859 5 
44864 98 
44962 13 
44975 5 
44980 2 
44982 195 
45177 5 
45182 1 
45183 21 
45204 55 
45259 21 
45280 5 
45285 2 
45287 55 
45342 2 
45344 55 
45399 21 
45420 8 
45428 3 
45431 1 
45432 98 
45530 8 
45538 98 
45636 55 
45691 5 
45696 98 
45794 5 
45799 2 
45801 98 
45899 3 
45902 1 
45903 98 
46001 3 
46004 1 
46005 98 
46103 34 
46137 3 
46140 195 
46335 13 
46348 1 
46349 89 
46438 3 
46441 34 
46475 2 
46477 13 
46490 5 
46495 98 
46593 55 
46648 13 
46661 1 
46662 55 
46717 8 
46725 2 
46727 34 
46761 5 
46766 1 
46767 55 
46822 13 
46835 2 
46837 3 
46840 34 
46874 8 
46882 3 
46885 34 
46919 195 
47114 13 
47127 443 
47570 5 
47575 1 
47576 222 
47798 98 
47896 34 
47930 5 
47935 2 
47937 55 
47992 8 
48000 1 
48001 98 
48099 55 
48154 21 
48175 5 
48180 13 
48193 3 
48196 222 
48418 98 
48516 8 
48524 2 
48526 55 
48581 13 
48594 3 
48597 98 
48695 21 
48716 8 
48724 222 
48946 13 
48959 3 
48962 21 
48983 8 
48991 3 
48994 1 
48995 55 
49050 5 
49055 21 
49076 2 
49078 98 
49176 21 
49197 5 
49202 13 
49215 34 
49249 8 
49257 2 
49259 98 
49357 34 
49391 8 
49399 1 
49400 1 
49401 21 
49422 3 
49425 3 
49428 1 
49429 195 
49624 8 
49632 3 
49635 13 
49648 2 
49650 13 
49663 3 
49666 1 
49667 98 
49765 8 
49773 3 
49776 1 
49777 222 
49999 13 
50012 5 
50017 55 
50072 21 
50093 5 
50098 2 
50100 13 
50113 1 
50114 98 
50212 21 
50233 8 
50241 3 
50244 21 
50265 5 
50270 1 
50271 98 
50369 21 
50390 8 
50398 3 
50401 1 
50402 195 
50597 13 
50610 3 
50613 216 
50829 2 
50831 2 
50833 98 
50931 55 
50986 5 
50991 2 
50993 13 
51006 2 
51008 34 
51042 3 
51045 1 
51046 98 
51144 21 
51165 8 
51173 2 
51175 222 
51397 21 
51418 8 
51426 3 
51429 1 
51430 21 
51451 8 
51459 98 
51557 8 
51565 98 
51663 13 
51676 2 
51678 55 
51733 21 
51754 3 
51757 1 
51758 221 
51979 55 
52034 13 
52047 5 
52052 1 
52053 89 
52142 34 
52176 13 
52189 34 
52223 8 
52231 2 
52233 5 
52238 34 
52272 13 
52285 5 
52290 1 
52291 222 
52513 98 
52611 55 
52666 21 
52687 8 
52695 3 
52698 34 
52732 2 
52734 98 
52832 55 
52887 21 
52908 5 
52913 2 
52915 34 
52949 13 
52962 3 
52965 55 
53020 21 
53041 3 
53044 1 
53045 222 
53267 21 
53288 5 
53293 1 
53294 5 
53299 2 
53301 13 
53314 2 
53316 98 
53414 34 
53448 13 
53461 5 
53466 1 
53467 3 
53470 1 
53471 195 
53666 5 
53671 21 
53692 8 
53700 98 
53798 13 
53811 5 
53816 98 
53914 21 
53935 2 
53937 13 
53950 1 
53951 98 
54049 13 
54062 3 
54065 21 
54086 8 
54094 1 
54095 34 
54129 13 
54142 2 
54144 21 
54165 5 
54170 2 
54172 222 
54394 34 
54428 8 
54436 2 
54438 89 
54527 3 
54530 1 
54531 34 
54565 55 
54620 21 
54641 8 
54649 3 
54652 222 
54874 195 
55069 3 
55072 1 
55073 98 
55171 2 
55173 55 
55228 21 
55249 13 
55262 5 
55267 1 
55268 98 
55366 2 
55368 55 
55423 13 
55436 1 
55437 98 
55535 55 
55590 3 
55593 1 
55594 8 
55602 2 
55604 5 
55609 1 
55610 98 
55708 55 
55763 1 
55764 98 
55862 55 
55917 21 
55938 3 
55941 1 
55942 34 
55976 13 
55989 5 
55994 2 
55996 3 
55999 34 
56033 13 
56046 3 
56049 98 
56147 55 
56202 21 
56223 8 
56231 13 
56244 3 
56247 1 
56248 5 
56253 222 
56475 195 
56670 8 
56678 1 
56679 98 
56777 2 
56779 55 
56834 13 
56847 3 
56850 1 
56851 34 
56885 8 
56893 2 
56895 55 
56950 89 
57039 98 
57137 34 
57171 8 
57179 1 
57180 13 
57193 5 
57198 55 
57253 21 
57274 5 
57279 1 
57280 8 
57288 3 
57291 1 
57292 98 
57390 3 
57393 1 
57394 222 
57616 89 
57705 1 
57706 98 
57804 21 
57825 3 
57828 1 
57829 98 
57927 55 
57982 21 
58003 8 
58011 8 
58019 3 
58022 1 
58023 13 
58036 5 
58041 55 
58096 21 
58117 3 
58120 55 
58175 13 
58188 3 
58191 98 
58289 55 
58344 21 
58365 5 
58370 98 
58468 5 
58473 55 
58528 5 
58533 1 
58534 5 
58539 2 
58541 13 
58554 98 
58652 21 
58673 5 
58678 98 
58776 34 
58810 3 
58813 1 
58814 222 
59036 55 
59091 13 
59104 1 
59105 443 
59548 55 
59603 1 
59604 13 
59617 5 
59622 98 
59720 55 
59775 21 
59796 5 
59801 1 
59802 98 
59900 8 
59908 34 
59942 55 
59997 21 
60018 8 
60026 21 
60047 5 
60052 1 
60053 55 
60108 13 
60121 5 
60126 13 
60139 5 
60144 1 
60145 21 
60166 5 
60171 2 
60173 34 
60207 3 
60210 55 
60265 8 
60273 1 
60274 55 
60329 13 
60342 2 
60344 13 
60357 2 
60359 55 
60414 21 
60435 5 
60440 2 
60442 98 
60540 55 
60595 13 
60608 5 
60613 1 
60614 34 
60648 8 
60656 3 
60659 98 
60757 2 
60759 55 
60814 3 
60817 98 
60915 55 
60970 8 
60978 1 
60979 89 
61068 89 
61157 1 
61158 98 
61256 89 
61345 1 
61346 98 
61444 21 
61465 8 
61473 2 
61475 55 
61530 21 
61551 3 
61554 1 
61555 97 
61652 55 
61707 5 
61712 2 
61714 98 
61812 55 
61867 8 
61875 2 
61877 1 
61878 34 
61912 2 
61914 55 
61969 1 
61970 34 
62004 21 
62025 5 
62030 1 
62031 98 
62129 2 
62131 21 
62152 3 
62155 55 
62210 21 
62231 1 
62232 222 
62454 13 
62467 2 
62469 222 
62691 98 
62789 55 
62844 13 
62857 5 
62862 2 
62864 34 
62898 5 
62903 1 
62904 443 
63347 55 
63402 2 
63404 34 
63438 8 
63446 1 
63447 3 
63450 34 
63484 13 
63497 5 
63502 2 
63504 21 
63525 8 
63533 98 
63631 55 
63686 5 
63691 222 
63913 98 
64011 34 
64045 5 
64050 2 
64052 21 
64073 8 
64081 55 
64136 21 
64157 8 
64165 3 
64168 1 
64169 34 
64203 3 
64206 89 
64295 5 
64300 2 
64302 55 
64357 21 
64378 1 
64379 2 
64381 34 
64415 1 
64416 3 
64419 55 
64474 13 
64487 5 
64492 1 
64493 98 
64591 89 
64680 5 
64685 2 
64687 55 
64742 13 
64755 1 
64756 21 
64777 1 
64778 55 
64833 21 
64854 8 
64862 13 
64875 5 
64880 2 
64882 13 
64895 2 
64897 222 
65119 21 
65140 8 
65148 98 
65246 34 
65280 1 
65281 1 
65282 195 
65477 5 
65482 2 
65484 195 
65679 5 
65684 2 
65686 13 
65699 5 
65704 2 
65706 13 
65719 1 
65720 34 
65754 5 
65759 98 
65857 89 
65946 3 
65949 89 
66038 5 
66043 2 
66045 34 
66079 5 
66084 1 
66085 55 
66140 13 
66153 2 
66155 222 
66377 21 
66398 8 
66406 2 
66408 222 
66630 3 
66633 98 
66731 34 
66765 222 
66987 98 
67085 21 
67106 8 
67114 3 
67117 98 
67215 13 
67228 5 
67233 2 
67235 21 
67256 1 
67257 195 
67452 3 
67455 2 
67457 89 
67546 2 
67548 89 
67637 5 
67642 1 
67643 34 
67677 2 
67679 55 
67734 21 
67755 1 
67756 21 
67777 5 
67782 34 
67816 8 
67824 1 
67825 98 
67923 55 
67978 13 
67991 98 
68089 34 
68123 8 
68131 55 
68186 21 
68207 2 
68209 34 
68243 13 
68256 5 
68261 1 
68262 21 
68283 3 
68286 98 
68384 21 
68405 1 
68406 34 
68440 8 
68448 3 
68451 222 
68673 222 
68895 98 
68993 13 
69006 3 
69009 1 
69010 5 
69015 2 
69017 98 
69115 34 
69149 13 
69162 3 
69165 98 
69263 55 
69318 8 
69326 34 
69360 222 
69582 21 
69603 5 
69608 1 
69609 3 
69612 98 
69710 13 
69723 5 
69728 2 
69730 21 
69751 3 
69754 1 
69755 55 
69810 21 
69831 2 
69833 34 
69867 1 
69868 55 
69923 13 
69936 5 
69941 222 
70163 98 
70261 34 
70295 8 
70303 2 
70305 97 
70402 222 
70624 34 
70658 8 
70666 2 
70668 13 
70681 3 
70684 1 
70685 21 
70706 5 
70711 222 
70933 34 
70967 98 
71065 55 
71120 8 
71128 3 
71131 1 
71132 21 
71153 8 
71161 13 
71174 5 
71179 1 
71180 195 
71375 8 
71383 3 
71386 1 
71387 222 
71609 34 
71643 3 
71646 195 
71841 3 
71844 55 
71899 13 
71912 5 
71917 2 
71919 5 
71924 1 
71925 1 
71926 55 
71981 8 
71989 13 
72002 1 
72003 98 
72101 89 
72190 5 
72195 2 
72197 89 
72286 3 
72289 1 
72290 34 
72324 8 
72332 3 
72335 222 
72557 89 
72646 5 
72651 1 
72652 98 
72750 13 
72763 5 
72768 1 
72769 21 
72790 5 
72795 1 
72796 21 
72817 5 
72822 2 
72824 98 
72922 13 
72935 1 
72936 34 
72970 98 
73068 13 
73081 3 
73084 1 
73085 98 
73183 34 
73217 8 
73225 3 
73228 34 
73262 13 
73275 3 
73278 98 
73376 8 
73384 2 
73386 34 
73420 8 
73428 98 
73526 34 
73560 13 
73573 34 
73607 222 
73829 2 
73831 98 
73929 5 
73934 195 
74129 34 
74163 8 
74171 3 
74174 1 
74175 21 
74196 8 
74204 1 
74205 216 
74421 3 
74424 1 
74425 55 
74480 13 
74493 2 
74495 222 
74717 21 
74738 5 
74743 1 
74744 34 
74778 13 
74791 2 
74793 222 
75015 21 
75036 3 
75039 1 
75040 21 
75061 2 
75063 21 
75084 2 
75086 21 
75107 8 
75115 3 
75118 1 
75119 98 
75217 55 
75272 8 
75280 1 
75281 21 
75302 8 
75310 3 
75313 8 
75321 3 
75324 98 
75422 34 
75456 13 
75469 222 
75691 21 
75712 8 
75720 1 
75721 13 
75734 3 
75737 89 
75826 5 
75831 55 
75886 3 
75889 13 
75902 3 
75905 34 
75939 13 
75952 3 
75955 1 
75956 13 
75969 1 
75970 34 
76004 13 
76017 3 
76020 21 
76041 8 
76049 2 
76051 98 
76149 34 
76183 13 
76196 8 
76204 8 
76212 1 
76213 8 
76221 1 
76222 98 
76320 8 
76328 2 
76330 222 
76552 98 
76650 34 
76684 1 
76685 34 
76719 5 
76724 1 
76725 5 
76730 1 
76731 98 
76829 34 
76863 13 
76876 5 
76881 2 
76883 55 
76938 8 
76946 3 
76949 1 
76950 222 
77172 8 
77180 55 
77235 8 
77243 3 
77246 55 
77301 3 
77304 1 
77305 222 
77527 98 
77625 55 
77680 5 
77685 2 
77687 98 
77785 8 
77793 1 
77794 34 
77828 1 
77829 98 
77927 34 
77961 8 
77969 2 
77971 34 
78005 13 
78018 2 
78020 34 
78054 13 
78067 5 
78072 2 
78074 21 
78095 8 
78103 55 
78158 5 
78163 1 
78164 21 
78185 1 
78186 98 
78284 55 
78339 13 
78352 5 
78357 2 
78359 34 
78393 13 
78406 2 
78408 98 
78506 21 
78527 8 
78535 2 
78537 98 
78635 13 
78648 1 
78649 98 
78747 21 
78768 8 
78776 2 
78778 222 
79000 21 
79021 5 
79026 1 
79027 13 
79040 195 
79235 13 
79248 5 
79253 21 
79274 3 
79277 1 
79278 222 
79500 98 
79598 55 
79653 21 
79674 8 
79682 1 
79683 222 
79905 195 
80100 13 
80113 2 
80115 13 
80128 5 
80133 1 
80134 3 
80137 55 
80192 5 
80197 1 
80198 98 
80296 89 
80385 1 
80386 34 
80420 13 
80433 5 
80438 2 
80440 89 
80529 3 
80532 98 
80630 34 
80664 3 
80667 34 
80701 13 
80714 1 
80715 98 
80813 21 
80834 1 
80835 5 
80840 8 
80848 2 
80850 55 
80905 5 
80910 5 
80915 1 
80916 443 
81359 21 
81380 8 
81388 1 
81389 34 
81423 13 
81436 3 
81439 98 
81537 55 
81592 21 
81613 3 
81616 1 
81617 222 
81839 98 
81937 8 
81945 3 
81948 1 
81949 609 
82558 13 
82571 5 
82576 21 
82597 3 
82600 1 
82601 98 
82699 34 
82733 13 
82746 5 
82751 2 
82753 98 
82851 21 
82872 8 
82880 55 
82935 5 
82940 2 
82942 34 
82976 13 
82989 2 
82991 55 
83046 13 
83059 98 
83157 21 
83178 98 
83276 55 
83331 21 
83352 1 
83353 98 
83451 13 
83464 2 
83466 34 
83500 13 
83513 5 
83518 21 
83539 8 
83547 3 
83550 1 
83551 98 
83649 13 
83662 1 
83663 34 
83697 13 
83710 5 
83715 1 
83716 21 
83737 3 
83740 222 
83962 13 
83975 3 
83978 21 
83999 8 
84007 3 
84010 21 
84031 5 
84036 2 
84038 21 
84059 34 
84093 5 
84098 2 
84100 55 
84155 13 
84168 3 
84171 89 
84260 5 
84265 1 
84266 222 
84488 34 
84522 8 
84530 2 
84532 55 
84587 21 
84608 8 
84616 3 
84619 1 
84620 55 
84675 21 
84696 8 
84704 3 
84707 1 
84708 34 
84742 13 
84755 3 
84758 55 
84813 13 
84826 3 
84829 222 
85051 21 
85072 5 
85077 21 
85098 2 
85100 13 
85113 5 
85118 1 
85119 98 
85217 34 
85251 3 
85254 609 
85863 98 
85961 34 
85995 2 
85997 34 
86031 8 
86039 1 
86040 98 
86138 34 
86172 3 
86175 1 
86176 13 
86189 5 
86194 21 
86215 3 
86218 98 
86316 55 
86371 5 
86376 2 
86378 98 
86476 55 
86531 21 
86552 2 
86554 34 
86588 3 
86591 222 
86813 34 
86847 8 
86855 55 
86910 21 
86931 2 
86933 222 
87155 21 
87176 2 
87178 55 
87233 8 
87241 1 
87242 21 
87263 8 
87271 13 
87284 5 
87289 1 
87290 1 
87291 98 
87389 21 
87410 55 
87465 21 
87486 8 
87494 1 
87495 34 
87529 13 
87542 5 
87547 34 
87581 5 
87586 1 
87587 21 
87608 2 
87610 222 
87832 98 
87930 8 
87938 1 
87939 34 
87973 2 
87975 98 
88073 55 
88128 21 
88149 5 
88154 98 
88252 34 
88286 13 
88299 2 
88301 13 
88314 3 
88317 55 
88372 34 
88406 8 
88414 98 
88512 13 
88525 2 
88527 98 
88625 55 
88680 13 
88693 5 
88698 2 
88700 21 
88721 8 
88729 3 
88732 1 
88733 2 
88735 21 
88756 8 
88764 2 
88766 8 
88774 2 
88776 21 
88797 3 
88800 1 
88801 34 
88835 8 
88843 3 
88846 98 
88944 34 
88978 3 
88981 21 
89002 8 
89010 3 
89013 1 
89014 195 
89209 13 
89222 3 
89225 1 
89226 195 
89421 13 
89434 1 
89435 13 
89448 2 
89450 21 
89471 5 
89476 2 
89478 3 
89481 1 
89482 98 
89580 5 
89585 1 
89586 55 
89641 8 
89649 2 
89651 98 
89749 55 
89804 1 
89805 5 
89810 1 
89811 21 
89832 8 
89840 2 
89842 13 
89855 2 
89857 34 
89891 13 
89904 5 
89909 1 
89910 3 
89913 98 
90011 55 
90066 13 
90079 2 
90081 21 
90102 8 
90110 2 
90112 5 
90117 2 
90119 55 
90174 21 
90195 8 
90203 3 
90206 98 
90304 34 
90338 8 
90346 3 
90349 1 
90350 195 
90545 13 
90558 5 
90563 1 
90564 195 
90759 5 
90764 5 
90769 1 
90770 21 
90791 8 
90799 3 
90802 1 
90803 55 
90858 21 
90879 8 
90887 1 
90888 195 
91083 8 
91091 98 
91189 21 
91210 8 
91218 8 
91226 2 
91228 34 
91262 8 
91270 34 
91304 13 
91317 2 
91319 8 
91327 2 
91329 98 
91427 21 
91448 8 
91456 1 
91457 5 
91462 2 
91464 34 
91498 8 
91506 3 
91509 55 
91564 89 
91653 89 
91742 2 
91744 55 
91799 8 
91807 3 
91810 2 
91812 55 
91867 2 
91869 3 
91872 1 
91873 55 
91928 13 
91941 34 
91975 8 
91983 55 
92038 5 
92043 1 
92044 13 
92057 5 
92062 1 
92063 98 
92161 5 
92166 89 
92255 1 
92256 55 
92311 13 
92324 5 
92329 2 
92331 21 
92352 8 
92360 3 
92363 3 
92366 1 
92367 34 
92401 21 
92422 5 
92427 2 
92429 34 
92463 34 
92497 13 
92510 5 
92515 98 
92613 13 
92626 2 
92628 55 
92683 8 
92691 3 
92694 1 
92695 21 
92716 5 
92721 2 
92723 21 
92744 3 
92747 222 
92969 21 
92990 3 
92993 2 
92995 34 
93029 2 
93031 34 
93065 89 
93154 34 
93188 3 
93191 34 
93225 5 
93230 2 
93232 55 
93287 5 
93292 1 
93293 195 
93488 5 
93493 55 
93548 5 
93553 2 
93555 222 
93777 21 
93798 2 
93800 34 
93834 13 
93847 1 
93848 98 
93946 89 
94035 3 
94038 1 
94039 55 
94094 21 
94115 8 
94123 3 
94126 1 
94127 21 
94148 3 
94151 1 
94152 89 
94241 5 
94246 1 
94247 55 
94302 13 
94315 5 
94320 13 
94333 3 
94336 1 
94337 8 
94345 3 
94348 1 
94349 21 
94370 5 
94375 2 
94377 34 
94411 1 
94412 5 
94417 98 
94515 98 
94613 13 
94626 5 
94631 2 
94633 98 
94731 21 
94752 8 
94760 3 
94763 1 
94764 98 
94862 8 
94870 1 
94871 55 
94926 2 
94928 55 
94983 21 
95004 3 
95007 1 
95008 34 
95042 98 
95140 21 
95161 1 
95162 89 
95251 3 
95254 1 
95255 98 
95353 13 
95366 5 
95371 21 
95392 8 
95400 2 
95402 13 
95415 3 
95418 1 
95419 34 
95453 5 
95458 216 
95674 98 
95772 5 
95777 2 
95779 222 
96001 98 
96099 3 
96102 55 
96157 2 
96159 98 
96257 34 
96291 8 
96299 3 
96302 1 
96303 34 
96337 13 
96350 5 
96355 1 
96356 3 
96359 1 
96360 55 
96415 8 
96423 1 
96424 34 
96458 8 
96466 34 
96500 5 
96505 1 
96506 13 
96519 98 
96617 55 
96672 1 
96673 222 
96895 21 
96916 2 
96918 3 
96921 55 
96976 5 
96981 34 
97015 8 
97023 1 
97024 55 
97079 21 
97100 5 
97105 34 
97139 5 
97144 13 
97157 3 
97160 55 
97215 13 
97228 1 
97229 98 
97327 21 
97348 3 
97351 1 
97352 195 
97547 3 
97550 1 
97551 98 
97649 89 
97738 3 
97741 34 
97775 5 
97780 2 
97782 55 
97837 13 
97850 3 
97853 216 
98069 2 
98071 222 
98293 13 
98306 3 
98309 1 
98310 98 
98408 98 
98506 55 
98561 8 
98569 2 
98571 98 
98669 21 
98690 8 
98698 98 
98796 21 
98817 8 
98825 2 
98827 13 
98840 5 
98845 1 
98846 13 
98859 2 
98861 98 
98959 55 
99014 8 
99022 195 
99217 13 
99230 5 
99235 21 
99256 8 
99264 222 
99486 195 
99681 55 
99736 21 
99757 5 
