3465
1 1 
2 1 
3 2 
5 3 
8 5 
13 8 
21 13 
34 21 
55 8 
63 3 
66 13 
79 5 
84 2 
86 63 
149 1 
150 13 
163 5 
168 2 
170 13 
183 2 
185 63 
248 13 
261 2 
263 5 
268 1 
269 13 
282 1 
283 86 
369 13 
382 34 
416 13 
429 2 
431 21 
452 3 
455 1 
456 34 
490 3 
493 1 
494 21 
515 5 
520 86 
606 21 
627 8 
635 3 
638 1 
639 13 
652 1 
653 34 
687 13 
700 2 
702 283 
985 34 
1019 1 
1020 3 
1023 1 
1024 13 
1037 3 
1040 79 
1119 3 
1122 1 
1123 13 
1136 1 
1137 2 
1139 34 
1173 13 
1186 13 
1199 3 
1202 185 
1387 5 
1392 2 
1394 13 
1407 3 
1410 1 
1411 63 
1474 1 
1475 13 
1488 5 
1493 2 
1495 86 
1581 13 
1594 13 
1607 1 
1608 8 
1616 3 
1619 1 
1620 84 
1704 86 
1790 13 
1803 13 
1816 1 
1817 34 
1851 13 
1864 2 
1866 21 
1887 5 
1892 2 
1894 13 
1907 3 
1910 55 
1965 5 
1970 13 
1983 1 
1984 21 
2005 1 
2006 21 
2027 5 
2032 1 
2033 34 
2067 3 
2070 3 
2073 1 
2074 13 
2087 3 
2090 86 
2176 13 
2189 34 
2223 13 
2236 5 
2241 8 
2249 3 
2252 86 
2338 8 
2346 3 
2349 13 
2362 3 
2365 86 
2451 8 
2459 1 
2460 86 
2546 8 
2554 3 
2557 1 
2558 163 
2721 3 
2724 1 
2725 86 
2811 8 
2819 1 
2820 86 
2906 34 
2940 3 
2943 1 
2944 84 
3028 1 
3029 163 
3192 3 
3195 1 
3196 185 
3381 34 
3415 185 
3600 21 
3621 3 
3624 163 
3787 3 
3790 1 
3791 1817 
5608 21 
5629 5 
5634 1 
5635 63 
5698 1 
5699 13 
5712 5 
5717 2 
5719 86 
5805 13 
5818 13 
5831 1 
5832 702 
6534 34 
6568 5 
6573 86 
6659 34 
6693 13 
6706 3 
6709 63 
6772 1 
6773 86 
6859 5 
6864 1 
6865 34 
6899 5 
6904 2 
6906 21 
6927 2 
6929 13 
6942 5 
6947 2 
6949 5 
6954 1 
6955 86 
7041 5 
7046 2 
7048 13 
7061 1 
7062 34 
7096 13 
7109 2 
7111 34 
7145 13 
7158 5 
7163 86 
7249 3 
7252 84 
7336 84 
7420 13 
7433 2 
7435 13 
7448 1 
7449 34 
7483 13 
7496 2 
7498 86 
7584 55 
7639 8 
7647 13 
7660 3 
7663 34 
7697 8 
7705 1 
7706 456 
8162 21 
8183 5 
8188 2 
8190 13 
8203 3 
8206 66 
8272 2 
8274 34 
8308 13 
8321 5 
8326 1 
8327 150 
8477 5 
8482 1 
8483 8 
8491 3 
8494 150 
8644 5 
8649 1 
8650 8 
8658 3 
8661 34 
8695 13 
8708 5 
8713 150 
8863 5 
8868 1 
8869 382 
9251 5 
9256 456 
9712 21 
9733 8 
9741 2 
9743 63 
9806 1 
9807 86 
9893 21 
9914 8 
9922 3 
9925 1 
9926 63 
9989 185 
10174 21 
10195 2 
10197 456 
10653 21 
10674 5 
10679 2 
10681 13 
10694 3 
10697 455 
11152 86 
11238 21 
11259 8 
11267 1 
11268 86 
11354 5 
11359 2 
11361 163 
11524 3 
11527 1 
11528 702 
12230 86 
12316 21 
12337 5 
12342 150 
12492 5 
12497 1 
12498 702 
13200 185 
13385 21 
13406 8 
13414 2 
13416 150 
13566 5 
13571 1 
13572 150 
13722 5 
13727 1 
13728 382 
14110 5 
14115 702 
14817 66 
14883 1 
14884 63 
14947 1 
14948 86 
15034 34 
15068 13 
15081 34 
15115 13 
15128 2 
15130 185 
15315 21 
15336 2 
15338 456 
15794 21 
15815 5 
15820 2 
15822 13 
15835 3 
15838 606 
16444 5 
16449 1 
16450 150 
16600 5 
16605 1 
16606 63 
16669 283 
16952 34 
16986 5 
16991 2 
16993 1411 
18404 2 
18406 63 
18469 1 
18470 86 
18556 21 
18577 8 
18585 3 
18588 1 
18589 13 
18602 1 
18603 34 
18637 13 
18650 2 
18652 185 
18837 21 
18858 2 
18860 456 
19316 21 
19337 5 
19342 2 
19344 13 
19357 3 
19360 86 
19446 34 
19480 3 
19483 1 
19484 86 
19570 3 
19573 13 
19586 5 
19591 2 
19593 86 
19679 13 
19692 13 
19705 1 
19706 34 
19740 13 
19753 2 
19755 55 
19810 5 
19815 185 
20000 21 
20021 3 
20024 163 
20187 3 
20190 1 
20191 185 
20376 34 
20410 34 
20444 3 
20447 66 
20513 3 
20516 1 
20517 382 
20899 13 
20912 5 
20917 1 
20918 185 
21103 21 
21124 3 
21127 456 
21583 8 
21591 150 
21741 5 
21746 1 
21747 382 
22129 5 
22134 1894 
24028 8 
24036 3 
24039 520 
24559 66 
24625 515 
25140 2 
25142 86 
25228 34 
25262 5 
25267 2 
25269 382 
25651 5 
25656 520 
26176 34 
26210 5 
26215 1 
26216 1910 
28126 21 
28147 1040 
29187 63 
29250 515 
29765 1 
29766 3791 
33557 702 
34259 86 
34345 34 
34379 8 
34387 3 
34390 1 
34391 3415 
37806 86 
37892 21 
37913 1040 
38953 63 
39016 38953 
77969 29766 
107735 520 
108255 21 
108276 1 
108277 63 
108340 1 
108341 13 
108354 5 
108359 2 
108361 86 
108447 21 
108468 5 
108473 1 
108474 34 
108508 13 
108521 2 
108523 185 
108708 21 
108729 2 
108731 456 
109187 21 
109208 5 
109213 2 
109215 13 
109228 3 
109231 455 
109686 185 
109871 21 
109892 3 
109895 163 
110058 3 
110061 1 
110062 185 
110247 34 
110281 3415 
113696 149 
113845 63 
113908 1 
113909 1 
113910 86 
113996 21 
114017 8 
114025 3 
114028 63 
114091 185 
114276 21 
114297 2 
114299 456 
114755 21 
114776 5 
114781 2 
114783 13 
114796 3 
114799 185 
114984 150 
115134 5 
115139 1 
115140 283 
115423 34 
115457 5 
115462 1 
115463 63 
115526 1 
115527 86 
115613 13 
115626 3 
115629 1 
115630 2365 
117995 21 
118016 2 
118018 1411 
119429 34 
119463 13 
119476 2 
119478 1202 
120680 21 
120701 5 
120706 2 
120708 382 
121090 5 
121095 2033 
123128 21 
123149 8 
123157 2 
123159 3415 
126574 86 
126660 21 
126681 1040 
127721 63 
127784 702 
128486 185 
128671 55 
128726 1 
128727 3415 
132142 86 
132228 21 
132249 1040 
133289 63 
133352 2252 
135604 55 
135659 3 
135662 1 
135663 63 
135726 1 
135727 13 
135740 5 
135745 2 
135747 86 
135833 13 
135846 63 
135909 185 
136094 21 
136115 2 
136117 494 
136611 5 
136616 1 
136617 455 
137072 185 
137257 21 
137278 3 
137281 163 
137444 3 
137447 1 
137448 185 
137633 34 
137667 3624 
141291 5 
141296 1040 
142336 34 
142370 520 
142890 21 
142911 2 
142913 2460 
145373 21 
145394 8 
145402 2 
145404 3791 
149195 1202 
150397 86 
150483 55 
150538 5 
150543 2 
150545 3415 
153960 86 
154046 21 
154067 1040 
155107 63 
155170 5832 
161002 431 
161433 8 
161441 3 
161444 86 
161530 13 
161543 63 
161606 185 
161791 21 
161812 2 
161814 456 
162270 21 
162291 5 
162296 2 
162298 13 
162311 3 
162314 455 
162769 185 
162954 21 
162975 3 
162978 163 
163141 3 
163144 1 
163145 185 
163330 34 
163364 3624 
166988 5 
166993 1040 
168033 34 
168067 520 
168587 21 
168608 2 
168610 2460 
171070 21 
171091 8 
171099 2 
171101 3791 
174892 1202 
176094 86 
176180 55 
176235 5 
176240 2 
176242 3415 
179657 86 
179743 21 
179764 1040 
180804 63 
180867 34391 
215258 1202 
216460 86 
216546 5 
216551 1 
216552 26216 
242768 1139 
243907 21 
243928 8 
243936 2 
243938 3791 
247729 1704 
249433 66 
249499 5 
249504 2 
249506 20024 
269530 86 
269616 13 
269629 5 
269634 1 
269635 3791 
273426 1704 
275130 66 
275196 5 
275201 2 
275203 1704 
276907 79 
276986 2 
276988 86 
277074 21 
277095 8 
277103 3 
277106 1 
277107 13 
277120 1 
277121 34 
277155 13 
277168 2 
277170 185 
277355 21 
277376 2 
277378 456 
277834 21 
277855 5 
277860 2 
277862 3791 
281653 702 
282355 185 
282540 13 
282553 3 
282556 1 
282557 1040 
283597 34 
283631 150 
283781 5 
283786 1 
283787 382 
284169 5 
284174 2460 
286634 21 
286655 8 
286663 2 
286665 3196 
289861 86 
289947 34 
289981 13 
289994 5 
289999 1 
290000 185 
290185 8 
290193 3 
290196 1 
290197 34 
290231 13 
290244 2 
290246 185 
290431 21 
290452 2 
290454 456 
290910 21 
290931 5 
290936 2 
290938 456 
291394 13 
291407 2 
291409 185 
291594 21 
291615 3 
291618 163 
291781 3 
291784 1 
291785 21 
291806 185 
291991 13 
292004 3196 
295200 86 
295286 34 
295320 8 
295328 283 
295611 21 
295632 1 
295633 702 
296335 86 
296421 8 
296429 2 
296431 269 
296700 5 
296705 2 
296707 150 
296857 5 
296862 1 
296863 150 
297013 8 
297021 185 
297206 34 
297240 8 
297248 2 
297250 7584 
304834 34 
304868 13 
304881 1 
304882 86 
304968 3 
304971 13 
304984 5 
304989 2 
304991 150 
305141 8 
305149 3 
305152 1 
305153 185 
305338 21 
305359 2 
305361 494 
305855 5 
305860 1 
305861 455 
306316 185 
306501 21 
306522 3 
306525 163 
306688 3 
306691 1 
306692 185 
306877 34 
306911 1493 
308404 2090 
310494 34 
310528 8 
310536 3 
310539 1 
310540 1040 
311580 34 
311614 150 
311764 5 
311769 1 
311770 382 
312152 5 
312157 3791 
315948 1594 
317542 3 
317545 1 
317546 63 
317609 1 
317610 86 
317696 21 
317717 8 
317725 3 
317728 1 
317729 13 
317742 1 
317743 34 
317777 13 
317790 2 
317792 185 
317977 21 
317998 2 
318000 1139 
319139 21 
319160 3 
319163 1 
319164 382 
319546 3 
319549 1 
319550 185 
319735 34 
319769 13 
319782 5 
319787 2 
319789 2906 
322695 21 
322716 2 
322718 456 
323174 5 
323179 86 
323265 34 
323299 8 
323307 3 
323310 1 
323311 702 
324013 185 
324198 55 
324253 150 
324403 5 
324408 1 
324409 5 
324414 382 
324796 2460 
327256 21 
327277 8 
327285 2 
327287 3791 
331078 1202 
332280 86 
332366 55 
332421 5 
332426 2 
332428 3415 
335843 86 
335929 21 
335950 1040 
336990 63 
337053 39016 
376069 14115 
390184 520 
390704 63 
390767 7498 
398265 8 
398273 2 
398275 3791 
402066 1704 
403770 66 
403836 5 
403841 2 
403843 8713 
412556 21 
412577 8 
412585 520 
413105 66 
413171 8 
413179 3 
413182 3791 
416973 1704 
418677 66 
418743 5 
418748 2 
418750 6906 
425656 5 
425661 5719 
431380 8 
431388 1 
431389 6865 
438254 21 
438275 5 
438280 2 
438282 2252 
440534 34 
440568 10697 
451265 86 
451351 5 
451356 2 
451358 1817 
453175 21 
453196 8 
453204 3 
453207 12498 
465705 520 
466225 34 
466259 5 
466264 1 
466265 12498 
478763 86 
478849 55 
478904 39016 
517920 21127 
539047 185 
539232 55 
539287 63 
539350 1 
539351 13 
539364 5 
539369 2 
539371 86 
539457 13 
539470 13 
539483 1 
539484 248 
539732 8 
539740 1 
539741 456 
540197 21 
540218 5 
540223 2 
540225 13 
540238 3 
540241 455 
540696 185 
540881 21 
540902 3 
540905 3791 
544696 185 
544881 34 
544915 5 
544920 8869 
553789 55 
553844 2 
553846 283 
554129 34 
554163 5 
554168 1 
554169 3415 
557584 86 
557670 21 
557691 1040 
558731 63 
558794 7706 
566500 416 
566916 5 
566921 1 
566922 12498 
579420 520 
579940 55 
579995 3 
579998 14115 
594113 283 
594396 66 
594462 5 
594467 1 
594468 431 
594899 5 
594904 1 
594905 14884 
609789 21 
609810 2 
609812 12498 
622310 86 
622396 55 
622451 12498 
634949 86 
635035 55 
635090 16993 
652083 1040 
653123 5 
653128 2 
653130 39016 
692146 8494 
700640 5 
700645 115527 
816172 34 
816206 3 
816209 12498 
828707 520 
829227 55 
829282 3 
829285 14884 
844169 21 
844190 2 
844192 12498 
856690 86 
856776 55 
856831 319789 
1176620 653 
1177273 21 
1177294 8 
1177302 2 
1177304 63 
1177367 1 
1177368 13 
1177381 5 
1177386 2 
1177388 86 
1177474 13 
1177487 63 
1177550 687 
1178237 5 
1178242 13 
1178255 3 
1178258 455 
1178713 185 
1178898 21 
1178919 3 
1178922 163 
1179085 3 
1179088 1 
1179089 185 
1179274 34 
1179308 3624 
1182932 5 
1182937 1040 
1183977 34 
1184011 150 
1184161 5 
1184166 1 
1184167 382 
1184549 5 
1184554 7584 
1192138 34 
1192172 13 
1192185 1 
1192186 3415 
1195601 86 
1195687 21 
1195708 77969 
1273677 11528 
1285205 369 
1285574 5 
1285579 3791 
1289370 1704 
1291074 66 
1291140 5 
1291145 2 
1291147 21747 
1312894 66 
1312960 5 
1312965 25656 
1338621 34 
1338655 5 
1338660 2 
1338662 115527 
1454189 34 
1454223 3 
1454226 12498 
1466724 520 
1467244 55 
1467299 3 
1467302 14884 
1482186 21 
1482207 2 
1482209 1312965 
2795174 3791 
2798965 702 
2799667 86 
2799753 34 
2799787 13 
2799800 183 
2799983 13 
2799996 1 
2799997 34 
2800031 13 
2800044 2 
2800046 185 
2800231 21 
2800252 2 
2800254 456 
2800710 21 
2800731 5 
2800736 2 
2800738 13 
2800751 3 
2800754 455 
2801209 185 
2801394 21 
2801415 3 
2801418 163 
2801581 3 
2801584 1 
2801585 185 
2801770 34 
2801804 3624 
2805428 5 
2805433 1202 
2806635 21 
2806656 5 
2806661 2 
2806663 382 
2807045 5 
2807050 2460 
2809510 21 
2809531 8 
2809539 2 
2809541 8661 
2818202 2 
2818204 1040 
2819244 63 
2819307 77969 
2897276 10697 
2907973 86 
2908059 13 
2908072 3 
2908075 3791 
2911866 1704 
2913570 66 
2913636 5 
2913641 2 
2913643 21747 
2935390 66 
2935456 5 
2935461 25656 
2961117 34 
2961151 5 
2961156 2 
2961158 39016 
3000174 22134 
3022308 55 
3022363 3 
3022366 13 
3022379 5 
3022384 2 
3022386 86 
3022472 13 
3022485 63 
3022548 185 
3022733 21 
3022754 2 
3022756 456 
3023212 21 
3023233 5 
3023238 2 
3023240 13 
3023253 3 
3023256 455 
3023711 185 
3023896 21 
3023917 3 
3023920 5629 
3029549 3 
3029552 2460 
3032012 21 
3032033 8 
3032041 2 
3032043 3791 
3035834 1202 
3037036 86 
3037122 55 
3037177 5 
3037182 2 
3037184 12498 
3049682 653 
3050335 21 
3050356 2 
3050358 84 
3050442 86 
3050528 13 
3050541 63 
3050604 1139 
3051743 21 
3051764 3 
3051767 185 
3051952 21 
3051973 3 
3051976 163 
3052139 3 
3052142 1 
3052143 185 
3052328 34 
3052362 3624 
3055986 5 
3055991 1040 
3057031 34 
3057065 150 
3057215 5 
3057220 1 
3057221 382 
3057603 5 
3057608 2460 
3060068 21 
3060089 8 
3060097 2 
3060099 3791 
3063890 1202 
3065092 86 
3065178 55 
3065233 5 
3065238 2 
3065240 11361 
3076601 86 
3076687 34 
3076721 1 
3076722 12498 
3089220 520 
3089740 55 
3089795 3 
3089798 14884 
3104682 21 
3104703 2 
3104705 12498 
3117203 86 
3117289 55 
3117344 13200 
3130544 21 
3130565 8 
3130573 3 
3130576 1 
3130577 26216 
3156793 1139 
3157932 21 
3157953 8 
3157961 2 
3157963 653 
3158616 13 
3158629 3 
3158632 1 
3158633 3791 
3162424 1704 
3164128 66 
3164194 5 
3164199 2 
3164201 19446 
3183647 13 
3183660 2349 
3186009 8 
3186017 2 
3186019 25656 
3211675 34 
3211709 5 
3211714 2 
3211716 77969 
3289685 22134 
3311819 456 
3312275 21 
3312296 3 
3312299 1 
3312300 14884 
3327184 21 
3327205 2 
3327207 66 
3327273 5 
3327278 2 
3327280 11528 
3338808 269 
3339077 8 
3339085 702 
3339787 55 
3339842 3 
3339845 1 
3339846 494 
3340340 13 
3340353 3 
3340356 14884 
3355240 21 
3355261 2 
3355263 12498 
3367761 86 
3367847 55 
3367902 168610 
3536512 1704 
3538216 21 
3538237 3 
3538240 63 
3538303 1 
3538304 13 
3538317 5 
3538322 2 
3538324 86 
3538410 13 
3538423 269 
3538692 2 
3538694 456 
3539150 21 
3539171 5 
3539176 2 
3539178 13 
3539191 3 
3539194 455 
3539649 185 
3539834 21 
3539855 3 
3539858 382 
3540240 3 
3540243 1 
3540244 3624 
3543868 5 
3543873 1040 
3544913 34 
3544947 150 
3545097 5 
3545102 1 
3545103 382 
3545485 5 
3545490 7584 
3553074 34 
3553108 13 
3553121 1 
3553122 3415 
3556537 86 
3556623 21 
3556644 1040 
3557684 63 
3557747 77969 
3635716 10697 
3646413 86 
3646499 13 
3646512 3 
3646515 39016 
3685531 13728 
3699259 283 
3699542 55 
3699597 1 
3699598 115527 
3815125 34 
3815159 3 
3815162 12498 
3827660 520 
3828180 55 
3828235 3 
3828238 26216 
3854454 1202 
3855656 86 
3855742 34 
3855776 8 
3855784 121095 
3976879 185 
3977064 34 
3977098 3 
3977101 1 
3977102 77969 
4055071 22134 
4077205 283 
4077488 34 
4077522 3 
4077525 121095 
4198620 702 
4199322 282 
4199604 297250 
4496854 3600 
4500454 13 
4500467 3 
4500470 1 
4500471 13 
4500484 5 
4500489 2 
4500491 86 
4500577 13 
4500590 13 
4500603 1 
4500604 248 
4500852 8 
4500860 1 
4500861 456 
4501317 21 
4501338 5 
4501343 2 
4501345 13 
4501358 3 
4501361 455 
4501816 185 
4502001 21 
4502022 3 
4502025 382 
4502407 3 
4502410 1 
4502411 3624 
4506035 5 
4506040 1202 
4507242 21 
4507263 5 
4507268 2 
4507270 382 
4507652 5 
4507657 7584 
4515241 34 
4515275 13 
4515288 1 
4515289 3791 
4519080 702 
4519782 86 
4519868 34 
4519902 8 
4519910 3 
4519913 1 
4519914 77969 
4597883 10697 
4608580 86 
4608666 13 
4608679 3 
4608682 3791 
4612473 1704 
4614177 66 
4614243 5 
4614248 2 
4614250 21747 
4635997 66 
4636063 5 
4636068 25656 
4661724 34 
4661758 5 
4661763 2 
4661765 39016 
4700781 14115 
4714896 639 
4715535 5 
4715540 2 
4715542 39016 
4754558 22134 
4776692 635 
4777327 2 
4777329 12498 
4789827 520 
4790347 55 
4790402 3 
4790405 14884 
4805289 21 
4805310 2 
4805312 478904 
5284216 29250 
5313466 183 
5313649 63 
5313712 1 
5313713 13 
5313726 5 
5313731 2 
5313733 86 
5313819 13 
5313832 63 
5313895 687 
5314582 5 
5314587 456 
5315043 13 
5315056 2 
5315058 185 
5315243 21 
5315264 3 
5315267 163 
5315430 3 
5315433 1 
5315434 185 
5315619 34 
5315653 3624 
5319277 5 
5319282 1040 
5320322 34 
5320356 150 
5320506 5 
5320511 1 
5320512 2820 
5323332 55 
5323387 3 
5323390 3791 
5327181 1202 
5328383 86 
5328469 55 
5328524 5 
5328529 2 
5328531 3415 
5331946 86 
5332032 21 
5332053 1040 
5333093 63 
5333156 77969 
5411125 10697 
5421822 86 
5421908 13 
5421921 3 
5421924 3791 
5425715 1704 
5427419 66 
5427485 5 
5427490 2 
5427492 21747 
5449239 66 
5449305 5 
5449310 25656 
5474966 34 
5475000 5 
5475005 2 
5475007 115527 
5590534 34 
5590568 3 
5590571 8869 
5599440 150 
5599590 8 
5599598 3791 
5603389 248 
5603637 8 
5603645 2 
5603647 14884 
5618531 21 
5618552 2 
5618554 12498 
5631052 86 
5631138 55 
5631193 180867 
5812060 9989 
5822049 34 
5822083 13 
5822096 3 
5822099 1 
5822100 26216 
5848316 1817 
5850133 21 
5850154 2 
5850156 2725 
5852881 34 
5852915 13 
5852928 5 
5852933 1 
5852934 180867 
6033801 10697 
6044498 86 
6044584 13 
6044597 5 
6044602 26216 
6070818 1817 
6072635 21 
6072656 2 
6072658 26216 
6098874 1817 
6100691 21 
6100712 2 
6100714 216552 
6317266 20517 
6337783 248 
6338031 5 
6338036 2 
6338038 150545 
6488583 2365 
6490948 3 
6490951 39016 
6529967 29766 
6559733 702 
6560435 86 
6560521 13 
6560534 5 
6560539 1 
6560540 26216 
6586756 1817 
6588573 21 
6588594 2 
6588596 176242 
6764838 3196 
6768034 86 
6768120 13 
6768133 3 
6768136 84 
6768220 86 
6768306 13 
6768319 13 
6768332 1 
6768333 34 
6768367 13 
6768380 2 
6768382 1139 
6769521 21 
6769542 3 
6769545 185 
6769730 21 
6769751 3 
6769754 163 
6769917 3 
6769920 1 
6769921 185 
6770106 34 
6770140 3624 
6773764 5 
6773769 1040 
6774809 34 
6774843 150 
6774993 5 
6774998 1 
6774999 382 
6775381 5 
6775386 2460 
6777846 21 
6777867 8 
6777875 2 
6777877 3791 
6781668 1202 
6782870 86 
6782956 55 
6783011 5 
6783016 2 
6783018 3415 
6786433 86 
6786519 21 
6786540 1040 
6787580 63 
6787643 77969 
6865612 10697 
6876309 86 
6876395 13 
6876408 3 
6876411 3791 
6880202 1704 
6881906 66 
6881972 5 
6881977 2 
6881979 21747 
6903726 66 
6903792 5 
6903797 25656 
6929453 34 
6929487 5 
6929492 2 
6929494 142913 
7072407 627 
7073034 5 
7073039 2 
7073041 216552 
7289593 10197 
7299790 382 
7300172 21 
7300193 8 
7300201 3 
7300204 1 
7300205 7163 
7307368 34 
7307402 13 
7307415 5 
7307420 1 
7307421 242768 
7550189 520 
7550709 34 
7550743 13 
7550756 5 
7550761 2 
7550763 390767 
7941530 3791 
7945321 86 
7945407 21 
7945428 8 
7945436 2 
7945438 77969 
8023407 15130 
8038537 86 
8038623 21 
8038644 1 
8038645 297250 
8335895 34 
8335929 13 
8335942 5 
8335947 2 
8335949 26216 
8362165 1817 
8363982 21 
8364003 2 
8364005 478904 
8842909 8869 
8851778 86 
8851864 21 
8851885 2 
8851887 700645 
9552532 15338 
9567870 63 
9567933 1 
9567934 243938 
9811872 2176 
9814048 5 
9814053 1 
9814054 3791 
9817845 639 
9818484 8 
9818492 478904 
10297396 8869 
10306265 86 
10306351 21 
10306372 2 
10306374 319789 
10626163 1123 
10627286 8 
10627294 2 
10627296 635090 
11262386 5832 
11268218 283 
11268501 34 
11268535 5 
11268540 1 
11268541 700645 
11969186 110281 
12079467 2252 
12081719 63 
12081782 1 
12081783 1454226 
13536009 261 
13536270 1482209 
15018479 154067 
15172546 702 
15173248 21 
15173269 1 
15173270 63 
15173333 1 
15173334 13 
15173347 5 
15173352 2 
15173354 86 
15173440 21 
15173461 5 
15173466 1 
15173467 34 
15173501 13 
15173514 2 
15173516 185 
15173701 21 
15173722 2 
15173724 456 
15174180 21 
15174201 5 
15174206 2 
15174208 13 
15174221 3 
15174224 455 
15174679 185 
15174864 21 
15174885 3 
15174888 382 
15175270 3 
15175273 1 
15175274 3624 
15178898 5 
15178903 1040 
15179943 34 
15179977 150 
15180127 5 
15180132 1 
15180133 382 
15180515 5 
15180520 2460 
15182980 21 
15183001 8 
15183009 2 
15183011 3791 
15186802 1202 
15188004 86 
15188090 55 
15188145 5 
15188150 2 
15188152 77969 
15266121 15338 
15281459 86 
15281545 3791 
15285336 1704 
15287040 66 
15287106 5 
15287111 2 
15287113 21747 
15308860 66 
15308926 5 
15308931 25656 
15334587 34 
15334621 5 
15334626 2 
15334628 115527 
15450155 34 
15450189 3 
15450192 12498 
15462690 520 
15463210 55 
15463265 3 
15463268 14884 
15478152 21 
15478173 2 
15478175 12498 
15490673 86 
15490759 55 
15490814 216552 
15707366 3791 
15711157 1394 
15712551 3 
15712554 1 
15712555 635090 
16347645 2906 
16350551 21 
16350572 1482209 
17832781 137667 
17970448 2558 
17973006 55 
17973061 5 
17973066 2 
17973068 216552 
18189620 5832 
18195452 86 
18195538 21 
18195559 8 
18195567 3 
18195570 26216 
18221786 1817 
18223603 21 
18223624 2 
18223626 478904 
18702530 8869 
18711399 86 
18711485 21 
18711506 2 
18711508 856831 
19568339 77969 
19646308 26216 
19672524 1139 
19673663 8 
19673671 3 
19673674 1 
19673675 700645 
20374320 110281 
20484601 2252 
20486853 63 
20486916 1 
20486917 1454226 
21941143 261 
21941404 8364005 
30305409 39016 
30344425 2090 
30346515 21 
30346536 2 
30346538 176242 
30522780 2006 
30524786 13 
30524799 1 
30524800 86 
30524886 34 
30524920 13 
30524933 248 
30525181 8 
30525189 1 
30525190 456 
30525646 21 
30525667 5 
30525672 2 
30525674 13 
30525687 3 
30525690 455 
30526145 185 
30526330 21 
30526351 3 
30526354 163 
30526517 3 
30526520 1 
30526521 185 
30526706 34 
30526740 3791 
30530531 702 
30531233 185 
30531418 21 
30531439 3 
30531442 1 
30531443 150 
30531593 5 
30531598 1 
30531599 382 
30531981 5 
30531986 2460 
30534446 21 
30534467 8 
30534475 2 
30534477 3791 
30538268 1202 
30539470 86 
30539556 55 
30539611 5 
30539616 2 
30539618 3415 
30543033 86 
30543119 21 
30543140 1040 
30544180 63 
30544243 77969 
30622212 10697 
30632909 86 
30632995 13 
30633008 3 
30633011 3791 
30636802 1704 
30638506 66 
30638572 5 
30638577 2 
30638579 162978 
30801557 86 
30801643 13 
30801656 2 
30801658 12498 
30814156 520 
30814676 55 
30814731 3 
30814734 26216 
30840950 1202 
30842152 86 
30842238 34 
30842272 8 
30842280 216552 
31058832 3791 
31062623 1394 
31064017 3 
31064020 1 
31064021 635090 
31699111 2906 
31702017 21 
31702038 1482209 
33184247 137667 
33321914 2558 
33324472 55 
33324527 5 
33324532 2 
33324534 216552 
33541086 5832 
33546918 86 
33547004 21 
33547025 8 
33547033 3 
33547036 26216 
33573252 1817 
33575069 21 
33575090 2 
33575092 1482209 
35057301 700645 
35757946 77969 
35835915 2460 
35838375 8 
35838383 856831 
36695214 110247 
36805461 21 
36805482 8 
36805490 3 
36805493 1 
36805494 63 
36805557 1 
36805558 13 
36805571 5 
36805576 2 
36805578 86 
36805664 13 
36805677 63 
36805740 185 
36805925 21 
36805946 2 
36805948 456 
36806404 21 
36806425 5 
36806430 2 
36806432 13 
36806445 3 
36806448 653 
36807101 8 
36807109 3 
36807112 163 
36807275 3 
36807278 1 
36807279 185 
36807464 34 
36807498 3791 
36811289 702 
36811991 185 
36812176 21 
36812197 3 
36812200 1 
36812201 520 
36812721 21 
36812742 2 
36812744 7584 
36820328 34 
36820362 13 
36820375 1 
36820376 3415 
36823791 86 
36823877 21 
36823898 1040 
36824938 63 
36825001 115630 
36940631 520 
36941151 3 
36941154 1 
36941155 25656 
36966811 34 
36966845 5 
36966850 2 
36966852 115527 
37082379 34 
37082413 3 
37082416 12498 
37094914 520 
37095434 55 
37095489 3 
37095492 14884 
37110376 21 
37110397 2 
37110399 180867 
37291266 1594 
37292860 8 
37292868 2 
37292870 39016 
37331886 12498 
37344384 382 
37344766 13 
37344779 635090 
37979869 2906 
37982775 21 
37982796 1482209 
39465005 337053 
39802058 25656 
39827714 79 
39827793 1 
39827794 26216 
39854010 1817 
39855827 21 
39855848 2 
39855850 478904 
40334754 8869 
40343623 86 
40343709 21 
40343730 2 
40343732 856831 
41200563 77969 
41278532 26216 
41304748 1139 
41305887 8 
41305895 3 
41305898 1 
41305899 1482209 
42788108 700645 
43488753 77969 
43566722 6906 
43573628 1482209 
45055837 635090 
45690927 7062 
45697989 13 
45698002 2 
45698004 6100714 
51798718 179764 
51978482 269 
51978751 8 
51978759 3 
51978762 8851887 
60830649 216552 
61047201 2252 
61049453 13 
61049466 3 
61049469 1 
61049470 6100714 
67150184 179764 
67329948 269 
67330217 8 
67330225 3 
67330228 6100714 
73430942 179764 
73610706 269 
73610975 8 
73610983 3 
73610986 5631193 
79242179 115630 
79357809 653 
79358462 21 
79358483 5 
79358488 1 
79358489 63 
79358552 1 
79358553 86 
79358639 21 
79358660 8 
79358668 3 
79358671 1 
79358672 13 
79358685 1 
79358686 34 
79358720 13 
79358733 2 
79358735 185 
79358920 21 
79358941 2 
79358943 456 
79359399 21 
79359420 5 
79359425 2 
79359427 456 
79359883 13 
79359896 2 
79359898 185 
79360083 21 
79360104 3 
79360107 3791 
79363898 1411 
79365309 34 
79365343 8 
79365351 1 
79365352 2820 
79368172 55 
79368227 3 
79368230 3791 
79372021 1202 
79373223 86 
79373309 55 
79373364 5 
79373369 2 
79373371 3791 
79377162 702 
79377864 86 
79377950 34 
79377984 8 
79377992 3 
79377995 1 
79377996 77969 
79455965 10697 
79466662 86 
79466748 13 
79466761 3 
79466764 168610 
79635374 34 
79635408 3 
79635411 12498 
79647909 520 
79648429 55 
79648484 3 
79648487 14884 
79663371 21 
79663392 2 
79663394 12498 
79675892 86 
79675978 55 
79676033 856831 
80532864 2906 
80535770 21 
80535791 1482209 
82018000 337053 
82355053 25656 
82380709 79 
82380788 1 
82380789 26216 
82407005 1817 
82408822 21 
82408843 2 
82408845 478904 
82887749 8869 
82896618 86 
82896704 21 
82896725 2 
82896727 856831 
83753558 77969 
83831527 26216 
83857743 1139 
83858882 8 
83858890 3 
83858893 1 
83858894 1482209 
85341103 700645 
86041748 77969 
86119717 6906 
86126623 8364005 
94490628 39016 
94529644 2090 
94531734 21 
94531755 2 
94531757 10306374 
104838131 297250 
105135381 6773 
105142154 34 
105142188 1 
105142189 63 
105142252 1 
105142253 13 
105142266 5 
105142271 2 
105142273 86 
105142359 13 
105142372 269 
105142641 2 
105142643 456 
105143099 21 
105143120 5 
105143125 2 
105143127 13 
105143140 3 
105143143 455 
105143598 185 
105143783 21 
105143804 3 
105143807 382 
105144189 3 
105144192 1 
105144193 3624 
105147817 5 
105147822 1040 
105148862 34 
105148896 150 
105149046 5 
105149051 1 
105149052 382 
105149434 5 
105149439 2460 
105151899 21 
105151920 8 
105151928 2 
105151930 8661 
105160591 2 
105160593 77969 
105238562 16993 
105255555 456 
105256011 21 
105256032 39016 
105295048 8494 
105303542 5 
105303547 115527 
105419074 34 
105419108 3 
105419111 12498 
105431609 520 
105432129 55 
105432184 3 
105432187 26216 
105458403 1202 
105459605 86 
105459691 34 
105459725 8 
105459733 216552 
105676285 3791 
105680076 1394 
105681470 3 
105681473 1 
105681474 1482209 
107163683 700645 
107864328 39016 
107903344 37913 
107941257 702 
107941959 21 
107941980 5 
107941985 2 
107941987 216552 
108158539 5832 
108164371 86 
108164457 21 
108164478 8 
108164486 3 
108164489 26216 
108190705 1817 
108192522 21 
108192543 2 
108192545 478904 
108671449 8869 
108680318 86 
108680404 21 
108680425 2 
108680427 856831 
109537258 77969 
109615227 26216 
109641443 1139 
109642582 8 
109642590 3 
109642593 1 
109642594 216552 
109859146 24039 
109883185 34 
109883219 3 
109883222 1 
109883223 566922 
110450145 5635 
110455780 55 
110455835 1 
110455836 1454226 
111910062 261 
111910323 4199604 
116109927 39016 
116148943 15034 
116163977 3 
116163980 1 
116163981 16350572 
132514553 653130 
133167683 5635 
133173318 13 
133173331 3 
133173334 185 
133173519 8 
133173527 3 
133173530 1 
133173531 34 
133173565 13 
133173578 2 
133173580 185 
133173765 21 
133173786 2 
133173788 494 
133174282 5 
133174287 1 
133174288 455 
133174743 185 
133174928 21 
133174949 3 
133174952 163 
133175115 3 
133175118 1 
133175119 185 
133175304 34 
133175338 3791 
133179129 702 
133179831 185 
133180016 21 
133180037 3 
133180040 1 
133180041 150 
133180191 5 
133180196 1 
133180197 382 
133180579 5 
133180584 2460 
133183044 21 
133183065 8 
133183073 2 
133183075 3791 
133186866 1202 
133188068 86 
133188154 55 
133188209 5 
133188214 2 
133188216 3415 
133191631 86 
133191717 21 
133191738 77969 
133269707 16993 
133286700 456 
133287156 21 
133287177 21747 
133308924 66 
133308990 5 
133308995 25656 
133334651 34 
133334685 5 
133334690 2 
133334692 115527 
133450219 34 
133450253 3 
133450256 12498 
133462754 520 
133463274 55 
133463329 3 
133463332 14884 
133478216 21 
133478237 2 
133478239 12498 
133490737 86 
133490823 55 
133490878 216552 
133707430 3791 
133711221 1394 
133712615 3 
133712618 1 
133712619 635090 
134347709 2906 
134350615 21 
134350636 1312965 
135663601 3196 
135666797 86 
135666883 34 
135666917 5 
135666922 1 
135666923 305861 
135972784 283 
135973067 63 
135973130 2 
135973132 216552 
136189684 5832 
136195516 86 
136195602 21 
136195623 8 
136195631 3 
136195634 26216 
136221850 1817 
136223667 21 
136223688 2 
136223690 478904 
136702594 8869 
136711463 86 
136711549 21 
136711570 2 
136711572 856831 
137568403 77969 
137646372 26216 
137672588 1139 
137673727 8 
137673735 3 
137673738 1 
137673739 700645 
138374384 110281 
138484665 2252 
138486917 63 
138486980 1 
138486981 5284216 
143771197 1202 
143772399 63 
143772462 185 
143772647 8 
143772655 3 
143772658 1 
143772659 34 
143772693 13 
143772706 2 
143772708 185 
143772893 21 
143772914 2 
143772916 494 
143773410 5 
143773415 1 
143773416 455 
143773871 369 
143774240 5 
143774245 2 
143774247 185 
143774432 34 
143774466 3624 
143778090 5 
143778095 1202 
143779297 21 
143779318 5 
143779323 2 
143779325 382 
143779707 5 
143779712 2460 
143782172 21 
143782193 8 
143782201 2 
143782203 3791 
143785994 1202 
143787196 86 
143787282 55 
143787337 5 
143787342 2 
143787344 3415 
143790759 86 
143790845 21 
143790866 1040 
143791906 63 
143791969 115630 
143907599 520 
143908119 3 
143908122 1 
143908123 25656 
143933779 34 
143933813 5 
143933818 2 
143933820 115527 
144049347 34 
144049381 3 
144049384 26216 
144075600 1704 
144077304 63 
144077367 216552 
144293919 16993 
144310912 702 
144311614 86 
144311700 34 
144311734 13 
144311747 635090 
144946837 2906 
144949743 21 
144949764 1482209 
146431973 137667 
146569640 2558 
146572198 55 
146572253 5 
146572258 2 
146572260 249506 
146821766 1040 
146822806 8 
146822814 3 
146822817 1 
146822818 478904 
147301722 8869 
147310591 86 
147310677 21 
147310698 2 
147310700 1312965 
148623665 12230 
148635895 34 
148635929 2 
148635931 84 
148636015 86 
148636101 13 
148636114 13 
148636127 1 
148636128 34 
148636162 13 
148636175 2 
148636177 687 
148636864 5 
148636869 13 
148636882 3 
148636885 653 
148637538 8 
148637546 3 
148637549 163 
148637712 3 
148637715 1 
148637716 185 
148637901 34 
148637935 3624 
148641559 5 
148641564 1202 
148642766 21 
148642787 5 
148642792 2 
148642794 382 
148643176 5 
148643181 2460 
148645641 21 
148645662 8 
148645670 2 
148645672 3791 
148649463 1202 
148650665 86 
148650751 55 
148650806 5 
148650811 2 
148650813 3415 
148654228 86 
148654314 21 
148654335 1040 
148655375 63 
148655438 77969 
148733407 10697 
148744104 86 
148744190 13 
148744203 3 
148744206 3791 
148747997 1704 
148749701 66 
148749767 5 
148749772 2 
148749774 39016 
148788790 8494 
148797284 5 
148797289 115527 
148912816 34 
148912850 3 
148912853 12498 
148925351 520 
148925871 55 
148925926 3 
148925929 14884 
148940813 21 
148940834 2 
148940836 12498 
148953334 86 
148953420 55 
148953475 132249 
149085724 382 
149086106 3 
149086109 77969 
149164078 10697 
149174775 431 
149175206 8 
149175214 2 
149175216 635090 
149810306 2906 
149813212 21 
149813233 700645 
150513878 26216 
150540094 494 
150540588 8 
150540596 856831 
151397427 249506 
151646933 11268 
151658201 21 
151658222 8 
151658230 1 
151658231 478904 
152137135 34391 
152171526 2558 
152174084 84 
152174168 1 
152174169 337053 
152511222 2944 
152514166 13 
152514179 5 
152514184 2 
152514186 84 
152514270 86 
152514356 13 
152514369 13 
152514382 1 
152514383 34 
152514417 13 
152514430 2 
152514432 687 
152515119 5 
152515124 456 
152515580 13 
152515593 2 
152515595 369 
152515964 5 
152515969 2 
152515971 185 
152516156 34 
152516190 3624 
152519814 5 
152519819 1040 
152520859 34 
152520893 150 
152521043 5 
152521048 1 
152521049 382 
152521431 5 
152521436 7584 
152529020 34 
152529054 13 
152529067 1 
152529068 3415 
152532483 86 
152532569 21 
152532590 1040 
152533630 63 
152533693 115630 
152649323 520 
152649843 3 
152649846 1 
152649847 25656 
152675503 34 
152675537 5 
152675542 2 
152675544 115527 
152791071 34 
152791105 3 
152791108 12498 
152803606 520 
152804126 55 
152804181 3 
152804184 14884 
152819068 21 
152819089 2 
152819091 315948 
153135039 1202 
153136241 86 
153136327 8 
153136335 1 
153136336 554169 
153690505 702 
153691207 269 
153691476 8 
153691484 3 
153691487 1 
153691488 249506 
153940994 8494 
153949488 86 
153949574 3 
153949577 1 
153949578 1338662 
155288240 25656 
155313896 86 
155313982 2 
155313984 216552 
155530536 5832 
155536368 86 
155536454 21 
155536475 8 
155536483 3 
155536486 26216 
155562702 1817 
155564519 21 
155564540 2 
155564542 478904 
156043446 8869 
156052315 86 
156052401 21 
156052422 2 
156052424 2819307 
158871731 39016 
158910747 34391 
158945138 520 
158945658 66 
158945724 5 
158945729 1 
158945730 335950 
159281680 639 
159282319 1 
159282320 4199604 
163481924 215258 
163697182 702 
163697884 183 
163698067 1 
163698068 110281 
163808349 702 
163809051 86 
163809137 55 
163809192 5 
163809197 2 
163809199 3855784 
167664983 22134 
167687117 283 
167687400 34 
167687434 13 
167687447 5 
167687452 2 
167687454 6588596 
174276050 21127 
174297177 13 
174297190 5 
174297195 1 
174297196 4805312 
179102508 39016 
179141524 18860 
179160384 269 
179160653 8 
179160661 3 
179160664 1 
179160665 1338662 
180499327 77969 
180577296 653 
180577949 5 
180577954 1482209 
182060163 856831 
182916994 121095 
183038089 702 
183038791 86 
183038877 34 
183038911 8 
183038919 1 
183038920 1454226 
184493146 7498 
184500644 21 
184500665 8 
184500673 3 
184500676 856831 
185357507 77969 
185435476 5832 
185441308 86 
185441394 21 
185441415 8 
185441423 3855784 
189297207 22134 
189319341 283 
189319624 34 
189319658 13 
189319671 5 
189319676 2 
189319678 21941404 
211261082 1195708 
212456790 39016 
212495806 34391 
212530197 1620 
212531817 3 
212531820 1 
212531821 10306374 
222838195 292004 
223130199 702 
223130901 34 
223130935 13 
223130948 1 
223130949 4805312 
227936261 39016 
227975277 18860 
227994137 269 
227994406 8 
227994414 3 
227994417 1 
227994418 3855784 
231850202 22134 
231872336 283 
231872619 34 
231872653 13 
231872666 5 
231872671 2 
231872673 1482209 
233354882 337053 
233691935 3029 
233694964 21 
233694985 3 
233694988 1 
233694989 13 
233695002 5 
233695007 2 
233695009 86 
233695095 21 
233695116 5 
233695121 1 
233695122 34 
233695156 13 
233695169 2 
233695171 687 
233695858 5 
233695863 13 
233695876 3 
233695879 455 
233696334 185 
233696519 21 
233696540 3 
233696543 163 
233696706 3 
233696709 1 
233696710 3791 
233700501 55 
233700556 2 
233700558 1040 
233701598 34 
233701632 150 
233701782 5 
233701787 1 
233701788 2820 
233704608 55 
233704663 3 
233704666 3791 
233708457 1202 
233709659 86 
233709745 55 
233709800 5 
233709805 2 
233709807 3415 
233713222 86 
233713308 21 
233713329 1040 
233714369 63 
233714432 77969 
233792401 10697 
233803098 86 
233803184 13 
233803197 3 
233803200 3791 
233806991 1704 
233808695 66 
233808761 5 
233808766 2 
233808768 21747 
233830515 66 
233830581 5 
233830586 154067 
233984653 269 
233984922 1 
233984923 14884 
233999807 21 
233999828 2 
233999830 12498 
234012328 86 
234012414 55 
234012469 856831 
234869300 2906 
234872206 21 
234872227 1482209 
236354436 137667 
236492103 2558 
236494661 55 
236494716 5 
236494721 2 
236494723 216552 
236711275 5832 
236717107 86 
236717193 21 
236717214 8 
236717222 3 
236717225 26216 
236743441 1817 
236745258 21 
236745279 2 
236745281 478904 
237224185 8869 
237233054 86 
237233140 21 
237233161 2 
237233163 856831 
238089994 77969 
238167963 26216 
238194179 1139 
238195318 8 
238195326 3 
238195329 1 
238195330 119478 
238314808 702 
238315510 8 
238315518 3 
238315521 692146 
239007667 702 
239008369 185 
239008554 13 
239008567 5 
239008572 1454226 
240462798 261 
240463059 8364005 
248827064 77969 
248905033 9256 
248914289 283 
248914572 66 
248914638 8 
248914646 3 
248914649 10306374 
259221023 269635 
259490658 3029 
259493687 86 
259493773 34 
259493807 5 
259493812 63 
259493875 1 
259493876 86 
259493962 34 
259493996 13 
259494009 34 
259494043 13 
259494056 2 
259494058 185 
259494243 21 
259494264 2 
259494266 456 
259494722 21 
259494743 5 
259494748 2 
259494750 13 
259494763 3 
259494766 455 
259495221 185 
259495406 21 
259495427 3 
259495430 163 
259495593 3 
259495596 1 
259495597 3791 
259499388 55 
259499443 2 
259499445 1040 
259500485 34 
259500519 150 
259500669 5 
259500674 1 
259500675 382 
259501057 5 
259501062 2460 
259503522 21 
259503543 8 
259503551 2 
259503553 3791 
259507344 1202 
259508546 86 
259508632 55 
259508687 5 
259508692 2 
259508694 3791 
259512485 702 
259513187 86 
259513273 34 
259513307 8 
259513315 3 
259513318 1 
259513319 77969 
259591288 10697 
259601985 86 
259602071 13 
259602084 3 
259602087 3791 
259605878 1704 
259607582 66 
259607648 5 
259607653 2 
259607655 21747 
259629402 66 
259629468 5 
259629473 137667 
259767140 3415 
259770555 170 
259770725 8 
259770733 1 
259770734 26216 
259796950 1704 
259798654 63 
259798717 12498 
259811215 86 
259811301 55 
259811356 216552 
260027908 3791 
260031699 1394 
260033093 3 
260033096 1 
260033097 544920 
260578017 3791 
260581808 702 
260582510 185 
260582695 34 
260582729 13 
260582742 5 
260582747 1 
260582748 63 
260582811 1 
260582812 13 
260582825 5 
260582830 2 
260582832 86 
260582918 13 
260582931 13 
260582944 1 
260582945 34 
260582979 13 
260582992 2 
260582994 185 
260583179 21 
260583200 2 
260583202 456 
260583658 21 
260583679 5 
260583684 2 
260583686 456 
260584142 13 
260584155 2 
260584157 185 
260584342 21 
260584363 3 
260584366 382 
260584748 3 
260584751 1 
260584752 3791 
260588543 702 
260589245 185 
260589430 21 
260589451 3 
260589454 1 
260589455 150 
260589605 5 
260589610 1 
260589611 382 
260589993 5 
260589998 7584 
260597582 34 
260597616 13 
260597629 1 
260597630 3415 
260601045 86 
260601131 21 
260601152 1040 
260602192 63 
260602255 77969 
260680224 10697 
260690921 86 
260691007 13 
260691020 3 
260691023 3791 
260694814 1704 
260696518 66 
260696584 5 
260696589 2 
260696591 21747 
260718338 66 
260718404 5 
260718409 25656 
260744065 34 
260744099 5 
260744104 2 
260744106 142913 
260887019 627 
260887646 5 
260887651 2 
260887653 12498 
260900151 86 
260900237 55 
260900292 216552 
261116844 3791 
261120635 1394 
261122029 3 
261122032 1 
261122033 635090 
261757123 2906 
261760029 21 
261760050 517920 
262277970 15338 
262293308 283 
262293591 13 
262293604 5 
262293609 1 
262293610 216552 
262510162 5832 
262515994 86 
262516080 21 
262516101 8 
262516109 3 
262516112 26216 
262542328 1817 
262544145 21 
262544166 2 
262544168 478904 
263023072 8869 
263031941 86 
263032027 21 
263032048 2 
263032050 337053 
263369103 13416 
263382519 21 
263382540 5 
263382545 1 
263382546 216552 
263599098 5832 
263604930 86 
263605016 21 
263605037 8 
263605045 3 
263605048 376069 
263981117 12498 
263993615 520 
263994135 79 
263994214 3 
263994217 126681 
264120898 86 
264120984 2 
264120986 77969 
264198955 20517 
264219472 185 
264219657 2 
264219659 579998 
264799657 7706 
264807363 86 
264807449 8 
264807457 2 
264807459 275203 
265082662 490 
265083152 1 
265083153 1195708 
266278861 39016 
266317877 28147 
266346024 639 
266346663 3 
266346666 856831 
267203497 145404 
267348901 1970 
267350871 8 
267350879 3 
267350882 3130577 
270481459 18860 
270500319 86 
270500405 8 
270500413 3 
270500416 1 
270500417 4077525 
274577942 77969 
274655911 11152 
274667063 13 
274667076 3 
274667079 1 
274667080 856831 
275523911 216552 
275740463 15338 
275755801 185 
275755986 21 
275756007 8 
275756015 1 
275756016 1184554 
276940570 3791 
276944361 1411 
276945772 21 
276945793 1 
276945794 4805312 
281751106 39016 
281790122 18860 
281808982 269 
281809251 8 
281809259 3 
281809262 1 
281809263 3855784 
285665047 22134 
285687181 283 
285687464 34 
285687498 13 
285687511 5 
285687516 2 
285687518 4199604 
289887122 128727 
290015849 2558 
290018407 86 
290018493 34 
290018527 13 
290018540 5 
290018545 1 
290018546 1482209 
291500755 856831 
292357586 39016 
292396602 11528 
292408130 261 
292408391 3855784 
296264175 22134 
296286309 283 
296286592 34 
296286626 13 
296286639 5 
296286644 2 
296286646 12498 
296299144 150 
296299294 8 
296299302 2 
296299304 856831 
297156135 115630 
297271765 86 
297271851 8 
297271859 1 
297271860 115630 
297387490 702 
297388192 34 
297388226 13 
297388239 1 
297388240 15490814 
312879054 171101 
313050155 3196 
313053351 55 
313053406 5 
313053411 1 
313053412 21941404 
334994816 3855784 
338850600 1620 
338852220 79 
338852299 856831 
339709130 216552 
339925682 15338 
339941020 185 
339941205 21 
339941226 8 
339941234 1 
339941235 21941404 
361882639 1482209 
363364848 1195708 
364560556 39016 
364599572 34391 
364633963 2033 
364635996 3 
364635999 1482209 
366118208 700645 
366818853 39016 
366857869 10197 
366868066 185 
366868251 5 
366868256 1 
366868257 155170 
367023427 3791 
367027218 702 
367027920 185 
367028105 21 
367028126 3 
367028129 1 
367028130 84 
367028214 86 
367028300 13 
367028313 13 
367028326 1 
367028327 34 
367028361 13 
367028374 2 
367028376 702 
367029078 5 
367029083 1 
367029084 702 
367029786 86 
367029872 34 
367029906 8 
367029914 1 
367029915 3791 
367033706 55 
367033761 2 
367033763 1040 
367034803 34 
367034837 150 
367034987 5 
367034992 1 
367034993 382 
367035375 5 
367035380 2460 
367037840 21 
367037861 8 
367037869 2 
367037871 3791 
367041662 1202 
367042864 86 
367042950 55 
367043005 5 
367043010 2 
367043012 3415 
367046427 86 
367046513 21 
367046534 1040 
367047574 63 
367047637 77969 
367125606 15838 
367141444 520 
367141964 8 
367141972 1 
367141973 21747 
367163720 66 
367163786 5 
367163791 25656 
367189447 34 
367189481 5 
367189486 2 
367189488 115527 
367305015 34 
367305049 3 
367305052 12498 
367317550 520 
367318070 55 
367318125 3 
367318128 14884 
367333012 21 
367333033 2 
367333035 12498 
367345533 86 
367345619 55 
367345674 216552 
367562226 3791 
367566017 1394 
367567411 3 
367567414 1 
367567415 1482209 
369049624 856831 
369906455 142913 
370049368 1040 
370050408 21 
370050429 1 
370050430 478904 
370529334 34391 
370563725 2558 
370566283 84 
370566367 1 
370566368 856831 
371423199 77969 
371501168 26216 
371527384 1139 
371528523 8 
371528531 3 
371528534 1 
371528535 1482209 
373010744 700645 
373711389 77969 
373789358 6906 
373796264 3646515 
377442779 24559 
377467338 34 
377467372 13 
377467385 4715542 
382182927 18470 
382201397 1 
382201398 128727 
382330125 702 
382330827 21 
382330848 5 
382330853 1 
382330854 3855784 
386186638 22134 
386208772 283 
386209055 34 
386209089 13 
386209102 5 
386209107 2 
386209109 6338038 
392547147 119478 
392666625 515 
392667140 3 
392667143 1 
392667144 4805312 
397472456 77969 
397550425 2365 
397552790 66 
397552856 8 
397552864 5631193 
403184057 77969 
403262026 3791 
403265817 455 
403266272 856831 
404123103 216552 
404339655 15338 
404354993 185 
404355178 21 
404355199 8 
404355207 1 
404355208 4805312 
409160520 39016 
409199536 18860 
409218396 269 
409218665 8 
409218673 3 
409218676 1 
409218677 1482209 
410700886 1291147 
411992033 15838 
412007871 86 
412007957 34 
412007991 5 
412007996 856831 
412864827 216552 
413081379 15338 
413096717 185 
413096902 21 
413096923 8 
413096931 1 
413096932 33184247 
446281179 77969 
446359148 26216 
446385364 1202 
446386566 34 
446386600 13 
446386613 3 
446386616 1 
446386617 45698004 
492084621 856831 
492941452 243938 
493185390 3196 
493188586 149 
493188735 856831 
494045566 216552 
494262118 15338 
494277456 185 
494277641 21 
494277662 8 
494277670 1 
494277671 5852934 
500130605 39016 
500169621 29766 
500199387 2074 
500201461 1 
500201462 10306374 
510507836 292004 
510799840 702 
510800542 34 
510800576 13 
510800589 1 
510800590 4805312 
515605902 39016 
515644918 18860 
515663778 269 
515664047 8 
515664055 3 
515664058 1 
515664059 3855784 
519519843 22134 
519541977 283 
519542260 34 
519542294 13 
519542307 5 
519542312 2 
519542314 517920 
520060234 15838 
520076072 456 
520076528 21 
520076549 8 
520076557 1 
520076558 856831 
520933389 216552 
521149941 15338 
521165279 185 
521165464 21 
521165485 8 
521165493 1 
521165494 79466764 
600632258 77969 
600710227 12498 
600722725 283 
600723008 34 
600723042 8 
600723050 3 
600723053 21941404 
622664457 3855784 
626520241 1620 
626521861 79 
626521940 856831 
627378771 216552 
627595323 15338 
627610661 185 
627610846 21 
627610867 8 
627610875 1 
627610876 105681474 
733292350 700645 
733992995 39016 
734032011 24039 
734056050 185 
734056235 21 
734056256 2 
