5168
1 1 
2 1 
3 2 
5 3 
8 5 
13 8 
21 13 
34 21 
55 34 
89 55 
144 89 
233 144 
377 233 
610 377 
987 610 
1597 987 
2584 1597 
4181 1597 
5778 610 
6388 144 
6532 55 
6587 5 
6592 2 
6594 6592 
13186 6594 
19780 6594 
26374 987 
27361 377 
27738 13 
27751 5 
27756 2 
27758 13186 
40944 1597 
42541 377 
42918 55 
42973 5 
42978 19780 
62758 233 
62991 34 
63025 5 
63030 1 
63031 19780 
82811 377 
83188 55 
83243 13 
83256 5 
83261 6594 
89855 1597 
91452 610 
92062 13 
92075 1 
92076 13186 
105262 233 
105495 21 
105516 2 
105518 1597 
107115 8 
107123 13186 
120309 987 
121296 377 
121673 144 
121817 34 
121851 1 
121852 13186 
135038 5778 
140816 55 
140871 13 
140884 5 
140889 5778 
146667 377 
147044 55 
147099 1 
147100 1597 
148697 610 
149307 144 
149451 34 
149485 13 
149498 3 
149501 1 
149502 4181 
153683 610 
154293 89 
154382 34 
154416 3 
154419 1 
154420 610 
155030 233 
155263 5 
155268 2 
155270 13186 
168456 1597 
170053 144 
170197 55 
170252 21 
170273 144 
170417 55 
170472 21 
170493 3 
170496 4181 
174677 55 
174732 21 
174753 8 
174761 3 
174764 1 
174765 13186 
187951 5778 
193729 55 
193784 13 
193797 5 
193802 6594 
200396 1597 
201993 144 
202137 55 
202192 13 
202205 5 
202210 2584 
204794 144 
204938 55 
204993 21 
205014 8 
205022 3 
205025 6594 
211619 987 
212606 233 
212839 34 
212873 8 
212881 2 
212883 8 
212891 2 
212893 5778 
218671 144 
218815 21 
218836 1 
218837 13186 
232023 5778 
237801 13 
237814 5 
237819 1 
237820 377 
238197 144 
238341 6594 
244935 89 
245024 34 
245058 13 
245071 5 
245076 2 
245078 610 
245688 89 
245777 8 
245785 3 
245788 1 
245789 1597 
247386 8 
247394 3 
247397 6594 
253991 1597 
255588 8 
255596 2 
255598 4181 
259779 987 
260766 377 
261143 89 
261232 8 
261240 1 
261241 19780 
281021 4181 
285202 233 
285435 89 
285524 34 
285558 13 
285571 1 
285572 987 
286559 377 
286936 34 
286970 13 
286983 3 
286986 4181 
291167 987 
292154 34 
292188 13 
292201 3 
292204 2584 
294788 13 
294801 3 
294804 27758 
322562 1597 
324159 377 
324536 89 
324625 13 
324638 6594 
331232 4181 
335413 55 
335468 13 
335481 3 
335484 1 
335485 13186 
348671 5778 
354449 377 
354826 144 
354970 34 
355004 8 
355012 1 
355013 6594 
361607 2584 
364191 987 
365178 377 
365555 89 
365644 13 
365657 5 
365662 1 
365663 6594 
372257 2584 
374841 987 
375828 34 
375862 13 
375875 5 
375880 2 
375882 19780 
395662 5778 
401440 233 
401673 55 
401728 13 
401741 5 
401746 1 
401747 377 
402124 144 
402268 34 
402302 5 
402307 1 
402308 13186 
415494 2584 
418078 987 
419065 377 
419442 34 
419476 5 
419481 6594 
426075 2584 
428659 144 
428803 55 
428858 21 
428879 5 
428884 13186 
442070 377 
442447 144 
442591 34 
442625 8 
442633 1 
442634 6594 
449228 1597 
450825 34 
450859 1 
450860 2584 
453444 987 
454431 377 
454808 144 
454952 21 
454973 5 
454978 2 
454980 6594 
461574 987 
462561 377 
462938 89 
463027 34 
463061 13 
463074 1 
463075 4181 
467256 987 
468243 233 
468476 89 
468565 34 
468599 13 
468612 3 
468615 13186 
481801 4181 
485982 5 
485987 2 
485989 2584 
488573 89 
488662 21 
488683 5 
488688 2 
488690 6594 
495284 2584 
497868 55 
497923 8 
497931 2 
497933 6594 
504527 1597 
506124 377 
506501 144 
506645 13 
506658 5 
506663 2 
506665 13186 
519851 987 
520838 89 
520927 34 
520961 8 
520969 1 
520970 6594 
527564 144 
527708 55 
527763 5 
527768 2 
527770 6594 
534364 2584 
536948 144 
537092 55 
537147 3 
537150 1 
537151 6594 
543745 987 
544732 89 
544821 21 
544842 5 
544847 13186 
558033 5778 
563811 89 
563900 13 
563913 5 
563918 1 
563919 6594 
570513 1597 
572110 610 
572720 144 
572864 21 
572885 1 
572886 26374 
599260 144 
599404 13 
599417 1 
599418 6594 
606012 4181 
610193 987 
611180 144 
611324 55 
611379 8 
611387 2 
611389 27758 
639147 6594 
645741 1597 
647338 610 
647948 233 
648181 89 
648270 21 
648291 2 
648293 6594 
654887 2584 
657471 377 
657848 21 
657869 8 
657877 2 
657879 987 
658866 55 
658921 21 
658942 8 
658950 2 
658952 6594 
665546 4181 
669727 610 
670337 233 
670570 89 
670659 34 
670693 13 
670706 2 
670708 6594 
677302 4181 
681483 233 
681716 89 
681805 5 
681810 2 
681812 5778 
687590 233 
687823 21 
687844 8 
687852 3 
687855 1 
687856 1597 
689453 610 
690063 89 
690152 13 
690165 233 
690398 89 
690487 34 
690521 13 
690534 1 
690535 27758 
718293 6594 
724887 4181 
729068 987 
730055 233 
730288 55 
730343 13 
730356 5 
730361 610 
730971 5 
730976 2 
730978 19780 
750758 4181 
754939 233 
755172 55 
755227 13 
755240 3 
755243 1 
755244 6594 
761838 4181 
766019 55 
766074 21 
766095 2 
766097 1597 
767694 89 
767783 5 
767788 6594 
774382 987 
775369 233 
775602 55 
775657 21 
775678 1 
775679 13186 
788865 2584 
791449 21 
791470 3 
791473 5778 
797251 55 
797306 13 
797319 1 
797320 1597 
798917 610 
799527 21 
799548 5 
799553 1597 
801150 377 
801527 55 
801582 13 
801595 5 
801600 1 
801601 377 
801978 55 
802033 5 
802038 1 
802039 2584 
804623 987 
805610 89 
805699 3 
805702 1 
805703 13186 
818889 2584 
821473 610 
822083 233 
822316 21 
822337 4181 
826518 144 
826662 34 
826696 13 
826709 5 
826714 1 
826715 2584 
829299 987 
830286 233 
830519 89 
830608 8 
830616 4181 
834797 987 
835784 377 
836161 144 
836305 34 
836339 1 
836340 13186 
849526 1597 
851123 610 
851733 89 
851822 8 
851830 2 
851832 4181 
856013 987 
857000 377 
857377 13 
857390 1 
857391 2584 
859975 377 
860352 89 
860441 34 
860475 8 
860483 3 
860486 13186 
873672 610 
874282 144 
874426 55 
874481 13 
874494 5 
874499 1 
874500 2584 
877084 610 
877694 233 
877927 5 
877932 1 
877933 610 
878543 144 
878687 55 
878742 8 
878750 2 
878752 2584 
881336 987 
882323 233 
882556 55 
882611 8 
882619 3 
882622 19780 
902402 987 
903389 144 
903533 55 
903588 21 
903609 8 
903617 2 
903619 6594 
910213 4181 
914394 987 
915381 377 
915758 34 
915792 8 
915800 13186 
928986 2584 
931570 233 
931803 55 
931858 1 
931859 6594 
938453 34 
938487 5 
938492 1 
938493 13186 
951679 2584 
954263 144 
954407 21 
954428 5 
954433 1 
954434 6594 
961028 5778 
966806 377 
967183 144 
967327 34 
967361 1 
967362 2584 
969946 610 
970556 89 
970645 5 
970650 4181 
974831 377 
975208 144 
975352 55 
975407 8 
975415 3 
975418 27758 
1003176 2584 
1005760 987 
1006747 377 
1007124 89 
1007213 21 
1007234 2 
1007236 13186 
1020422 4181 
1024603 144 
1024747 55 
1024802 8 
1024810 3 
1024813 6594 
1031407 6388 
1037795 8 
1037803 2 
1037805 13186 
1050991 2584 
1053575 987 
1054562 233 
1054795 89 
1054884 21 
1054905 3 
1054908 13 
1054921 3 
1054924 1 
1054925 1597 
1056522 610 
1057132 233 
1057365 89 
1057454 1 
1057455 27758 
1085213 2584 
1087797 377 
1088174 144 
1088318 55 
1088373 21 
1088394 5 
1088399 2 
1088401 2584 
1090985 987 
1091972 377 
1092349 89 
1092438 34 
1092472 13 
1092485 2 
1092487 6594 
1099081 4181 
1103262 377 
1103639 21 
1103660 3 
1103663 1 
1103664 987 
1104651 144 
1104795 55 
1104850 3 
1104853 1 
1104854 6594 
1111448 987 
1112435 144 
1112579 34 
1112613 8 
1112621 2 
1112623 610 
1113233 55 
1113288 8 
1113296 2584 
1115880 610 
1116490 233 
1116723 55 
1116778 5 
1116783 6594 
1123377 4181 
1127558 610 
1128168 34 
1128202 1 
1128203 13186 
1141389 4181 
1145570 987 
1146557 89 
1146646 21 
1146667 5 
1146672 1597 
1148269 377 
1148646 144 
1148790 34 
1148824 3 
1148827 1 
1148828 6594 
1155422 1597 
1157019 610 
1157629 55 
1157684 13 
1157697 3 
1157700 27758 
1185458 2584 
1188042 987 
1189029 233 
1189262 21 
1189283 8 
1189291 3 
1189294 26374 
1215668 377 
1216045 13 
1216058 5 
1216063 2584 
1218647 987 
1219634 377 
1220011 144 
1220155 55 
1220210 21 
1220231 1 
1220232 5778 
1226010 377 
1226387 89 
1226476 34 
1226510 13 
1226523 6594 
1233117 987 
1234104 377 
1234481 144 
1234625 55 
1234680 21 
1234701 8 
1234709 1 
1234710 6594 
1241304 2584 
1243888 377 
1244265 89 
1244354 34 
1244388 8 
1244396 3 
1244399 1 
1244400 2584 
1246984 34 
1247018 13 
1247031 3 
1247034 1 
1247035 233 
1247268 21 
1247289 144 
1247433 21 
1247454 3 
1247457 19780 
1267237 4181 
1271418 233 
1271651 89 
1271740 34 
1271774 5 
1271779 2 
1271781 6594 
1278375 5778 
1284153 233 
1284386 89 
1284475 34 
1284509 8 
1284517 3 
1284520 1 
1284521 2584 
1287105 987 
1288092 55 
1288147 21 
1288168 5 
1288173 13186 
1301359 4181 
1305540 987 
1306527 89 
1306616 8 
1306624 2 
1306626 6594 
1313220 377 
1313597 144 
1313741 55 
1313796 8 
1313804 2 
1313806 4181 
1317987 377 
1318364 144 
1318508 3 
1318511 2584 
1321095 233 
1321328 5 
1321333 2 
1321335 4181 
1325516 233 
1325749 89 
1325838 34 
1325872 5 
1325877 1 
1325878 6594 
1332472 987 
1333459 144 
1333603 5 
1333608 1 
1333609 6594 
1340203 987 
1341190 34 
1341224 3 
1341227 1 
1341228 6594 
1347822 987 
1348809 34 
1348843 1 
1348844 6594 
1355438 1597 
1357035 610 
1357645 144 
1357789 34 
1357823 13 
1357836 3 
1357839 42978 
1400817 6594 
1407411 2584 
1409995 987 
1410982 144 
1411126 34 
1411160 8 
1411168 3 
1411171 4181 
1415352 610 
1415962 233 
1416195 34 
1416229 8 
1416237 3 
1416240 1597 
1417837 89 
1417926 1 
1417927 144 
1418071 34 
1418105 8 
1418113 3 
1418116 6594 
1424710 2584 
1427294 987 
1428281 8 
1428289 1 
1428290 610 
1428900 233 
1429133 55 
1429188 13 
1429201 5 
1429206 2 
1429208 6594 
1435802 4181 
1439983 377 
1440360 3 
1440363 1 
1440364 233 
1440597 55 
1440652 21 
1440673 8 
1440681 3 
1440684 1 
1440685 2584 
1443269 987 
1444256 377 
1444633 144 
1444777 21 
1444798 3 
1444801 6594 
1451395 5778 
1457173 21 
1457194 1 
1457195 13186 
1470381 2584 
1472965 987 
1473952 233 
1474185 34 
1474219 3 
1474222 1 
1474223 13186 
1487409 1597 
1489006 610 
1489616 89 
1489705 21 
1489726 2 
1489728 13186 
1502914 1597 
1504511 610 
1505121 144 
1505265 377 
1505642 144 
1505786 55 
1505841 21 
1505862 2 
1505864 6594 
1512458 987 
1513445 233 
1513678 89 
1513767 8 
1513775 1597 
1515372 89 
1515461 34 
1515495 8 
1515503 3 
1515506 6594 
1522100 6388 
1528488 89 
1528577 34 
1528611 5 
1528616 2 
1528618 6594 
1535212 377 
1535589 144 
1535733 55 
1535788 21 
1535809 4181 
1539990 89 
1540079 34 
1540113 13 
1540126 5 
1540131 1 
1540132 4181 
1544313 377 
1544690 144 
1544834 55 
1544889 13 
1544902 144 
1545046 13 
1545059 5 
1545064 19780 
1564844 1597 
1566441 610 
1567051 233 
1567284 34 
1567318 13 
1567331 2 
1567333 5778 
1573111 377 
1573488 144 
1573632 55 
1573687 21 
1573708 5 
1573713 2 
1573715 4181 
1577896 377 
1578273 55 
1578328 8 
1578336 3 
1578339 1 
1578340 5778 
1584118 377 
1584495 144 
1584639 55 
1584694 6594 
1591288 2584 
1593872 610 
1594482 233 
1594715 55 
1594770 13 
1594783 5 
1594788 2 
1594790 6594 
1601384 5778 
1607162 233 
1607395 89 
1607484 8 
1607492 3 
1607495 1 
1607496 987 
1608483 233 
1608716 55 
1608771 13 
1608784 3 
1608787 1 
1608788 27758 
1636546 2584 
1639130 987 
1640117 233 
1640350 55 
1640405 21 
1640426 27758 
1668184 377 
1668561 55 
1668616 13 
1668629 3 
1668632 1 
1668633 4181 
1672814 610 
1673424 55 
1673479 21 
1673500 8 
1673508 4181 
1677689 987 
1678676 89 
1678765 8 
1678773 3 
1678776 2584 
1681360 987 
1682347 21 
1682368 5 
1682373 1 
1682374 2584 
1684958 610 
1685568 144 
1685712 55 
1685767 21 
1685788 8 
1685796 3 
1685799 6594 
1692393 987 
1693380 377 
1693757 13 
1693770 1 
1693771 6594 
1700365 1597 
1701962 233 
1702195 89 
1702284 3 
1702287 13186 
1715473 4181 
1719654 233 
1719887 1 
1719888 89 
1719977 34 
1720011 13 
1720024 3 
1720027 1 
1720028 610 
1720638 5 
1720643 6594 
1727237 5778 
1733015 233 
1733248 89 
1733337 34 
1733371 5 
1733376 13186 
1746562 2584 
1749146 987 
1750133 377 
1750510 144 
1750654 55 
1750709 8 
1750717 1 
1750718 6594 
1757312 4181 
1761493 610 
1762103 21 
1762124 5 
1762129 1 
1762130 6388 
1768518 34 
1768552 13 
1768565 3 
1768568 610 
1769178 144 
1769322 55 
1769377 2 
1769379 1597 
1770976 377 
1771353 55 
1771408 21 
1771429 3 
1771432 610 
1772042 233 
1772275 89 
1772364 13 
1772377 3 
1772380 6594 
1778974 233 
1779207 34 
1779241 13 
1779254 3 
1779257 1 
1779258 19780 
1799038 2584 
1801622 233 
1801855 55 
1801910 21 
1801931 3 
1801934 6594 
1808528 89 
1808617 34 
1808651 13 
1808664 3 
1808667 13186 
1821853 2584 
1824437 377 
1824814 144 
1824958 34 
1824992 5 
1824997 1 
1824998 42978 
1867976 6594 
1874570 1597 
1876167 377 
1876544 89 
1876633 34 
1876667 5 
1876672 2 
1876674 19780 
1896454 1597 
1898051 610 
1898661 233 
1898894 34 
1898928 13 
1898941 5 
1898946 6594 
1905540 2584 
1908124 89 
1908213 34 
1908247 3 
1908250 6594 
1914844 233 
1915077 21 
1915098 5 
1915103 2 
1915105 6594 
1921699 233 
1921932 5 
1921937 1 
1921938 19780 
1941718 610 
1942328 233 
1942561 55 
1942616 13 
1942629 5 
1942634 6594 
1949228 987 
1950215 55 
1950270 8 
1950278 13186 
1963464 4181 
1967645 377 
1968022 89 
1968111 21 
1968132 3 
1968135 1 
1968136 6594 
1974730 987 
1975717 34 
1975751 2 
1975753 6594 
1982347 377 
1982724 3 
1982727 13186 
1995913 4181 
2000094 987 
2001081 144 
2001225 55 
2001280 13 
2001293 2 
2001295 6587 
2007882 3 
2007885 1 
2007886 42978 
2050864 13186 
2064050 1597 
2065647 34 
2065681 8 
2065689 2 
2065691 1597 
2067288 610 
2067898 89 
2067987 34 
2068021 13 
2068034 1 
2068035 4181 
2072216 55 
2072271 13186 
2085457 377 
2085834 55 
2085889 3 
2085892 19780 
2105672 1597 
2107269 610 
2107879 144 
2108023 13 
2108036 2 
2108038 6594 
2114632 2584 
2117216 987 
2118203 233 
2118436 21 
2118457 13186 
2131643 1597 
2133240 233 
2133473 13 
2133486 3 
2133489 1 
2133490 6594 
2140084 377 
2140461 144 
2140605 21 
2140626 3 
2140629 27758 
2168387 6594 
2174981 610 
2175591 89 
2175680 21 
2175701 8 
2175709 610 
2176319 144 
2176463 8 
2176471 2 
2176473 26374 
2202847 610 
2203457 144 
2203601 34 
2203635 13 
2203648 5 
2203653 1 
2203654 987 
2204641 89 
2204730 34 
2204764 13 
2204777 5 
2204782 2584 
2207366 987 
2208353 233 
2208586 34 
2208620 13 
2208633 1 
2208634 6594 
2215228 2584 
2217812 987 
2218799 89 
2218888 21 
2218909 8 
2218917 1 
2218918 13186 
2232104 5778 
2237882 377 
2238259 144 
2238403 21 
2238424 5 
2238429 6594 
2245023 144 
2245167 13 
2245180 2 
2245182 377 
2245559 55 
2245614 21 
2245635 8 
2245643 3 
2245646 1 
2245647 1597 
2247244 377 
2247621 144 
2247765 21 
2247786 8 
2247794 27758 
2275552 6594 
2282146 4181 
2286327 987 
2287314 233 
2287547 13 
2287560 3 
2287563 19780 
2307343 5778 
2313121 55 
2313176 8 
2313184 1 
2313185 13186 
2326371 987 
2327358 377 
2327735 89 
2327824 2584 
2330408 987 
2331395 233 
2331628 21 
2331649 5 
2331654 1 
2331655 377 
2332032 13 
2332045 5 
2332050 2 
2332052 4181 
2336233 987 
2337220 144 
2337364 55 
2337419 21 
2337440 5 
2337445 610 
2338055 233 
2338288 13 
2338301 5 
2338306 13186 
2351492 4181 
2355673 233 
2355906 21 
2355927 1 
2355928 987 
2356915 89 
2357004 8 
2357012 1 
2357013 19780 
2376793 987 
2377780 233 
2378013 55 
2378068 21 
2378089 27758 
2405847 4181 
2410028 987 
2411015 233 
2411248 89 
2411337 13 
2411350 1 
2411351 4181 
2415532 377 
2415909 144 
2416053 55 
2416108 3 
2416111 1 
2416112 4181 
2420293 610 
2420903 21 
2420924 8 
2420932 2 
2420934 6594 
2427528 4181 
2431709 987 
2432696 377 
2433073 89 
2433162 8 
2433170 2 
2433172 233 
2433405 34 
2433439 13 
2433452 3 
2433455 4181 
2437636 377 
2438013 144 
2438157 55 
2438212 21 
2438233 8 
2438241 3 
2438244 1 
2438245 4181 
2442426 610 
2443036 233 
2443269 89 
2443358 34 
2443392 13 
2443405 1 
2443406 13186 
2456592 2584 
2459176 21 
2459197 8 
2459205 3 
2459208 1 
2459209 42978 
2502187 6594 
2508781 1597 
2510378 377 
2510755 144 
2510899 21 
2510920 8 
2510928 1 
2510929 2584 
2513513 144 
2513657 55 
2513712 5 
2513717 6594 
2520311 987 
2521298 377 
2521675 34 
2521709 3 
2521712 6594 
2528306 377 
2528683 89 
2528772 13 
2528785 3 
2528788 2584 
2531372 987 
2532359 377 
2532736 21 
2532757 3 
2532760 1 
2532761 987 
2533748 89 
2533837 34 
2533871 3 
2533874 27758 
2561632 1597 
2563229 233 
2563462 89 
2563551 21 
2563572 2584 
2566156 987 
2567143 377 
2567520 55 
2567575 21 
2567596 5 
2567601 2 
2567603 610 
2568213 13 
2568226 3 
2568229 1 
2568230 19780 
2588010 2584 
2590594 987 
2591581 377 
2591958 144 
2592102 3 
2592105 1597 
2593702 144 
2593846 2 
2593848 6594 
2600442 89 
2600531 34 
2600565 5 
2600570 2 
2600572 2584 
2603156 377 
2603533 2 
2603535 377 
2603912 89 
2604001 34 
2604035 8 
2604043 27758 
2631801 2584 
2634385 987 
2635372 377 
2635749 34 
2635783 8 
2635791 3 
2635794 13186 
2648980 4181 
2653161 377 
2653538 144 
2653682 55 
2653737 21 
2653758 5 
2653763 2 
2653765 19780 
2673545 987 
2674532 144 
2674676 3 
2674679 4181 
2678860 987 
2679847 377 
2680224 144 
2680368 55 
2680423 5 
2680428 1597 
2682025 377 
2682402 144 
2682546 34 
2682580 3 
2682583 1 
2682584 6594 
2689178 377 
2689555 13 
2689568 2 
2689570 19780 
2709350 1597 
2710947 233 
2711180 34 
2711214 13 
2711227 5 
2711232 2 
2711234 2584 
2713818 610 
2714428 233 
2714661 55 
2714716 13 
2714729 1 
2714730 1597 
2716327 233 
2716560 55 
2716615 2 
2716617 4181 
2720798 377 
2721175 89 
2721264 13 
2721277 2 
2721279 4181 
2725460 377 
2725837 144 
2725981 34 
2726015 13 
2726028 2 
2726030 1597 
2727627 233 
2727860 8 
2727868 3 
2727871 1 
2727872 1597 
2729469 55 
2729524 21 
2729545 2 
2729547 6594 
2736141 987 
2737128 144 
2737272 13 
2737285 6594 
2743879 610 
2744489 34 
2744523 13 
2744536 3 
2744539 6587 
2751126 3 
2751129 1 
2751130 6388 
2757518 55 
2757573 8 
2757581 2 
2757583 5778 
2763361 233 
2763594 55 
2763649 21 
2763670 8 
2763678 2 
2763680 2584 
2766264 610 
2766874 89 
2766963 13 
2766976 3 
2766979 1 
2766980 19780 
2786760 610 
2787370 144 
2787514 5 
2787519 2 
2787521 987 
2788508 233 
2788741 8 
2788749 2 
2788751 6594 
2795345 2584 
2797929 987 
2798916 144 
2799060 13 
2799073 1 
2799074 13186 
2812260 987 
2813247 144 
2813391 13 
2813404 610 
2814014 144 
2814158 34 
2814192 5 
2814197 1 
2814198 987 
2815185 144 
2815329 55 
2815384 21 
2815405 8 
2815413 1 
2815414 13186 
2828600 2584 
2831184 987 
2832171 377 
2832548 144 
2832692 34 
2832726 3 
2832729 1 
2832730 1597 
2834327 144 
2834471 55 
2834526 13 
2834539 2 
2834541 377 
2834918 144 
2835062 55 
2835117 13 
2835130 3 
2835133 1 
2835134 6594 
2841728 2584 
2844312 377 
2844689 89 
2844778 13 
2844791 3 
2844794 27758 
2872552 6594 
2879146 2584 
2881730 377 
2882107 144 
2882251 55 
2882306 21 
2882327 3 
2882330 19780 
2902110 4181 
2906291 377 
2906668 55 
2906723 13 
2906736 5 
2906741 1 
2906742 55 
2906797 8 
2906805 13186 
2919991 2584 
2922575 89 
2922664 3 
2922667 987 
2923654 144 
2923798 55 
2923853 21 
2923874 8 
2923882 3 
2923885 13186 
2937071 987 
2938058 377 
2938435 89 
2938524 34 
2938558 5 
2938563 6594 
2945157 2584 
2947741 377 
2948118 144 
2948262 34 
2948296 13 
2948309 1 
2948310 5778 
2954088 377 
2954465 34 
2954499 13 
2954512 2 
2954514 2584 
2957098 610 
2957708 144 
2957852 55 
2957907 21 
2957928 5 
2957933 1 
2957934 233 
2958167 89 
2958256 21 
2958277 8 
2958285 2 
2958287 5778 
2964065 377 
2964442 3 
2964445 6594 
2971039 2584 
2973623 987 
2974610 377 
2974987 89 
2975076 34 
2975110 3 
2975113 2584 
2977697 377 
2978074 55 
2978129 2 
2978131 233 
2978364 89 
2978453 34 
2978487 2 
2978489 6594 
2985083 4181 
2989264 987 
2990251 55 
2990306 21 
2990327 3 
2990330 4181 
2994511 21 
2994532 5 
2994537 2584 
2997121 610 
2997731 55 
2997786 13 
2997799 5 
2997804 1 
2997805 4181 
3001986 610 
3002596 233 
3002829 21 
3002850 8 
3002858 3 
3002861 1 
3002862 4181 
3007043 610 
3007653 55 
3007708 21 
3007729 8 
3007737 2 
3007739 987 
3008726 34 
3008760 13 
3008773 2 
3008775 2584 
3011359 987 
3012346 377 
3012723 55 
3012778 8 
3012786 3 
3012789 1 
3012790 6594 
3019384 987 
3020371 377 
3020748 55 
3020803 21 
3020824 3 
3020827 987 
3021814 377 
3022191 13 
3022204 5 
3022209 2 
3022211 6594 
3028805 2584 
3031389 144 
3031533 34 
3031567 8 
3031575 1597 
3033172 377 
3033549 144 
3033693 34 
3033727 3 
3033730 2584 
3036314 610 
3036924 21 
3036945 8 
3036953 3 
3036956 1 
3036957 2584 
3039541 89 
3039630 6594 
3046224 4181 
3050405 377 
3050782 144 
3050926 34 
3050960 8 
3050968 610 
3051578 144 
3051722 21 
3051743 3 
3051746 8 
3051754 3 
3051757 1 
3051758 13186 
3064944 4181 
3069125 34 
3069159 5 
3069164 2 
3069166 13186 
3082352 2584 
3084936 987 
3085923 233 
3086156 34 
3086190 13 
3086203 3 
3086206 1 
3086207 13186 
3099393 4181 
3103574 34 
3103608 8 
3103616 3 
3103619 987 
3104606 55 
3104661 1 
3104662 27758 
3132420 6594 
3139014 2584 
3141598 610 
3142208 144 
3142352 13 
3142365 1 
3142366 1597 
3143963 144 
3144107 21 
3144128 2 
3144130 6594 
3150724 2584 
3153308 987 
3154295 377 
3154672 89 
3154761 2 
3154763 2584 
3157347 610 
3157957 144 
3158101 8 
3158109 4181 
3162290 987 
3163277 233 
3163510 89 
3163599 3 
3163602 1 
3163603 6594 
3170197 4181 
3174378 987 
3175365 144 
3175509 55 
3175564 13 
3175577 5 
3175582 377 
3175959 144 
3176103 13 
3176116 2 
3176118 2584 
3178702 987 
3179689 377 
3180066 144 
3180210 55 
3180265 5 
3180270 2 
3180272 19780 
3200052 4181 
3204233 144 
3204377 55 
3204432 13 
3204445 5 
3204450 1 
3204451 19780 
3224231 2584 
3226815 233 
3227048 89 
3227137 34 
3227171 13 
3227184 2 
3227186 2584 
3229770 377 
3230147 89 
3230236 21 
3230257 1 
3230258 13186 
3243444 2584 
3246028 377 
3246405 144 
3246549 21 
3246570 13186 
3259756 377 
3260133 144 
3260277 21 
3260298 5 
3260303 2 
3260305 19780 
3280085 987 
3281072 144 
3281216 55 
3281271 13 
3281284 1 
3281285 6594 
3287879 4181 
3292060 987 
3293047 144 
3293191 13 
3293204 5 
3293209 2 
3293211 27361 
3320572 144 
3320716 21 
3320737 5 
3320742 2 
3320744 6594 
3327338 377 
3327715 144 
3327859 34 
3327893 13 
3327906 3 
3327909 1 
3327910 6594 
3334504 4181 
3338685 8 
3338693 1 
3338694 5778 
3344472 377 
3344849 144 
3344993 55 
3345048 3 
3345051 1 
3345052 377 
3345429 89 
3345518 21 
3345539 8 
3345547 19780 
3365327 4181 
3369508 233 
3369741 89 
3369830 34 
3369864 8 
3369872 1 
3369873 6594 
3376467 144 
3376611 21 
3376632 1 
3376633 377 
3377010 144 
3377154 55 
3377209 13 
3377222 2 
3377224 6594 
3383818 1597 
3385415 377 
3385792 55 
3385847 3 
3385850 1 
3385851 19780 
3405631 5778 
3411409 21 
3411430 5 
3411435 2 
3411437 6594 
3418031 4181 
3422212 987 
3423199 377 
3423576 55 
3423631 21 
3423652 8 
3423660 3 
3423663 610 
3424273 233 
3424506 89 
3424595 13 
3424608 3 
3424611 2584 
3427195 987 
3428182 144 
3428326 34 
3428360 13 
3428373 5 
3428378 1 
3428379 987 
3429366 233 
3429599 34 
3429633 13 
3429646 3 
3429649 1 
3429650 13186 
3442836 5778 
3448614 89 
3448703 21 
3448724 5 
3448729 1 
3448730 6594 
3455324 2584 
3457908 987 
3458895 377 
3459272 144 
3459416 21 
3459437 8 
3459445 3 
3459448 1 
3459449 2584 
3462033 610 
3462643 89 
3462732 5 
3462737 610 
3463347 21 
3463368 2 
3463370 13186 
3476556 4181 
3480737 89 
3480826 3 
3480829 27758 
3508587 6594 
3515181 1597 
3516778 610 
3517388 233 
3517621 34 
3517655 13 
3517668 5 
3517673 2 
3517675 40944 
3558619 233 
3558852 89 
3558941 8 
3558949 1 
3558950 6594 
3565544 55 
3565599 21 
3565620 8 
3565628 3 
3565631 1 
3565632 13186 
3578818 377 
3579195 89 
3579284 21 
3579305 1 
3579306 2584 
3581890 987 
3582877 3 
3582880 1 
3582881 6594 
3589475 1597 
3591072 144 
3591216 21 
3591237 8 
3591245 6594 
3597839 1597 
3599436 377 
3599813 144 
3599957 21 
3599978 2 
3599980 377 
3600357 89 
3600446 5 
3600451 2 
3600453 6594 
3607047 4181 
3611228 987 
3612215 377 
3612592 144 
3612736 55 
3612791 13 
3612804 1 
3612805 4181 
3616986 987 
3617973 34 
3618007 5 
3618012 2 
3618014 27758 
3645772 55 
3645827 19780 
3665607 4181 
3669788 987 
3670775 233 
3671008 55 
3671063 3 
3671066 1 
3671067 4181 
3675248 89 
3675337 34 
3675371 8 
3675379 1 
3675380 19780 
3695160 2584 
3697744 987 
3698731 377 
3699108 89 
3699197 13 
3699210 3 
3699213 1 
3699214 13186 
3712400 4181 
3716581 987 
3717568 377 
3717945 144 
3718089 34 
3718123 13 
3718136 3 
3718139 2584 
3720723 987 
3721710 377 
3722087 8 
3722095 1 
3722096 987 
3723083 55 
3723138 8 
3723146 13186 
3736332 987 
3737319 377 
3737696 89 
3737785 21 
3737806 8 
3737814 3 
3737817 1 
3737818 987 
3738805 144 
3738949 34 
3738983 8 
3738991 19780 
3758771 5778 
3764549 377 
3764926 144 
3765070 21 
3765091 8 
3765099 3 
3765102 1 
3765103 13186 
3778289 2584 
3780873 987 
3781860 144 
3782004 21 
3782025 8 
3782033 6594 
3788627 4181 
3792808 610 
3793418 233 
3793651 89 
3793740 34 
3793774 13 
3793787 3 
3793790 2584 
3796374 610 
3796984 5 
3796989 2 
3796991 27758 
3824749 6594 
3831343 2584 
3833927 610 
3834537 89 
3834626 3 
3834629 6594 
3841223 987 
3842210 144 
3842354 13 
3842367 5 
3842372 2584 
3844956 987 
3845943 89 
3846032 8 
3846040 3 
3846043 1 
3846044 6594 
3852638 987 
3853625 377 
3854002 34 
3854036 5 
3854041 1 
3854042 4181 
3858223 987 
3859210 233 
3859443 55 
3859498 13 
3859511 3 
3859514 1 
3859515 13186 
3872701 987 
3873688 89 
3873777 3 
3873780 1 
3873781 6594 
3880375 1597 
3881972 144 
3882116 21 
3882137 5 
3882142 1 
3882143 6594 
3888737 1597 
3890334 610 
3890944 144 
3891088 34 
3891122 2584 
3893706 610 
3894316 233 
3894549 2 
3894551 6594 
3901145 1597 
3902742 610 
3903352 89 
3903441 5 
3903446 2 
3903448 6594 
3910042 987 
3911029 55 
3911084 13 
3911097 3 
3911100 1 
3911101 27758 
3938859 6594 
3945453 5778 
3951231 377 
3951608 21 
3951629 8 
3951637 2584 
3954221 377 
3954598 89 
3954687 13 
3954700 5 
3954705 1 
3954706 6594 
3961300 2584 
3963884 987 
3964871 34 
3964905 2 
3964907 19780 
3984687 610 
3985297 55 
3985352 21 
3985373 8 
3985381 2 
3985383 5778 
3991161 377 
3991538 144 
3991682 34 
3991716 1 
3991717 4181 
3995898 987 
3996885 233 
3997118 21 
3997139 3 
3997142 1 
3997143 6594 
4003737 5778 
4009515 377 
4009892 144 
4010036 19780 
4029816 4181 
4033997 987 
4034984 233 
4035217 8 
4035225 1 
4035226 6594 
4041820 1597 
4043417 233 
4043650 89 
4043739 5 
4043744 1 
4043745 6594 
4050339 2584 
4052923 987 
4053910 377 
4054287 55 
4054342 5 
4054347 2 
4054349 19780 
4074129 1597 
4075726 13 
4075739 5 
4075744 1 
4075745 2584 
4078329 987 
4079316 233 
4079549 34 
4079583 8 
4079591 1 
4079592 6594 
4086186 6532 
4092718 34 
4092752 8 
4092760 6594 
4099354 2584 
4101938 987 
4102925 34 
4102959 3 
4102962 42978 
4145940 4181 
4150121 987 
4151108 144 
4151252 55 
4151307 8 
4151315 2 
4151317 5778 
4157095 377 
4157472 8 
4157480 1 
4157481 13186 
4170667 2584 
4173251 377 
4173628 144 
4173772 34 
4173806 8 
4173814 2 
4173816 6532 
4180348 21 
4180369 8 
4180377 3 
4180380 19780 
4200160 2584 
4202744 610 
4203354 233 
4203587 55 
4203642 5 
4203647 1 
4203648 2584 
4206232 233 
4206465 89 
4206554 21 
4206575 8 
4206583 3 
4206586 13186 
4219772 377 
4220149 144 
4220293 8 
4220301 2584 
4222885 987 
4223872 377 
4224249 144 
4224393 55 
4224448 8 
4224456 2584 
4227040 377 
4227417 55 
4227472 3 
4227475 13186 
4240661 1597 
4242258 610 
4242868 34 
4242902 5 
4242907 1 
4242908 6594 
4249502 2584 
4252086 89 
4252175 13186 
4265361 4181 
4269542 377 
4269919 89 
4270008 34 
4270042 13 
4270055 5 
4270060 2 
4270062 6594 
4276656 1597 
4278253 144 
4278397 55 
4278452 5 
4278457 1 
4278458 13186 
4291644 4181 
4295825 55 
4295880 21 
4295901 8 
4295909 3 
4295912 2584 
4298496 233 
4298729 34 
4298763 8 
4298771 13186 
4311957 4181 
4316138 55 
4316193 8 
4316201 3 
4316204 27758 
4343962 1597 
4345559 377 
4345936 55 
4345991 13 
4346004 5 
4346009 1 
4346010 5778 
4351788 377 
4352165 144 
4352309 8 
4352317 2584 
4354901 89 
4354990 13186 
4368176 1597 
4369773 377 
4370150 89 
4370239 21 
4370260 1 
4370261 5778 
4376039 377 
4376416 34 
4376450 1 
4376451 19780 
4396231 2584 
4398815 377 
4399192 2 
4399194 13186 
4412380 4181 
4416561 610 
4417171 3 
4417174 1 
4417175 6594 
4423769 987 
4424756 233 
4424989 55 
4425044 5 
4425049 2 
4425051 1597 
4426648 377 
4427025 144 
4427169 34 
4427203 5 
4427208 2584 
4429792 987 
4430779 377 
4431156 55 
4431211 5 
4431216 2 
4431218 4181 
4435399 610 
4436009 233 
4436242 34 
4436276 3 
4436279 1 
4436280 377 
4436657 144 
4436801 55 
4436856 8 
4436864 3 
4436867 27758 
4464625 2584 
4467209 377 
4467586 8 
4467594 3 
4467597 610 
4468207 89 
4468296 13 
4468309 3 
4468312 1 
4468313 6594 
4474907 987 
4475894 377 
4476271 144 
4476415 55 
4476470 21 
4476491 3 
4476494 1 
4476495 987 
4477482 233 
4477715 34 
4477749 5 
4477754 13186 
4490940 5778 
4496718 144 
4496862 3 
4496865 6594 
4503459 987 
4504446 377 
4504823 144 
4504967 21 
4504988 3 
4504991 1 
4504992 6594 
4511586 4181 
4515767 610 
4516377 8 
4516385 3 
4516388 5778 
4522166 89 
4522255 21 
4522276 8 
4522284 2584 
4524868 55 
4524923 21 
4524944 8 
4524952 3 
4524955 5778 
4530733 233 
4530966 13 
4530979 1597 
4532576 377 
4532953 21 
4532974 8 
4532982 1 
4532983 42978 
4575961 6594 
4582555 1597 
4584152 21 
4584173 1 
4584174 4181 
4588355 233 
4588588 89 
4588677 21 
4588698 1 
4588699 19780 
4608479 2584 
4611063 987 
4612050 233 
4612283 13 
4612296 5 
4612301 1 
4612302 13186 
4625488 1597 
4627085 233 
4627318 89 
4627407 34 
4627441 2 
4627443 6594 
4634037 377 
4634414 144 
4634558 55 
4634613 13 
4634626 5 
4634631 1 
4634632 2584 
4637216 987 
4638203 233 
4638436 89 
4638525 8 
4638533 2 
4638535 19780 
4658315 987 
4659302 144 
4659446 13 
4659459 3 
4659462 1 
4659463 27758 
4687221 2584 
4689805 987 
4690792 89 
4690881 34 
4690915 8 
4690923 1 
4690924 2584 
4693508 34 
4693542 13 
4693555 5 
4693560 1 
4693561 6594 
4700155 1597 
4701752 610 
4702362 89 
4702451 21 
4702472 3 
4702475 1 
4702476 27758 
4730234 987 
4731221 377 
4731598 144 
4731742 55 
4731797 13 
4731810 5 
4731815 13186 
4745001 1597 
4746598 610 
4747208 233 
4747441 89 
4747530 21 
4747551 8 
4747559 3 
4747562 6594 
4754156 6388 
4760544 89 
4760633 34 
4760667 13 
4760680 1597 
4762277 377 
4762654 21 
4762675 3 
4762678 42978 
4805656 1597 
4807253 34 
4807287 3 
4807290 1 
4807291 2584 
4809875 610 
4810485 55 
4810540 21 
4810561 8 
4810569 2 
4810571 6594 
4817165 5778 
4822943 377 
4823320 144 
4823464 21 
4823485 5 
4823490 2584 
4826074 3 
4826077 13186 
4839263 4181 
4843444 233 
4843677 34 
4843711 13 
4843724 27758 
4871482 1597 
4873079 144 
4873223 34 
4873257 13 
4873270 1 
4873271 1597 
4874868 55 
4874923 21 
4874944 1 
4874945 377 
4875322 144 
4875466 4181 
4879647 89 
4879736 34 
4879770 8 
4879778 34 
4879812 8 
4879820 3 
4879823 1 
4879824 27758 
4907582 6594 
4914176 1597 
4915773 377 
4916150 144 
4916294 8 
4916302 4181 
4920483 987 
4921470 233 
4921703 89 
4921792 5 
4921797 1 
4921798 6594 
4928392 2584 
4930976 987 
4931963 233 
4932196 55 
4932251 3 
4932254 1 
4932255 144 
4932399 21 
4932420 5 
4932425 2 
4932427 1597 
4934024 377 
4934401 89 
4934490 34 
4934524 13 
4934537 5 
4934542 2 
4934544 27758 
4962302 2584 
4964886 610 
4965496 233 
4965729 89 
4965818 1 
4965819 13186 
4979005 5778 
4984783 55 
4984838 21 
4984859 8 
4984867 1 
4984868 6594 
4991462 610 
4992072 34 
4992106 13 
4992119 1 
4992120 2584 
4994704 377 
4995081 21 
4995102 8 
4995110 3 
4995113 1 
4995114 1597 
4996711 377 
4997088 89 
4997177 21 
4997198 1 
4997199 13186 
5010385 2584 
5012969 89 
5013058 21 
5013079 3 
5013082 4181 
5017263 377 
5017640 89 
5017729 34 
5017763 13 
5017776 2 
5017778 6594 
5024372 5778 
5030150 377 
5030527 13 
5030540 5 
5030545 2 
5030547 6594 
5037141 987 
5038128 89 
5038217 5 
5038222 1 
5038223 2584 
5040807 144 
5040951 34 
5040985 13 
5040998 3 
5041001 377 
5041378 89 
5041467 34 
5041501 13 
5041514 3 
5041517 1 
5041518 6594 
5048112 1597 
5049709 377 
5050086 144 
5050230 55 
5050285 21 
5050306 1 
5050307 13186 
5063493 2584 
5066077 144 
5066221 5 
5066226 2 
5066228 5778 
5072006 89 
5072095 1 
5072096 4181 
5076277 377 
5076654 55 
5076709 21 
5076730 5 
5076735 1 
5076736 6594 
5083330 233 
5083563 55 
5083618 21 
5083639 8 
5083647 3 
5083650 1 
5083651 19780 
5103431 2584 
5106015 987 
5107002 377 
5107379 55 
5107434 8 
5107442 1597 
5109039 610 
5109649 233 
5109882 55 
5109937 13186 
5123123 610 
5123733 144 
5123877 34 
5123911 3 
5123914 4181 
5128095 987 
5129082 233 
5129315 55 
5129370 8 
5129378 3 
5129381 1 
5129382 6594 
5135976 1597 
5137573 377 
5137950 34 
5137984 1597 
5139581 610 
5140191 55 
5140246 13 
5140259 987 
5141246 377 
5141623 89 
5141712 34 
5141746 8 
5141754 6594 
5148348 1597 
5149945 610 
5150555 233 
5150788 21 
5150809 8 
5150817 19780 
5170597 5778 
5176375 144 
5176519 55 
5176574 13 
5176587 3 
5176590 19780 
5196370 2584 
5198954 377 
5199331 89 
5199420 34 
5199454 13 
5199467 5 
5199472 13186 
5212658 987 
5213645 144 
5213789 21 
5213810 8 
5213818 6594 
5220412 2584 
5222996 987 
5223983 34 
5224017 3 
5224020 1 
5224021 6594 
5230615 2584 
5233199 377 
5233576 13 
5233589 5 
5233594 1 
5233595 27758 
5261353 6594 
5267947 4181 
5272128 610 
5272738 233 
5272971 89 
5273060 34 
5273094 8 
5273102 2 
5273104 2584 
5275688 987 
5276675 233 
5276908 89 
5276997 13 
5277010 2 
5277012 6594 
5283606 1597 
5285203 610 
5285813 144 
5285957 3 
5285960 1 
5285961 6594 
5292555 1597 
5294152 610 
5294762 233 
5294995 55 
5295050 21 
5295071 8 
5295079 3 
5295082 1 
5295083 4181 
5299264 987 
5300251 233 
5300484 55 
5300539 5 
5300544 1 
5300545 13186 
5313731 4181 
5317912 610 
5318522 21 
5318543 2 
5318545 2584 
5321129 987 
5322116 144 
5322260 34 
5322294 13 
5322307 5 
5322312 2584 
5324896 987 
5325883 144 
5326027 55 
5326082 1 
5326083 5778 
5331861 233 
5332094 21 
5332115 8 
5332123 1 
5332124 610 
5332734 233 
5332967 21 
5332988 8 
5332996 1 
5332997 1597 
5334594 377 
5334971 89 
5335060 8 
5335068 2 
5335070 13186 
5348256 610 
5348866 144 
5349010 3 
5349013 6594 
5355607 1597 
5357204 233 
5357437 21 
5357458 5 
5357463 2 
5357465 4181 
5361646 144 
5361790 3 
5361793 1597 
5363390 233 
5363623 34 
5363657 5 
5363662 2 
5363664 13186 
5376850 610 
5377460 233 
5377693 13 
5377706 5 
5377711 1 
5377712 13186 
5390898 2584 
5393482 610 
5394092 21 
5394113 5 
5394118 13186 
5407304 1597 
5408901 377 
5409278 144 
5409422 21 
5409443 3 
5409446 1 
5409447 6594 
5416041 2584 
5418625 233 
5418858 55 
5418913 21 
5418934 8 
5418942 3 
5418945 19780 
5438725 4181 
5442906 233 
5443139 89 
5443228 13 
5443241 1 
5443242 26374 
5469616 377 
5469993 144 
5470137 55 
5470192 8 
5470200 1 
5470201 6594 
5476795 987 
5477782 34 
5477816 13 
5477829 3 
5477832 1 
5477833 2584 
5480417 233 
5480650 5 
5480655 1 
5480656 4181 
5484837 987 
5485824 377 
5486201 21 
5486222 5 
5486227 27758 
5513985 6594 
5520579 987 
5521566 89 
5521655 34 
5521689 3 
5521692 1 
5521693 6594 
5528287 8 
5528295 3 
5528298 1 
5528299 13186 
5541485 377 
5541862 144 
5542006 55 
5542061 1 
5542062 13186 
5555248 5778 
5561026 89 
5561115 34 
5561149 6594 
5567743 377 
5568120 13 
5568133 5 
5568138 6594 
5574732 144 
5574876 34 
5574910 13 
5574923 3 
5574926 610 
5575536 233 
5575769 55 
5575824 21 
5575845 3 
5575848 1 
5575849 4181 
5580030 610 
5580640 89 
5580729 8 
5580737 3 
5580740 1 
5580741 19780 
5600521 1597 
5602118 377 
5602495 89 
5602584 2 
5602586 6594 
5609180 1597 
5610777 610 
5611387 233 
5611620 55 
5611675 21 
5611696 8 
5611704 1 
5611705 1597 
5613302 377 
5613679 89 
5613768 21 
5613789 8 
5613797 1597 
5615394 377 
5615771 144 
5615915 34 
5615949 5 
5615954 5778 
5621732 144 
5621876 13 
5621889 2 
5621891 13186 
5635077 377 
5635454 34 
5635488 13 
5635501 2 
5635503 6594 
5642097 987 
5643084 34 
5643118 13 
5643131 6594 
5649725 4181 
5653906 610 
5654516 8 
5654524 2 
5654526 987 
5655513 233 
5655746 55 
5655801 21 
5655822 3 
5655825 1 
5655826 987 
5656813 233 
5657046 89 
5657135 34 
5657169 13 
5657182 2 
5657184 13186 
5670370 34 
5670404 1 
5670405 19780 
5690185 5778 
5695963 233 
5696196 8 
5696204 2 
5696206 5778 
5701984 233 
5702217 89 
5702306 13 
5702319 3 
5702322 377 
5702699 144 
5702843 5 
5702848 2584 
5705432 610 
5706042 144 
5706186 8 
5706194 2 
5706196 26374 
5732570 377 
5732947 144 
5733091 3 
5733094 42978 
5776072 2584 
5778656 987 
5779643 233 
5779876 34 
5779910 5 
5779915 1 
5779916 4181 
5784097 610 
5784707 233 
5784940 34 
5784974 5 
5784979 1 
5784980 6594 
5791574 4181 
5795755 987 
5796742 233 
5796975 34 
5797009 2 
5797011 2584 
5799595 610 
5800205 55 
5800260 21 
5800281 3 
5800284 6594 
5806878 5778 
5812656 144 
5812800 55 
5812855 13 
5812868 2 
5812870 6594 
5819464 987 
5820451 377 
5820828 144 
5820972 34 
5821006 13 
5821019 5 
5821024 6594 
5827618 144 
5827762 55 
5827817 13 
5827830 5 
5827835 2584 
5830419 610 
5831029 233 
5831262 89 
5831351 3 
5831354 1 
5831355 2584 
5833939 610 
5834549 55 
5834604 21 
5834625 8 
5834633 3 
5834636 1 
5834637 2584 
5837221 987 
5838208 55 
5838263 21 
5838284 5 
5838289 1 
5838290 27758 
5866048 1597 
5867645 610 
5868255 89 
5868344 5 
5868349 2 
5868351 13186 
5881537 4181 
5885718 34 
5885752 8 
5885760 19780 
5905540 4181 
5909721 377 
5910098 3 
5910101 1 
5910102 6594 
5916696 233 
5916929 34 
5916963 13 
5916976 3 
5916979 1 
5916980 1597 
5918577 55 
5918632 8 
5918640 3 
5918643 1 
5918644 19780 
5938424 377 
5938801 21 
5938822 8 
5938830 2 
5938832 4181 
5943013 377 
5943390 144 
5943534 55 
5943589 21 
5943610 2 
5943612 42978 
5986590 4181 
5990771 377 
5991148 21 
5991169 8 
5991177 3 
5991180 13186 
6004366 2584 
6006950 377 
6007327 34 
6007361 13 
6007374 3 
6007377 1 
6007378 2584 
6009962 55 
6010017 21 
6010038 5 
6010043 2 
6010045 13186 
6023231 1597 
6024828 144 
6024972 55 
6025027 5 
6025032 2 
6025034 5778 
6030812 89 
6030901 13 
6030914 2 
6030916 987 
6031903 233 
6032136 2 
6032138 2584 
6034722 233 
6034955 89 
6035044 34 
6035078 5 
6035083 6594 
6041677 987 
6042664 377 
6043041 55 
6043096 21 
6043117 3 
6043120 1 
6043121 19780 
6062901 4181 
6067082 610 
6067692 144 
6067836 55 
6067891 8 
6067899 3 
6067902 4181 
6072083 987 
6073070 377 
6073447 89 
6073536 13 
6073549 5 
6073554 2 
6073556 6594 
6080150 377 
6080527 34 
6080561 13 
6080574 2 
6080576 13186 
6093762 4181 
6097943 233 
6098176 34 
6098210 13 
6098223 5 
6098228 4181 
6102409 89 
6102498 13 
6102511 3 
6102514 19780 
6122294 2584 
6124878 987 
6125865 233 
6126098 34 
6126132 8 
6126140 1 
6126141 4181 
6130322 55 
6130377 21 
6130398 2 
6130400 6594 
6136994 1597 
6138591 610 
6139201 21 
6139222 5 
6139227 1 
6139228 6594 
6145822 377 
6146199 89 
6146288 34 
6146322 3 
6146325 1 
6146326 1597 
6147923 89 
6148012 34 
6148046 13 
6148059 5 
6148064 1 
6148065 987 
6149052 89 
6149141 1597 
6150738 610 
6151348 233 
6151581 89 
6151670 34 
6151704 3 
6151707 1 
6151708 13186 
6164894 4181 
6169075 610 
6169685 144 
6169829 34 
6169863 5 
6169868 1 
6169869 6594 
6176463 5778 
6182241 377 
6182618 89 
6182707 34 
6182741 3 
6182744 1 
6182745 610 
6183355 34 
6183389 13 
6183402 3 
6183405 6594 
6189999 1597 
6191596 377 
6191973 144 
6192117 34 
6192151 13 
6192164 2 
6192166 6594 
6198760 2584 
6201344 987 
6202331 144 
6202475 55 
6202530 21 
6202551 13186 
6215737 1597 
6217334 610 
6217944 89 
6218033 8 
6218041 1 
6218042 6594 
6224636 1597 
6226233 610 
6226843 233 
6227076 89 
6227165 34 
6227199 13 
6227212 3 
6227215 1 
6227216 1597 
6228813 144 
6228957 21 
6228978 5 
6228983 1 
6228984 987 
6229971 89 
6230060 8 
6230068 1 
6230069 6594 
6236663 4181 
6240844 377 
6241221 55 
6241276 8 
6241284 2 
6241286 27758 
6269044 2584 
6271628 987 
6272615 377 
6272992 89 
6273081 13 
6273094 3 
6273097 13186 
6286283 4181 
6290464 610 
6291074 233 
6291307 55 
6291362 21 
6291383 6594 
6297977 2584 
6300561 377 
6300938 144 
6301082 55 
6301137 21 
6301158 2584 
6303742 89 
6303831 3 
6303834 1 
6303835 6594 
6310429 377 
6310806 144 
6310950 55 
6311005 21 
6311026 5 
6311031 19780 
6330811 2584 
6333395 34 
6333429 3 
6333432 2584 
6336016 377 
6336393 144 
6336537 55 
6336592 21 
6336613 13186 
6349799 2584 
6352383 233 
6352616 3 
6352619 5778 
6358397 377 
6358774 144 
6358918 55 
6358973 5 
6358978 2 
6358980 2584 
6361564 987 
6362551 377 
6362928 89 
6363017 8 
6363025 3 
6363028 1 
6363029 5778 
6368807 377 
6369184 144 
6369328 1597 
6370925 34 
6370959 13 
6370972 1 
6370973 2584 
6373557 987 
6374544 55 
6374599 21 
6374620 4181 
6378801 377 
6379178 55 
6379233 2 
6379235 6594 
6385829 1597 
6387426 610 
6388036 19780 
6407816 4181 
6411997 89 
6412086 34 
6412120 5 
6412125 1 
6412126 6594 
6418720 2584 
6421304 144 
6421448 34 
6421482 13 
6421495 5 
6421500 1 
6421501 1597 
6423098 3 
6423101 1 
6423102 6594 
6429696 233 
6429929 89 
6430018 5 
6430023 1 
6430024 5778 
6435802 377 
6436179 144 
6436323 13 
6436336 2 
6436338 6594 
6442932 1597 
6444529 89 
6444618 21 
6444639 1 
6444640 4181 
6448821 144 
6448965 55 
6449020 13 
6449033 1 
6449034 4181 
6453215 987 
6454202 233 
6454435 21 
6454456 8 
6454464 3 
6454467 26374 
6480841 89 
6480930 13186 
6494116 1597 
6495713 8 
6495721 1 
6495722 6594 
6502316 4181 
6506497 89 
6506586 21 
6506607 5 
6506612 2 
6506614 1597 
6508211 610 
6508821 89 
6508910 21 
6508931 3 
6508934 4181 
6513115 377 
6513492 55 
6513547 8 
6513555 19780 
6533335 2584 
6535919 144 
6536063 13 
6536076 3 
6536079 6594 
6542673 2584 
6545257 610 
6545867 233 
6546100 89 
6546189 34 
6546223 8 
6546231 4181 
6550412 233 
6550645 55 
6550700 8 
6550708 13186 
6563894 2584 
6566478 987 
6567465 89 
6567554 1 
6567555 6594 
6574149 1597 
6575746 610 
6576356 55 
6576411 13 
6576424 5 
6576429 19780 
6596209 1597 
6597806 377 
6598183 21 
6598204 3 
6598207 6594 
6604801 2584 
6607385 987 
6608372 377 
6608749 55 
6608804 1 
6608805 987 
6609792 144 
6609936 34 
6609970 5 
6609975 1 
6609976 6594 
6616570 2584 
6619154 89 
6619243 5 
6619248 6594 
6625842 4181 
6630023 610 
6630633 233 
6630866 55 
6630921 1 
6630922 2584 
6633506 610 
6634116 34 
6634150 13 
6634163 3 
6634166 8 
6634174 6594 
6640768 987 
6641755 377 
6642132 55 
6642187 5 
6642192 2 
6642194 6594 
6648788 2584 
6651372 610 
6651982 233 
6652215 89 
6652304 21 
6652325 8 
6652333 3 
6652336 1 
6652337 6594 
6658931 377 
6659308 89 
6659397 34 
6659431 3 
6659434 89 
6659523 21 
6659544 5 
6659549 1 
6659550 6594 
6666144 2584 
6668728 987 
6669715 89 
6669804 5 
6669809 1 
6669810 6594 
6676404 1597 
6678001 377 
6678378 144 
6678522 13 
6678535 1 
6678536 13186 
6691722 2584 
6694306 987 
6695293 89 
6695382 3 
6695385 987 
6696372 21 
6696393 2 
6696395 2584 
6698979 987 
6699966 377 
6700343 13 
6700356 5 
6700361 2 
6700363 1597 
6701960 610 
6702570 233 
6702803 89 
6702892 8 
6702900 2 
6702902 6594 
6709496 987 
6710483 377 
6710860 34 
6710894 8 
6710902 19780 
6730682 4181 
6734863 987 
6735850 13 
6735863 3 
6735866 6388 
6742254 89 
6742343 21 
6742364 3 
6742367 40944 
6783311 610 
6783921 5 
6783926 2 
6783928 6594 
6790522 1597 
6792119 610 
6792729 89 
6792818 13 
6792831 5 
6792836 1 
6792837 13186 
6806023 4181 
6810204 610 
6810814 55 
6810869 8 
6810877 2584 
6813461 377 
6813838 144 
6813982 1 
6813983 1597 
6815580 610 
6816190 34 
6816224 13 
6816237 1 
6816238 2584 
6818822 610 
6819432 34 
6819466 8 
6819474 3 
6819477 13186 
6832663 4181 
6836844 987 
6837831 377 
6838208 55 
6838263 5 
6838268 1 
6838269 13186 
6851455 2584 
6854039 233 
6854272 34 
6854306 5 
6854311 2 
6854313 40944 
6895257 987 
6896244 233 
6896477 89 
6896566 13 
6896579 5 
6896584 2584 
6899168 987 
6900155 233 
6900388 55 
6900443 21 
6900464 8 
6900472 2 
6900474 6594 
6907068 610 
6907678 144 
6907822 5 
6907827 1 
6907828 5778 
6913606 377 
6913983 144 
6914127 55 
6914182 13 
6914195 1 
6914196 13186 
6927382 4181 
6931563 377 
6931940 144 
6932084 55 
6932139 1597 
6933736 233 
6933969 89 
6934058 21 
6934079 3 
6934082 42978 
6977060 6594 
6983654 2584 
6986238 55 
6986293 21 
6986314 5 
6986319 1 
6986320 42541 
7028861 233 
7029094 89 
7029183 34 
7029217 5 
7029222 6594 
7035816 2584 
7038400 987 
7039387 13 
7039400 1 
7039401 610 
7040011 55 
7040066 13 
7040079 3 
7040082 2584 
7042666 377 
7043043 55 
7043098 3 
7043101 6594 
7049695 2584 
7052279 987 
7053266 233 
7053499 89 
7053588 34 
7053622 8 
7053630 2584 
7056214 987 
7057201 233 
7057434 89 
7057523 8 
7057531 3 
7057534 13186 
7070720 987 
7071707 377 
7072084 144 
7072228 55 
7072283 21 
7072304 6594 
7078898 377 
7079275 55 
7079330 1 
7079331 1597 
7080928 610 
7081538 2584 
7084122 144 
7084266 55 
7084321 21 
7084342 8 
7084350 6594 
7090944 610 
7091554 34 
7091588 13 
7091601 1 
7091602 4181 
7095783 987 
7096770 377 
7097147 144 
7097291 3 
7097294 1 
7097295 3 
7097298 1 
7097299 13186 
7110485 2584 
7113069 233 
7113302 89 
7113391 34 
7113425 13 
7113438 5 
7113443 2 
7113445 13186 
7126631 1597 
7128228 377 
7128605 144 
7128749 55 
7128804 1 
7128805 2584 
7131389 610 
7131999 233 
7132232 89 
7132321 21 
7132342 610 
7132952 55 
7133007 21 
7133028 8 
7133036 6594 
7139630 4181 
7143811 987 
7144798 144 
7144942 55 
7144997 21 
7145018 1 
7145019 13186 
7158205 2584 
7160789 610 
7161399 144 
7161543 5 
7161548 1 
7161549 6594 
7168143 2584 
7170727 987 
7171714 89 
7171803 21 
7171824 5 
7171829 2 
7171831 987 
7172818 377 
7173195 144 
7173339 55 
7173394 21 
7173415 5 
7173420 2584 
7176004 89 
7176093 21 
7176114 5 
7176119 2 
7176121 13186 
7189307 2584 
7191891 377 
7192268 89 
7192357 34 
7192391 5 
7192396 1 
7192397 6594 
7198991 2584 
7201575 987 
7202562 377 
7202939 144 
7203083 13 
7203096 1 
7203097 4181 
7207278 377 
7207655 144 
7207799 55 
7207854 21 
7207875 8 
7207883 1 
7207884 987 
7208871 144 
7209015 34 
7209049 5 
7209054 2 
7209056 42978 
7252034 4181 
7256215 610 
7256825 5 
7256830 1 
7256831 13186 
7270017 4181 
7274198 233 
7274431 34 
7274465 1 
7274466 2584 
7277050 987 
7278037 233 
7278270 21 
7278291 2 
7278293 6594 
7284887 2584 
7287471 987 
7288458 233 
7288691 89 
7288780 1 
7288781 1597 
7290378 55 
7290433 21 
7290454 8 
7290462 13186 
7303648 4181 
7307829 987 
7308816 89 
7308905 21 
7308926 2 
7308928 2584 
7311512 987 
7312499 377 
7312876 3 
7312879 1 
7312880 6594 
7319474 377 
7319851 55 
7319906 3 
7319909 1 
7319910 987 
7320897 377 
7321274 21 
7321295 8 
7321303 377 
7321680 55 
7321735 6594 
7328329 2584 
7330913 610 
7331523 144 
7331667 34 
7331701 8 
7331709 1 
7331710 987 
7332697 233 
7332930 89 
7333019 34 
7333053 13 
7333066 5 
7333071 2 
7333073 2584 
7335657 89 
7335746 2 
7335748 2584 
7338332 610 
7338942 233 
7339175 55 
7339230 13 
7339243 3 
7339246 1 
7339247 42978 
7382225 1597 
7383822 377 
7384199 55 
7384254 3 
7384257 6594 
7390851 987 
7391838 233 
7392071 89 
7392160 3 
7392163 1 
7392164 13186 
7405350 5778 
7411128 233 
7411361 89 
7411450 21 
7411471 3 
7411474 610 
7412084 233 
7412317 89 
7412406 21 
7412427 8 
7412435 3 
7412438 2584 
7415022 987 
7416009 8 
7416017 1 
7416018 42978 
7458996 6594 
7465590 4181 
7469771 377 
7470148 13 
7470161 2 
7470163 1597 
7471760 377 
7472137 55 
7472192 21 
7472213 34 
7472247 1 
7472248 6594 
7478842 2584 
7481426 144 
7481570 34 
7481604 3 
7481607 1 
7481608 1597 
7483205 377 
7483582 144 
7483726 34 
7483760 13 
7483773 5 
7483778 1 
7483779 4181 
7487960 377 
7488337 55 
7488392 8 
7488400 3 
7488403 1 
7488404 4181 
7492585 610 
7493195 233 
7493428 89 
7493517 5 
7493522 1 
7493523 13186 
7506709 2584 
7509293 610 
7509903 233 
7510136 89 
7510225 21 
7510246 8 
7510254 1 
7510255 4181 
7514436 987 
7515423 377 
7515800 89 
7515889 34 
7515923 13 
7515936 3 
7515939 1 
7515940 13186 
7529126 2584 
7531710 987 
7532697 377 
7533074 144 
7533218 13 
7533231 5 
7533236 1 
7533237 4181 
7537418 610 
7538028 55 
7538083 13 
7538096 13186 
7551282 2584 
7553866 610 
7554476 34 
7554510 13 
7554523 5 
7554528 1 
7554529 6594 
7561123 2584 
7563707 144 
7563851 13 
7563864 2 
7563866 13186 
7577052 987 
7578039 377 
7578416 144 
7578560 55 
7578615 21 
7578636 8 
7578644 3 
7578647 4181 
7582828 144 
7582972 34 
7583006 5 
7583011 377 
7583388 144 
7583532 55 
7583587 21 
7583608 8 
7583616 2 
7583618 6594 
7590212 4181 
7594393 987 
7595380 377 
7595757 144 
7595901 34 
7595935 5 
7595940 19780 
7615720 1597 
7617317 377 
7617694 34 
7617728 13 
7617741 1 
7617742 6594 
7624336 2584 
7626920 610 
7627530 233 
7627763 13 
7627776 3 
7627779 2584 
7630363 610 
7630973 13 
7630986 5 
7630991 2 
7630993 2584 
7633577 610 
7634187 144 
7634331 8 
7634339 3 
7634342 1 
7634343 377 
7634720 89 
7634809 34 
7634843 13 
7634856 1 
7634857 6594 
7641451 987 
7642438 377 
7642815 89 
7642904 8 
7642912 2 
7642914 6594 
7649508 987 
7650495 89 
7650584 34 
7650618 8 
7650626 3 
7650629 1 
7650630 13186 
7663816 144 
7663960 3 
7663963 1 
7663964 987 
7664951 377 
7665328 144 
7665472 13 
7665485 2 
7665487 1597 
7667084 89 
7667173 13 
7667186 5 
7667191 1 
7667192 6594 
7673786 2584 
7676370 377 
7676747 89 
7676836 2 
7676838 6594 
7683432 2584 
7686016 610 
7686626 144 
7686770 13 
7686783 3 
7686786 1 
7686787 27758 
7714545 4181 
7718726 144 
7718870 34 
7718904 5 
7718909 2 
7718911 1597 
7720508 8 
7720516 2 
7720518 6594 
7727112 55 
7727167 21 
7727188 1 
7727189 4181 
7731370 89 
7731459 34 
7731493 13 
7731506 5778 
7737284 377 
7737661 89 
7737750 34 
7737784 8 
7737792 3 
7737795 6594 
7744389 1597 
7745986 377 
7746363 89 
7746452 21 
7746473 8 
7746481 610 
7747091 233 
7747324 8 
7747332 3 
7747335 1 
7747336 6594 
7753930 2584 
7756514 987 
7757501 233 
7757734 89 
7757823 21 
7757844 8 
7757852 1 
7757853 5778 
7763631 55 
7763686 8 
7763694 3 
7763697 1 
7763698 6594 
7770292 377 
7770669 144 
7770813 55 
7770868 13 
7770881 1 
7770882 6594 
7777476 4181 
7781657 233 
7781890 55 
7781945 21 
7781966 610 
7782576 144 
7782720 21 
7782741 8 
7782749 6594 
7789343 987 
7790330 377 
7790707 89 
7790796 21 
7790817 8 
7790825 2 
7790827 4181 
7795008 987 
7795995 233 
7796228 55 
7796283 21 
7796304 5 
7796309 1 
7796310 987 
7797297 144 
7797441 55 
7797496 13 
7797509 5 
7797514 1 
7797515 19780 
7817295 987 
7818282 377 
7818659 144 
7818803 34 
7818837 8 
7818845 3 
7818848 1 
7818849 27758 
7846607 1597 
7848204 377 
7848581 89 
7848670 3 
7848673 1 
7848674 13186 
7861860 4181 
7866041 55 
7866096 8 
7866104 4181 
7870285 610 
7870895 13 
7870908 1 
7870909 42978 
7913887 6594 
7920481 5778 
7926259 89 
7926348 13 
7926361 5 
7926366 2 
7926368 610 
7926978 34 
7927012 13 
7927025 5 
7927030 1 
7927031 144 
7927175 34 
7927209 5 
7927214 1 
7927215 2584 
7929799 610 
7930409 144 
7930553 34 
7930587 3 
7930590 6594 
7937184 5778 
7942962 377 
7943339 144 
7943483 55 
7943538 21 
7943559 5 
7943564 2 
7943566 13186 
7956752 1597 
7958349 610 
7958959 233 
7959192 89 
7959281 34 
7959315 3 
7959318 13186 
7972504 1597 
7974101 144 
7974245 13 
7974258 1 
7974259 4181 
7978440 377 
7978817 89 
7978906 34 
7978940 8 
7978948 1 
7978949 6594 
7985543 233 
7985776 89 
7985865 34 
7985899 5 
7985904 1 
7985905 144 
7986049 21 
7986070 5 
7986075 987 
7987062 144 
7987206 55 
7987261 13 
7987274 1 
7987275 19780 
8007055 2584 
8009639 987 
8010626 377 
8011003 89 
8011092 34 
8011126 8 
8011134 2 
8011136 6594 
8017730 2584 
8020314 610 
8020924 144 
8021068 55 
8021123 1 
8021124 6594 
8027718 987 
8028705 144 
8028849 34 
8028883 13 
8028896 5 
8028901 1597 
8030498 610 
8031108 233 
8031341 89 
8031430 8 
8031438 3 
8031441 1 
8031442 42978 
8074420 13186 
8087606 5778 
8093384 377 
8093761 21 
8093782 8 
8093790 3 
8093793 1 
8093794 5778 
8099572 55 
8099627 21 
8099648 5 
8099653 1 
8099654 6594 
8106248 377 
8106625 144 
8106769 3 
8106772 610 
8107382 55 
8107437 21 
8107458 5 
8107463 5778 
8113241 233 
8113474 89 
8113563 21 
8113584 3 
8113587 610 
8114197 233 
8114430 55 
8114485 1 
8114486 987 
8115473 377 
8115850 55 
8115905 5 
8115910 6594 
8122504 6388 
8128892 34 
8128926 13 
8128939 5 
8128944 1 
8128945 4181 
8133126 610 
8133736 233 
8133969 55 
8134024 21 
8134045 8 
8134053 3 
8134056 1 
8134057 377 
8134434 144 
8134578 55 
8134633 21 
8134654 8 
8134662 4181 
8138843 987 
8139830 233 
8140063 89 
8140152 34 
8140186 13 
8140199 1 
8140200 13186 
8153386 4181 
8157567 233 
8157800 55 
8157855 3 
8157858 13186 
8171044 1597 
8172641 55 
8172696 3 
8172699 1 
8172700 6594 
8179294 4181 
8183475 987 
8184462 377 
8184839 144 
8184983 8 
8184991 1 
8184992 987 
8185979 377 
8186356 144 
8186500 55 
8186555 21 
8186576 5 
8186581 2 
8186583 27758 
8214341 987 
8215328 377 
8215705 89 
8215794 34 
8215828 5 
8215833 2 
8215835 13186 
8229021 2584 
8231605 34 
8231639 13 
8231652 3 
8231655 1 
8231656 13186 
8244842 1597 
8246439 610 
8247049 89 
8247138 3 
8247141 1 
8247142 6594 
8253736 4181 
8257917 144 
8258061 34 
8258095 2 
8258097 987 
8259084 144 
8259228 5 
8259233 2 
8259235 13186 
8272421 2584 
8275005 987 
8275992 34 
8276026 6594 
8282620 2584 
8285204 610 
8285814 34 
8285848 13 
8285861 2584 
8288445 21 
8288466 6594 
8295060 1597 
8296657 377 
8297034 144 
8297178 8 
8297186 3 
8297189 4181 
8301370 987 
8302357 377 
8302734 89 
8302823 21 
8302844 8 
8302852 13186 
8316038 4181 
8320219 987 
8321206 377 
8321583 144 
8321727 34 
8321761 13 
8321774 3 
8321777 1 
8321778 144 
8321922 34 
8321956 13 
8321969 5 
8321974 4181 
8326155 987 
8327142 89 
8327231 2 
8327233 27758 
8354991 6594 
8361585 2584 
8364169 987 
8365156 233 
8365389 55 
8365444 8 
8365452 1 
8365453 6594 
8372047 1597 
8373644 89 
8373733 21 
8373754 3 
8373757 1 
8373758 42541 
8416299 89 
8416388 21 
8416409 2 
8416411 42978 
8459389 4181 
8463570 987 
8464557 377 
8464934 89 
8465023 21 
8465044 8 
8465052 2 
8465054 1597 
8466651 34 
8466685 5 
8466690 987 
8467677 377 
8468054 5 
8468059 1 
8468060 89 
8468149 8 
8468157 2 
8468159 6594 
8474753 987 
8475740 233 
8475973 34 
8476007 5 
8476012 26374 
8502386 610 
8502996 21 
8503017 5 
8503022 2 
8503024 6594 
8509618 4181 
8513799 987 
8514786 233 
8515019 55 
8515074 8 
8515082 2 
8515084 987 
8516071 377 
8516448 89 
8516537 13 
8516550 1 
8516551 6594 
8523145 4181 
8527326 610 
8527936 233 
8528169 55 
8528224 21 
8528245 8 
8528253 1 
8528254 6594 
8534848 987 
8535835 144 
8535979 55 
8536034 3 
8536037 1 
8536038 377 
8536415 144 
8536559 55 
8536614 5 
8536619 6594 
8543213 1597 
8544810 144 
8544954 13 
8544967 5 
8544972 1 
8544973 1597 
8546570 377 
8546947 21 
8546968 2 
8546970 27758 
8574728 987 
8575715 233 
8575948 89 
8576037 21 
8576058 8 
8576066 3 
8576069 1597 
8577666 377 
8578043 144 
8578187 21 
8578208 5 
8578213 4181 
8582394 377 
8582771 21 
8582792 2 
8582794 1597 
8584391 55 
8584446 13 
8584459 5 
8584464 1 
8584465 1597 
8586062 610 
8586672 144 
8586816 21 
8586837 3 
8586840 1 
8586841 4181 
8591022 987 
8592009 377 
8592386 89 
8592475 34 
8592509 8 
8592517 2 
8592519 6388 
8598907 89 
8598996 34 
8599030 8 
8599038 3 
8599041 1597 
8600638 610 
8601248 233 
8601481 89 
8601570 13 
8601583 5 
8601588 13186 
8614774 4181 
8618955 144 
8619099 55 
8619154 13 
8619167 5 
8619172 1 
8619173 1597 
8620770 610 
8621380 233 
8621613 89 
8621702 34 
8621736 8 
8621744 2 
8621746 6594 
8628340 4181 
8632521 233 
8632754 55 
8632809 8 
8632817 3 
8632820 1 
8632821 6594 
8639415 5778 
8645193 55 
8645248 8 
8645256 3 
8645259 1 
8645260 144 
8645404 34 
8645438 13 
8645451 3 
8645454 610 
8646064 233 
8646297 89 
8646386 8 
8646394 3 
8646397 19780 
8666177 2584 
8668761 610 
8669371 89 
8669460 34 
8669494 5 
8669499 1 
8669500 6594 
8676094 2584 
8678678 610 
8679288 233 
8679521 21 
8679542 2 
8679544 6594 
8686138 144 
8686282 55 
8686337 21 
8686358 3 
8686361 1 
8686362 13186 
8699548 4181 
8703729 987 
8704716 233 
8704949 89 
8705038 34 
8705072 13 
8705085 5 
8705090 610 
8705700 233 
8705933 89 
8706022 21 
8706043 3 
8706046 1 
8706047 5778 
8711825 89 
8711914 34 
8711948 5 
8711953 1 
8711954 4181 
8716135 144 
8716279 34 
8716313 13 
8716326 5 
8716331 4181 
8720512 89 
8720601 34 
8720635 6594 
8727229 4181 
8731410 233 
8731643 89 
8731732 21 
8731753 2 
8731755 6594 
8738349 1597 
8739946 144 
8740090 8 
8740098 2 
8740100 610 
8740710 144 
8740854 34 
8740888 13 
8740901 5 
8740906 2 
8740908 6594 
8747502 1597 
8749099 610 
8749709 34 
8749743 1 
8749744 2584 
8752328 987 
8753315 55 
8753370 8 
8753378 3 
8753381 6594 
8759975 987 
8760962 377 
8761339 13 
8761352 3 
8761355 1 
8761356 89 
8761445 1 
8761446 6594 
8768040 2584 
8770624 34 
8770658 13 
8770671 27758 
8798429 6594 
8805023 4181 
8809204 377 
8809581 144 
8809725 21 
8809746 3 
8809749 1 
8809750 4181 
8813931 144 
8814075 55 
8814130 21 
8814151 5 
8814156 1 
8814157 2584 
8816741 89 
8816830 34 
8816864 8 
8816872 6594 
8823466 2584 
8826050 55 
8826105 21 
8826126 8 
8826134 2 
8826136 987 
8827123 34 
8827157 1 
8827158 4181 
8831339 987 
8832326 377 
8832703 144 
8832847 13 
8832860 3 
8832863 13186 
8846049 5778 
8851827 144 
8851971 55 
8852026 13 
8852039 2 
8852041 377 
8852418 144 
8852562 34 
8852596 5 
8852601 2 
8852603 6594 
8859197 377 
8859574 144 
8859718 21 
8859739 8 
8859747 2 
8859749 26374 
8886123 377 
8886500 144 
8886644 34 
8886678 5 
8886683 19780 
8906463 377 
8906840 13 
8906853 3 
8906856 2584 
8909440 34 
8909474 13 
8909487 1 
8909488 1597 
8911085 610 
8911695 21 
8911716 8 
8911724 1 
8911725 987 
8912712 377 
8913089 144 
8913233 5 
8913238 1 
8913239 987 
8914226 377 
8914603 144 
8914747 55 
8914802 21 
8914823 3 
8914826 1 
8914827 89 
8914916 34 
8914950 2 
8914952 19780 
8934732 4181 
8938913 610 
8939523 233 
8939756 55 
8939811 5 
8939816 2 
8939818 987 
8940805 377 
8941182 144 
8941326 3 
8941329 2584 
8943913 987 
8944900 55 
8944955 3 
8944958 1 
8944959 27758 
8972717 4181 
8976898 987 
8977885 233 
8978118 89 
8978207 2 
8978209 2584 
8980793 377 
8981170 34 
8981204 8 
8981212 610 
8981822 89 
8981911 5 
8981916 13186 
8995102 2584 
8997686 987 
8998673 144 
8998817 55 
8998872 21 
8998893 27758 
9026651 6594 
9033245 6388 
9039633 89 
9039722 5 
9039727 63031 
9102758 6594 
9109352 1597 
9110949 55 
9111004 3 
9111007 6594 
9117601 1597 
9119198 21 
9119219 5 
9119224 2 
9119226 2584 
9121810 987 
9122797 21 
9122818 1597 
9124415 13 
9124428 5 
9124433 1 
9124434 1597 
9126031 233 
9126264 55 
9126319 8 
9126327 4181 
9130508 377 
9130885 144 
9131029 19780 
9150809 4181 
9154990 987 
9155977 233 
9156210 55 
9156265 13186 
9169451 233 
9169684 8 
9169692 1 
9169693 1597 
9171290 610 
9171900 233 
9172133 55 
9172188 13 
9172201 5 
9172206 1 
9172207 13186 
9185393 2584 
9187977 610 
9188587 89 
9188676 34 
9188710 13 
9188723 5 
9188728 6594 
9195322 4181 
9199503 987 
9200490 377 
9200867 55 
9200922 3 
9200925 1597 
9202522 89 
9202611 34 
9202645 13 
9202658 1 
9202659 987 
9203646 144 
9203790 55 
9203845 13 
9203858 6594 
9210452 5778 
9216230 89 
9216319 34 
9216353 13 
9216366 2 
9216368 4181 
9220549 55 
9220604 21 
9220625 8 
9220633 3 
9220636 1 
9220637 13186 
9233823 1597 
9235420 233 
9235653 55 
9235708 21 
9235729 5 
9235734 377 
9236111 144 
9236255 55 
9236310 1 
9236311 987 
9237298 233 
9237531 89 
9237620 21 
9237641 3 
9237644 1 
9237645 2584 
9240229 8 
9240237 2 
9240239 6594 
9246833 5778 
9252611 144 
9252755 13 
9252768 5 
9252773 1 
9252774 6594 
9259368 987 
9260355 13 
9260368 5 
9260373 2 
9260375 610 
9260985 233 
9261218 34 
9261252 8 
9261260 3 
9261263 27758 
9289021 2584 
9291605 377 
9291982 34 
9292016 13 
9292029 5 
9292034 1 
9292035 4181 
9296216 610 
9296826 233 
9297059 34 
9297093 8 
9297101 27758 
9324859 6594 
9331453 377 
9331830 144 
9331974 13 
9331987 6594 
9338581 4181 
9342762 610 
9343372 233 
9343605 55 
9343660 13 
9343673 5 
9343678 2 
9343680 2584 
9346264 610 
9346874 144 
9347018 34 
9347052 2 
9347054 987 
9348041 377 
9348418 55 
9348473 21 
9348494 8 
9348502 3 
9348505 1 
9348506 4181 
9352687 610 
9353297 233 
9353530 13 
9353543 2 
9353545 4181 
9357726 987 
9358713 144 
9358857 55 
9358912 8 
9358920 1 
9358921 42978 
9401899 6532 
9408431 3 
9408434 1 
9408435 6594 
9415029 5778 
9420807 233 
9421040 34 
9421074 8 
9421082 2 
9421084 2584 
9423668 987 
9424655 13 
9424668 3 
9424671 2584 
9427255 233 
9427488 34 
9427522 1 
9427523 6594 
9434117 4181 
9438298 610 
9438908 233 
9439141 89 
9439230 34 
9439264 5 
9439269 1 
9439270 2584 
9441854 55 
9441909 5 
9441914 1 
9441915 2584 
9444499 610 
9445109 89 
9445198 4181 
9449379 987 
9450366 377 
9450743 34 
9450777 2 
9450779 2584 
9453363 987 
9454350 233 
9454583 13 
9454596 5 
9454601 2 
9454603 4181 
9458784 987 
9459771 377 
9460148 34 
9460182 8 
9460190 2 
9460192 27758 
9487950 5778 
9493728 377 
9494105 89 
9494194 21 
9494215 8 
9494223 3 
9494226 610 
9494836 144 
9494980 13 
9494993 5 
9494998 1 
9494999 6594 
9501593 1597 
9503190 610 
9503800 89 
9503889 34 
9503923 13 
9503936 3 
9503939 1 
9503940 610 
9504550 89 
9504639 34 
9504673 1 
9504674 610 
9505284 144 
9505428 5 
9505433 1 
9505434 2584 
9508018 610 
9508628 89 
9508717 13 
9508730 5 
9508735 2 
9508737 4181 
9512918 987 
9513905 233 
9514138 21 
9514159 3 
9514162 4181 
9518343 610 
9518953 34 
9518987 13 
9519000 2 
9519002 19780 
9538782 5778 
9544560 377 
9544937 8 
9544945 4181 
9549126 987 
9550113 21 
9550134 8 
9550142 3 
9550145 1 
9550146 13186 
9563332 2584 
9565916 610 
9566526 233 
9566759 34 
9566793 13 
9566806 5 
9566811 2 
9566813 1597 
9568410 144 
9568554 13 
9568567 3 
9568570 19780 
9588350 2584 
9590934 377 
9591311 13 
9591324 3 
9591327 6594 
9597921 4181 
9602102 987 
9603089 233 
9603322 55 
9603377 13 
9603390 5 
9603395 1597 
9604992 5 
9604997 987 
9605984 55 
9606039 5 
9606044 19780 
9625824 2584 
9628408 377 
9628785 55 
9628840 21 
9628861 3 
9628864 1 
9628865 6594 
9635459 2584 
9638043 377 
9638420 144 
9638564 55 
9638619 13 
9638632 5 
9638637 2 
9638639 6594 
9645233 8 
9645241 3 
9645244 1 
9645245 13186 
9658431 4181 
9662612 89 
9662701 34 
9662735 8 
9662743 1 
9662744 26374 
9689118 144 
9689262 55 
9689317 13 
9689330 1 
9689331 6594 
9695925 1597 
9697522 610 
9698132 233 
9698365 89 
9698454 21 
9698475 5 
9698480 2 
9698482 987 
9699469 89 
9699558 3 
9699561 1 
9699562 6594 
9706156 2584 
9708740 610 
9709350 144 
9709494 55 
9709549 21 
9709570 8 
9709578 4181 
9713759 377 
9714136 89 
9714225 34 
9714259 1 
9714260 13186 
9727446 4181 
9731627 377 
9732004 144 
9732148 55 
9732203 2 
9732205 19780 
9751985 2584 
9754569 987 
9755556 377 
9755933 144 
9756077 5 
9756082 1 
9756083 6594 
9762677 2584 
9765261 610 
9765871 233 
9766104 21 
9766125 3 
9766128 1 
9766129 27758 
9793887 610 
9794497 89 
9794586 34 
9794620 1 
9794621 6594 
9801215 377 
9801592 144 
9801736 55 
9801791 21 
9801812 5 
9801817 2 
9801819 6594 
9808413 610 
9809023 55 
9809078 13 
9809091 2584 
9811675 987 
9812662 233 
9812895 34 
9812929 5 
9812934 1 
9812935 13186 
9826121 987 
9827108 377 
9827485 55 
9827540 21 
9827561 5 
9827566 26374 
9853940 377 
9854317 144 
9854461 34 
9854495 13 
9854508 5 
9854513 13186 
9867699 4181 
9871880 987 
9872867 233 
9873100 34 
9873134 1 
9873135 19780 
9892915 2584 
9895499 377 
9895876 144 
9896020 55 
9896075 5 
9896080 2 
9896082 377 
9896459 144 
9896603 55 
9896658 1 
9896659 4181 
9900840 610 
9901450 89 
9901539 21 
9901560 8 
9901568 1 
9901569 19780 
9921349 2584 
9923933 610 
9924543 144 
9924687 55 
9924742 21 
9924763 5 
9924768 1 
9924769 2584 
9927353 987 
9928340 377 
9928717 144 
9928861 34 
9928895 8 
9928903 3 
9928906 4181 
9933087 377 
9933464 21 
9933485 5 
9933490 2 
9933492 2584 
9936076 610 
9936686 89 
9936775 34 
9936809 13 
9936822 3 
9936825 6594 
9943419 2584 
9946003 610 
9946613 144 
9946757 8 
9946765 6594 
9953359 2584 
9955943 89 
9956032 34 
9956066 5 
9956071 233 
9956304 55 
9956359 21 
9956380 1 
9956381 2584 
9958965 610 
9959575 55 
9959630 21 
9959651 3 
9959654 1597 
9961251 610 
9961861 233 
9962094 89 
9962183 34 
9962217 6594 
9968811 4181 
9972992 144 
9973136 55 
9973191 21 
9973212 8 
9973220 1 
9973221 6594 
9979815 89 
9979904 13 
9979917 5 
9979922 1 
9979923 13186 
9993109 144 
9993253 13 
9993266 2 
