5382
1 1 
2 1 
3 1 
4 1 
5 2 
7 5 
12 1 
13 7 
20 3 
23 4 
27 5 
32 13 
45 27 
72 13 
85 7 
92 3 
95 23 
118 95 
213 1 
214 213 
427 213 
640 23 
663 1 
664 95 
759 4 
763 95 
858 13 
871 5 
876 1 
877 427 
1304 118 
1422 72 
1494 1 
1495 23 
1518 118 
1636 640 
2276 4 
2280 20 
2300 3 
2303 1495 
3798 20 
3818 118 
3936 3 
3939 640 
4579 1 
4580 2303 
6883 1422 
8305 45 
8350 23 
8373 1 
8374 3939 
12313 85 
12398 13 
12411 1 
12412 3939 
16351 214 
16565 95 
16660 13 
16673 5 
16678 1422 
18100 1 
18101 95 
18196 7 
18203 759 
18962 16678 
35640 640 
36280 13 
36293 4 
36297 27 
36324 1422 
37746 45 
37791 23 
37814 1 
37815 27 
37842 5 
37847 877 
38724 214 
38938 118 
39056 92 
39148 2 
39150 36324 
75474 118 
75592 45 
75637 20 
75657 18101 
93758 858 
94616 3 
94619 1304 
95923 95 
96018 20 
96038 18962 
115000 1636 
116636 427 
117063 20 
117083 2 
117085 93758 
210843 759 
211602 36297 
247899 4580 
252479 640 
253119 1 
253120 3818 
256938 18962 
275900 12412 
288312 2303 
290615 214 
290829 118 
290947 13 
290960 5 
290965 1 
290966 1495 
292461 16678 
309139 23 
309162 309139 
618301 117085 
735386 39150 
774536 18962 
793498 6883 
800381 640 
801021 3 
801024 12412 
813436 39150 
852586 18962 
871548 12412 
883960 2303 
886263 1304 
887567 7 
887574 1 
887575 211602 
1099177 4580 
1103757 640 
1104397 5 
1104402 309162 
1413564 2300 
1415864 18962 
1434826 12412 
1447238 2303 
1449541 214 
1449755 95 
1449850 7 
1449857 4 
1449861 1104402 
2554263 256938 
2811201 18203 
2829404 23 
2829427 1 
2829428 664 
2830092 664 
2830756 38724 
2869480 18962 
2888442 8374 
2896816 1636 
2898452 95 
2898547 7 
2898554 2 
2898556 23 
2898579 4580 
2903159 1422 
2904581 45 
2904626 23 
2904649 1 
2904650 211602 
3116252 18962 
3135214 4580 
3139794 118 
3139912 5 
3139917 1 
3139918 2830092 
5970010 13 
5970023 1 
5970024 2904650 
8874674 309162 
9183836 256938 
9440774 18101 
9458875 93758 
9552633 117085 
9669718 2554263 
12223981 39150 
12263131 18962 
12282093 4580 
12286673 1518 
12288191 95 
12288286 13 
12288299 4 
12288303 2554263 
14842566 37847 
14880413 427 
14880840 118 
14880958 32 
14880990 5 
14880995 214 
14881209 94619 
14975828 877 
14976705 214 
14976919 95 
14977014 13 
14977027 5 
14977032 1 
14977033 14977032 
29954065 3139918 
33093983 309162 
33403145 117085 
33520230 1636 
33521866 427 
33522293 7 
33522300 2 
33522302 759 
33523061 118 
33523179 309162 
33832341 211602 
34043943 18962 
34062905 6883 
34069788 877 
34070665 214 
34070879 85 
34070964 1 
34070965 118 
34071083 33522302 
67593385 640 
67594025 1 
67594026 1413564 
69007590 2830756 
71838346 1449861 
73288207 256938 
73545145 18203 
73563348 664 
73564012 32 
73564044 5 
73564049 1 
73564050 14977033 
88541083 3139918 
91681001 1449861 
93130862 309162 
93440024 211602 
93651626 2303 
93653929 877 
93654806 214 
93655020 118 
93655138 72 
93655210 7 
93655217 1 
93655218 2830092 
96485310 85 
96485395 214 
96485609 32 
96485641 1 
96485642 37847 
96523489 427 
96523916 118 
96524034 1104402 
97628436 292461 
97920897 12412 
97933309 1636 
97934945 214 
97935159 95 
97935254 2 
97935256 309162 
98244418 93758 
98338176 763 
98338939 3 
98338942 117085 
98456027 16678 
98472705 1304 
98474009 95 
98474104 13 
98474117 4 
98474121 1104402 
99578523 39150 
99617673 18962 
99636635 2303 
99638938 763 
99639701 85 
99639786 36324 
99676110 117085 
99793195 39150 
99832345 18203 
99850548 72 
99850620 7 
99850627 2 
99850629 1495 
99852124 3139918 
102992042 1449861 
104441903 887575 
105329478 39150 
105368628 18962 
105387590 8374 
105395964 2303 
105398267 427 
105398694 13 
105398707 1 
105398708 1422 
105400130 1 
105400131 96038 
105496169 12412 
105508581 2303 
105510884 427 
105511311 95 
105511406 20 
105511426 2 
105511428 2554263 
108065691 211602 
108277293 18962 
108296255 877 
108297132 118 
108297250 32 
108297282 5 
108297287 36297 
108333584 117085 
108450669 39150 
108489819 18962 
108508781 1495 
108510276 13 
108510289 211602 
108721891 13 
108721904 1 
108721905 1104402 
109826307 115000 
109941307 1518 
109942825 5 
109942830 1 
109942831 5970024 
115912855 1104402 
117017257 117085 
117134342 36324 
117170666 877 
117171543 214 
117171757 118 
117171875 85 
117171960 1 
117171961 1636 
117173597 1413564 
118587161 664 
118587825 12412 
118600237 1449861 
120050098 309162 
120359260 117085 
120476345 8374 
120484719 2303 
120487022 1422 
120488444 13 
120488457 4 
120488461 813436 
121301897 763 
121302660 7 
121302667 2 
121302669 288312 
121590981 1636 
121592617 214 
121592831 32 
121592863 2276 
121595139 211602 
121806741 18962 
121825703 12412 
121838115 2303 
121840418 877 
121841295 95 
121841390 12 
121841402 1449861 
123291263 887575 
124178838 117085 
124295923 18962 
124314885 8374 
124323259 427 
124323686 45 
124323731 7 
124323738 117085 
124440823 18962 
124459785 4580 
124464365 214 
124464579 32 
124464611 7 
124464618 1 
124464619 1449861 
125914480 801024 
126715504 8374 
126723878 664 
126724542 45 
126724587 7 
126724594 309162 
127033756 117085 
127150841 39150 
127189991 18962 
127208953 12412 
127221365 877 
127222242 72 
127222314 3 
127222317 640 
127222957 5 
127222962 37847 
127260809 247899 
127508708 2303 
127511011 118 
127511129 72 
127511201 7 
127511208 3139918 
130651126 18962 
130670088 8374 
130678462 1422 
130679884 32 
130679916 7 
130679923 3 
130679926 3139918 
133819844 96038 
133915882 6883 
133922765 214 
133922979 95 
133923074 13 
133923087 2 
133923089 618301 
134541390 18962 
134560352 12412 
134572764 118 
134572882 20 
134572902 2 
134572904 1449861 
136022765 253120 
136275885 3798 
136279683 13 
136279696 5 
136279701 1 
136279702 309162 
136588864 96038 
136684902 3939 
136688841 214 
136689055 27 
136689082 4 
136689086 618301 
137307387 18962 
137326349 4580 
137330929 1636 
137332565 427 
137332992 32 
137333024 4 
137333028 1449861 
138782889 887575 
139670464 12412 
139682876 763 
139683639 45 
139683684 13 
139683697 5 
139683702 1 
139683703 72 
139683775 800381 
140484156 427 
140484583 118 
140484701 23 
140484724 3 
140484727 214 
140484941 118 
140485059 92 
140485151 2 
140485153 118 
140485271 2904650 
143389921 75657 
143465578 8374 
143473952 1636 
143475588 118 
143475706 13 
143475719 3 
143475722 94619 
143570341 309162 
143879503 117085 
143996588 427 
143997015 95 
143997110 7 
143997117 1 
143997118 72 
143997190 23 
143997213 3139918 
147137131 1449861 
148586992 887575 
149474567 39150 
149513717 6883 
149520600 763 
149521363 23 
149521386 3 
149521389 39150 
149560539 1104402 
150664941 18962 
150683903 8374 
150692277 2303 
150694580 427 
150695007 118 
150695125 13 
150695138 2 
150695140 1449861 
152145001 211602 
152356603 18962 
152375565 8374 
152383939 2303 
152386242 427 
152386669 23 
152386692 1 
152386693 1104402 
153491095 75657 
153566752 4580 
153571332 877 
153572209 118 
153572327 72 
153572399 1 
153572400 13 
153572413 247899 
153820312 427 
153820739 118 
153820857 72 
153820929 7 
153820936 3 
153820939 1104402 
154925341 39150 
154964491 18962 
154983453 4580 
154988033 214 
154988247 13 
154988260 4 
154988264 13 
154988277 96018 
155084295 7 
155084302 1449861 
156534163 117085 
156651248 39150 
156690398 18962 
156709360 8374 
156717734 1636 
156719370 118 
156719488 27 
156719515 3 
156719518 1449861 
158169379 801024 
158970403 3818 
158974221 2 
158974223 618301 
159592524 18962 
159611486 4580 
159616066 1636 
159617702 214 
159617916 118 
159618034 45 
159618079 13 
159618092 5 
159618097 735386 
160353483 36324 
160389807 214 
160390021 45 
160390066 23 
160390089 3 
160390092 887575 
161277667 117085 
161394752 36324 
161431076 763 
161431839 32 
161431871 4 
161431875 309162 
161741037 39150 
161780187 18962 
161799149 4580 
161803729 1636 
161805365 427 
161805792 118 
161805910 32 
161805942 12 
161805954 1104402 
162910356 7 
162910363 2 
162910365 1422 
162911787 45 
162911832 13 
162911845 5 
162911850 1 
162911851 309162 
163221013 39150 
163260163 18962 
163279125 8374 
163287499 877 
163288376 214 
163288590 45 
163288635 13 
163288648 3139918 
166428566 1449861 
167878427 887575 
168766002 96038 
168862040 18203 
168880243 118 
168880361 13 
168880374 1 
168880375 23 
168880398 309162 
169189560 309162 
169498722 292461 
169791183 8374 
169799557 2303 
169801860 118 
169801978 23 
169802001 3 
169802004 8374 
169810378 2554263 
172364641 4580 
172369221 13 
172369234 5 
172369239 1 
172369240 18203 
172387443 3139918 
175527361 774536 
176301897 12412 
176314309 1518 
176315827 95 
176315922 7 
176315929 2 
176315931 4 
176315935 1104402 
177420337 211602 
177631939 8374 
177640313 214 
177640527 13 
177640540 309162 
177949702 256938 
178206640 12412 
178219052 95 
178219147 4 
178219151 1415864 
179635015 877 
179635892 13 
179635905 253119 
179889024 214 
179889238 118 
179889356 92 
179889448 2 
179889450 3139918 
183029368 309162 
183338530 117085 
183455615 18962 
183474577 12412 
183486989 2303 
183489292 877 
183490169 32 
183490201 2 
183490203 96038 
183586241 4580 
183590821 1518 
183592339 27 
183592366 2 
183592368 1104402 
184696770 275900 
184972670 4580 
184977250 877 
184978127 214 
184978341 118 
184978459 7 
184978466 2280 
184980746 75657 
185056403 664 
185057067 618301 
185675368 4580 
185679948 427 
185680375 95 
185680470 3 
185680473 292461 
185972934 309162 
186282096 117085 
186399181 18962 
186418143 2303 
186420446 1304 
186421750 45 
186421795 1 
186421796 117085 
186538881 1449861 
187988742 852586 
188841328 877 
188842205 118 
188842323 85 
188842408 5 
188842413 1 
188842414 3139918 
191982332 887575 
192869907 117085 
192986992 39150 
193026142 18962 
193045104 118 
193045222 72 
193045294 12 
193045306 32 
193045338 309162 
193354500 117085 
193471585 39150 
193510735 16351 
193527086 32 
193527118 7 
193527125 1 
193527126 1449861 
194976987 253120 
195230107 2303 
195232410 664 
195233074 32 
195233106 75657 
195308763 16678 
195325441 877 
195326318 214 
195326532 118 
195326650 45 
195326695 13 
195326708 4 
195326712 2554263 
197880975 18962 
197899937 2303 
197902240 92 
197902332 18203 
197920535 7 
197920542 2 
197920544 37815 
197958359 13 
197958372 5 
197958377 1449861 
199408238 292461 
199700699 1636 
199702335 214 
199702549 118 
199702667 85 
199702752 1 
199702753 1104402 
200807155 253120 
201060275 118 
201060393 45 
201060438 13 
201060451 2 
201060453 211602 
201272055 18962 
201291017 6883 
201297900 214 
201298114 118 
201298232 20 
201298252 2 
201298254 887575 
202185829 117085 
202302914 39150 
202342064 18962 
202361026 12412 
202373438 2303 
202375741 1304 
202377045 45 
202377090 13 
202377103 5 
202377108 1 
202377109 72 
202377181 1449861 
203827042 887575 
204714617 117085 
204831702 18962 
204850664 6883 
204857547 45 
204857592 23 
204857615 3 
204857618 18101 
204875719 2829428 
207705147 18196 
207723343 309162 
208032505 96038 
208128543 8374 
208136917 877 
208137794 32 
208137826 5 
208137831 16678 
208154509 2554263 
210708772 117085 
210825857 1636 
210827493 118 
210827611 13 
210827624 4 
210827628 96038 
210923666 16678 
210940344 4 
210940348 117085 
211057433 39150 
211096583 18962 
211115545 3939 
211119484 427 
211119911 118 
211120029 45 
211120074 13 
211120087 2 
211120089 1449861 
212569950 211602 
212781552 18962 
212800514 877 
212801391 118 
212801509 20 
212801529 1 
212801530 887575 
213689105 117085 
213806190 38724 
213844914 72 
213844986 12 
213844998 247899 
214092897 640 
214093537 1449861 
215543398 117085 
215660483 8374 
215668857 1636 
215670493 427 
215670920 85 
215671005 5 
215671010 664 
215671674 3139918 
218811592 1104402 
219915994 117085 
220033079 8374 
220041453 2303 
220043756 214 
220043970 45 
220044015 2 
220044017 1104402 
221148419 75657 
221224076 8374 
221232450 2303 
221234753 118 
221234871 45 
221234916 7 
221234923 2 
221234925 4580 
221239505 37842 
221277347 309162 
221586509 117085 
221703594 75657 
221779251 6883 
221786134 877 
221787011 214 
221787225 118 
221787343 45 
221787388 20 
221787408 1 
221787409 1449861 
223237270 887575 
224124845 75657 
224200502 8374 
224208876 2303 
224211179 763 
224211942 27 
224211969 1 
224211970 37847 
224249817 13 
224249830 1 
224249831 2811201 
227061032 12412 
227073444 2303 
227075747 877 
227076624 118 
227076742 2 
227076744 2280 
227079024 214 
227079238 118 
227079356 39150 
227118506 16678 
227135184 877 
227136061 214 
227136275 118 
227136393 45 
227136438 12 
227136450 1104402 
228240852 290966 
228531818 664 
228532482 23 
228532505 1104402 
229636907 75657 
229712564 8374 
229720938 2303 
229723241 427 
229723668 118 
229723786 72 
229723858 7 
229723865 4 
229723869 1449861 
231173730 256938 
231430668 8374 
231439042 2303 
231441345 1422 
231442767 45 
231442812 23 
231442835 2 
231442837 618301 
232061138 39150 
232100288 18962 
232119250 4580 
232123830 877 
232124707 13 
232124720 5 
232124725 117085 
232241810 75657 
232317467 12412 
232329879 2303 
232332182 118 
232332300 20 
232332320 3139918 
235472238 292461 
235764699 4580 
235769279 664 
235769943 45 
235769988 5 
235769993 887575 
236657568 117085 
236774653 8374 
236783027 427 
236783454 118 
236783572 13 
236783585 1 
236783586 4580 
236788166 1495 
236789661 13 
236789674 5 
236789679 1 
236789680 253120 
237042800 887575 
237930375 117085 
238047460 35640 
238083100 118 
238083218 45 
238083263 23 
238083286 3 
238083289 1104402 
239187691 75657 
239263348 12412 
239275760 664 
239276424 72 
239276496 5 
239276501 1 
239276502 1449861 
240726363 309162 
241035525 117085 
241152610 75657 
241228267 877 
241229144 95 
241229239 13 
241229252 3 
241229255 887575 
242116830 18962 
242135792 6883 
242142675 427 
242143102 32 
242143134 12 
242143146 887575 
243030721 39150 
243069871 12412 
243082283 877 
243083160 32 
243083192 1 
243083193 1449861 
244533054 117085 
244650139 18962 
244669101 12412 
244681513 2303 
244683816 877 
244684693 95 
244684788 13 
244684801 4 
244684805 887575 
245572380 75657 
245648037 16351 
245664388 118 
245664506 45 
245664551 13 
245664564 3 
245664567 427 
245664994 213 
245665207 309162 
245974369 117085 
246091454 6883 
246098337 664 
246099001 32 
246099033 2898556 
248997589 887575 
249885164 117085 
250002249 39150 
250041399 18962 
250060361 12412 
250072773 2303 
250075076 877 
250075953 45 
250075998 211602 
250287600 1104402 
251392002 211602 
251603604 18962 
251622566 8374 
251630940 2303 
251633243 877 
251634120 214 
251634334 27 
251634361 3 
251634364 1449861 
253084225 309162 
253393387 39150 
253432537 18962 
253451499 8374 
253459873 2303 
253462176 214 
253462390 7 
253462397 1 
253462398 309162 
253771560 39150 
253810710 18962 
253829672 8374 
253838046 1636 
253839682 427 
253840109 13 
253840122 3 
253840125 309162 
254149287 75657 
254224944 1636 
254226580 85 
254226665 309162 
254535827 75657 
254611484 2303 
254613787 214 
254614001 118 
254614119 45 
254614164 5 
254614169 3139918 
257754087 309162 
258063249 256938 
258320187 664 
258320851 45 
258320896 13 
258320909 5 
258320914 1104402 
259425316 8374 
259433690 664 
259434354 45 
259434399 36297 
259470696 1518 
259472214 32 
259472246 1449861 
260922107 309162 
261231269 18962 
261250231 427 
261250658 118 
261250776 13 
261250789 4 
261250793 309162 
261559955 117085 
261677040 75657 
261752697 8374 
261761071 1636 
261762707 45 
261762752 13 
261762765 4 
261762769 1104402 
262867171 117085 
262984256 39150 
263023406 12412 
263035818 1636 
263037454 427 
263037881 92 
263037973 2 
263037975 887575 
263925550 75657 
264001207 4580 
264005787 1636 
264007423 13 
264007436 5 
264007441 1415864 
265423305 5 
265423310 887575 
266310885 117085 
266427970 75657 
266503627 8374 
266512001 2303 
266514304 877 
266515181 118 
266515299 45 
266515344 13 
266515357 2 
266515359 12412 
266527771 2554263 
269082034 210843 
269292877 118 
269292995 45 
269293040 13 
269293053 1 
269293054 96038 
269389092 16678 
269405770 4 
269405774 1 
269405775 1449861 
270855636 887575 
271743211 12412 
271755623 2303 
271757926 877 
271758803 118 
271758921 72 
271758993 5 
271758998 1 
271758999 38724 
271797723 1104402 
272902125 292461 
273194586 12412 
273206998 1636 
273208634 214 
273208848 12 
273208860 93758 
273302618 247899 
273550517 1449861 
275000378 309162 
275309540 8374 
275317914 3818 
275321732 72 
275321804 2 
275321806 18962 
275340768 2554263 
277895031 253120 
278148151 2303 
278150454 763 
278151217 13 
278151230 4 
278151234 18203 
278169437 664 
278170101 85 
278170186 2 
278170188 253120 
278423308 3139918 
281563226 309162 
281872388 96038 
281968426 16678 
281985104 118 
281985222 7 
281985229 2 
281985231 309162 
282294393 211602 
282505995 18962 
282524957 6883 
282531840 877 
282532717 214 
282532931 118 
282533049 85 
282533134 1 
282533135 618301 
283151436 96038 
283247474 4580 
283252054 1636 
283253690 214 
283253904 118 
283254022 92 
283254114 2 
283254116 887575 
284141691 39150 
284180841 18962 
284199803 12412 
284212215 763 
284212978 45 
284213023 2 
284213025 37815 
284250840 1449861 
285700701 887575 
286588276 117085 
286705361 18962 
286724323 4580 
286728903 427 
286729330 95 
286729425 13 
286729438 2 
286729440 309162 
287038602 211602 
287250204 18962 
287269166 6883 
287276049 877 
287276926 214 
287277140 118 
287277258 85 
287277343 1 
287277344 247899 
287525243 1636 
287526879 2904650 
290431529 18962 
290450491 4580 
290455071 1636 
290456707 427 
290457134 45 
290457179 13 
290457192 5 
290457197 1 
290457198 1104402 
291561600 96038 
291657638 12412 
291670050 3818 
291673868 32 
291673900 7 
291673907 4 
291673911 37842 
291711753 1449861 
293161614 117085 
293278699 18962 
293297661 4580 
293302241 1636 
293303877 214 
293304091 118 
293304209 92 
293304301 2 
293304303 75657 
293379960 8374 
293388334 1636 
293389970 13 
293389983 4 
293389987 94619 
293484606 1449861 
294934467 309162 
295243629 39150 
295282779 2280 
295285059 12 
295285071 3139918 
298424989 38938 
298463927 45 
298463972 13 
298463985 1 
298463986 4580 
298468566 4580 
298473146 618301 
299091447 12412 
299103859 1518 
299105377 95 
299105472 4 
299105476 801024 
299906500 8374 
299914874 877 
299915751 214 
299915965 95 
299916060 13 
299916073 1449861 
301365934 618301 
301984235 4580 
301988815 877 
301989692 214 
301989906 118 
301990024 92 
301990116 1449861 
303439977 887575 
304327552 39150 
304366702 16565 
304383267 13 
304383280 2 
304383282 309162 
304692444 39150 
304731594 18962 
304750556 1636 
304752192 118 
304752310 7 
304752317 3 
304752320 13 
304752333 118 
304752451 72 
304752523 7 
304752530 4 
304752534 1449861 
306202395 618301 
306820696 18962 
306839658 3939 
306843597 214 
306843811 118 
306843929 45 
306843974 13 
306843987 5 
306843992 1 
306843993 1104402 
307948395 39150 
307987545 12412 
307999957 72 
308000029 7 
308000036 4 
308000040 2300 
308002340 18962 
308021302 877 
308022179 214 
308022393 95 
308022488 13 
308022501 5 
308022506 1449861 
309472367 309162 
309781529 763 
309782292 45 
309782337 20 
309782357 1 
309782358 1415864 
311198222 1449861 
312648083 117085 
312765168 75657 
312840825 12412 
312853237 877 
312854114 214 
312854328 118 
312854446 45 
312854491 20 
312854511 887575 
313742086 75657 
313817743 763 
313818506 45 
313818551 13 
313818564 4 
313818568 1449861 
315268429 309162 
315577591 117085 
315694676 2303 
315696979 427 
315697406 118 
315697524 13 
315697537 5 
315697542 117085 
315814627 18962 
315833589 871 
315834460 1104402 
316938862 117085 
317055947 39150 
317095097 18203 
317113300 95 
317113395 7 
317113402 4 
317113406 253120 
317366526 2303 
317368829 214 
317369043 32 
317369075 1 
317369076 309162 
317678238 39150 
317717388 18962 
317736350 4580 
317740930 1636 
317742566 427 
317742993 95 
317743088 13 
317743101 2 
317743103 1449861 
319192964 309162 
319502126 8374 
319510500 2303 
319512803 427 
319513230 118 
319513348 45 
319513393 13 
319513406 1 
319513407 1449861 
320963268 735386 
321698654 18962 
321717616 8374 
321725990 2303 
321728293 877 
321729170 13 
321729183 2 
321729185 618301 
322347486 96038 
322443524 8374 
322451898 877 
322452775 32 
322452807 4 
322452811 211602 
322664413 18962 
322683375 2303 
322685678 214 
322685892 118 
322686010 72 
322686082 7 
322686089 2 
322686091 618301 
323304392 75657 
323380049 6883 
323386932 427 
323387359 27 
323387386 3 
323387389 1449861 
324837250 309162 
325146412 117085 
325263497 18962 
325282459 8374 
325290833 2303 
325293136 118 
325293254 72 
325293326 7 
325293333 2 
325293335 3818 
325297153 1449861 
326747014 618301 
327365315 94619 
327459934 877 
327460811 214 
327461025 45 
327461070 213 
327461283 887575 
328348858 75657 
328424515 12412 
328436927 1518 
328438445 27 
328438472 1 
328438473 39150 
328477623 1636 
328479259 427 
328479686 118 
328479804 32 
328479836 618301 
329098137 39150 
329137287 18203 
329155490 664 
329156154 32 
329156186 7 
329156193 2 
329156195 309162 
329465357 75657 
329541014 4580 
329545594 877 
329546471 72 
329546543 5 
329546548 1 
329546549 1449861 
330996410 735386 
331731796 12412 
331744208 427 
331744635 5 
331744640 1449861 
333194501 94619 
333289120 871 
333289991 887575 
334177566 75657 
334253223 4580 
334257803 1636 
334259439 45 
334259484 13 
334259497 2 
334259499 1104402 
335363901 292461 
335656362 1518 
335657880 7 
335657887 1 
335657888 309162 
335967050 117085 
336084135 39150 
336123285 35640 
336158925 427 
336159352 118 
336159470 1 
336159471 1449861 
337609332 887575 
338496907 117085 
338613992 12412 
338626404 1636 
338628040 214 
338628254 118 
338628372 72 
338628444 12 
338628456 12398 
338640854 13 
338640867 1 
338640868 2904650 
341545518 117085 
341662603 18962 
341681565 8374 
341689939 2303 
341692242 858 
341693100 1 
341693101 256938 
341950039 8374 
341958413 1636 
341960049 85 
341960134 3 
341960137 1104402 
343064539 117085 
343181624 75657 
343257281 12412 
343269693 2303 
343271996 877 
343272873 214 
343273087 7 
343273094 1449861 
344722955 117085 
344840040 18203 
344858243 427 
344858670 23 
344858693 813436 
345672129 18962 
345691091 12412 
345703503 2303 
345705806 72 
345705878 7 
345705885 4 
345705889 1104402 
346810291 1304 
346811595 32 
346811627 7 
346811634 3939 
346815573 214 
346815787 118 
346815905 92 
346815997 2 
346815999 4 
346816003 96038 
346912041 12313 
346924354 3139918 
350064272 1104402 
351168674 96038 
351264712 8374 
351273086 2303 
351275389 877 
351276266 32 
351276298 2 
351276300 12313 
351288613 37847 
351326460 13 
351326473 1 
351326474 16678 
351343152 2554263 
353897415 18962 
353916377 8374 
353924751 427 
353925178 5 
353925183 1449861 
355375044 309162 
355684206 96038 
355780244 2303 
355782547 763 
355783310 2 
355783312 117085 
355900397 39150 
355939547 36297 
355975844 1104402 
357080246 211602 
357291848 4580 
357296428 45 
357296473 23 
357296496 2 
357296498 1449861 
358746359 618301 
359364660 18962 
359383622 2303 
359385925 32 
359385957 1 
359385958 117085 
359503043 18962 
359522005 2303 
359524308 877 
359525185 118 
359525303 45 
359525348 7 
359525355 1449861 
360975216 8374 
360983590 664 
360984254 85 
360984339 5 
360984344 763 
360985107 117085 
361102192 18962 
361121154 8374 
361129528 877 
361130405 214 
361130619 118 
361130737 5 
361130742 1 
361130743 813436 
361944179 12412 
361956591 1636 
361958227 427 
361958654 95 
361958749 20 
361958769 1 
361958770 18962 
361977732 2830756 
364808488 1304 
364809792 45 
364809837 7 
364809844 2 
364809846 309162 
365119008 39150 
365158158 118 
365158276 72 
365158348 1 
365158349 1449861 
366608210 39150 
366647360 18962 
366666322 12412 
366678734 2303 
366681037 427 
366681464 118 
366681582 85 
366681667 5 
366681672 1 
366681673 852586 
367534259 12412 
367546671 2303 
367548974 214 
367549188 118 
367549306 23 
367549329 1 
367549330 1449861 
368999191 887575 
369886766 117085 
370003851 75657 
370079508 16678 
370096186 214 
370096400 118 
370096518 45 
370096563 23 
370096586 2 
370096588 309162 
370405750 247899 
370653649 877 
370654526 214 
370654740 85 
370654825 288312 
370943137 664 
370943801 20 
370943821 1 
370943822 887575 
371831397 94619 
371926016 427 
371926443 32 
371926475 4 
371926479 1104402 
373030881 117085 
373147966 39150 
373187116 18962 
373206078 877 
373206955 214 
373207169 72 
373207241 7 
373207248 3939 
373211187 214 
373211401 118 
373211519 92 
373211611 2 
373211613 1449861 
374661474 211602 
374873076 35640 
374908716 214 
374908930 20 
374908950 618301 
375527251 39150 
375566401 18962 
375585363 12412 
375597775 2303 
375600078 214 
375600292 118 
375600410 32 
375600442 5 
375600447 1104402 
376704849 39150 
376743999 18962 
376762961 427 
376763388 118 
376763506 27 
376763533 2 
376763535 18101 
376781636 887575 
377669211 18962 
377688173 8374 
377696547 1636 
377698183 214 
377698397 118 
377698515 27 
377698542 4 
377698546 2888442 
380586988 6883 
380593871 214 
380594085 92 
380594177 2 
380594179 883960 
381478139 877 
381479016 95 
381479111 1 
381479112 309162 
381788274 256938 
382045212 12412 
382057624 2303 
382059927 877 
382060804 2 
382060806 214 
382061020 118 
382061138 887575 
382948713 117085 
383065798 39150 
383104948 877 
383105825 214 
383106039 118 
383106157 72 
383106229 7 
383106236 4 
383106240 39150 
383145390 8374 
383153764 2303 
383156067 214 
383156281 118 
383156399 13 
383156412 5 
383156417 1 
383156418 1449861 
384606279 871548 
385477827 4580 
385482407 214 
385482621 118 
385482739 72 
385482811 4 
385482815 1104402 
386587217 117085 
386704302 39150 
386743452 8374 
386751826 2303 
386754129 214 
386754343 118 
386754461 85 
386754546 1 
386754547 1449861 
388204408 256938 
388461346 12412 
388473758 1636 
388475394 13 
388475407 5 
388475412 1 
388475413 1449861 
389925274 211602 
390136876 12412 
390149288 2303 
390151591 763 
390152354 32 
390152386 7 
390152393 4 
390152397 96038 
390248435 12412 
390260847 85 
390260932 5 
390260937 247899 
390508836 1104402 
391613238 117085 
391730323 39150 
391769473 8374 
391777847 95 
391777942 13 
391777955 2 
391777957 117085 
391895042 39150 
391934192 12412 
391946604 214 
391946818 118 
391946936 85 
391947021 3 
391947024 117085 
392064109 39150 
392103259 18962 
392122221 6883 
392129104 427 
392129531 32 
392129563 7 
392129570 1 
392129571 3139918 
395269489 1104402 
396373891 117085 
396490976 39150 
396530126 16678 
396546804 664 
396547468 92 
396547560 1 
396547561 253120 
396800681 1636 
396802317 427 
396802744 92 
396802836 2 
396802838 256938 
397059776 18203 
397077979 427 
397078406 1 
397078407 18962 
397097369 12412 
397109781 877 
397110658 32 
397110690 887575 
397998265 117085 
398115350 39150 
398154500 16565 
398171065 27 
398171092 4 
398171096 2554263 
400725359 117085 
400842444 18962 
400861406 6883 
400868289 427 
400868716 118 
400868834 85 
400868919 5 
400868924 309162 
401178086 117085 
401295171 39150 
401334321 16678 
401350999 877 
401351876 214 
401352090 45 
401352135 12 
401352147 852586 
402204733 4580 
402209313 427 
402209740 118 
402209858 32 
402209890 1 
402209891 309162 
402519053 12412 
402531465 1636 
402533101 118 
402533219 13 
402533232 5 
402533237 1 
402533238 1449861 
403983099 117085 
404100184 18962 
404119146 12412 
404131558 1422 
404132980 7 
404132987 2 
404132989 309162 
404442151 39150 
404481301 18962 
404500263 2303 
404502566 877 
404503443 118 
404503561 72 
404503633 5 
404503638 13 
404503651 2869480 
407373131 16678 
407389809 427 
407390236 7 
407390243 4 
407390247 211602 
407601849 18962 
407620811 6883 
407627694 763 
407628457 27 
407628484 1 
407628485 309162 
407937647 39150 
407976797 18962 
407995759 8374 
408004133 427 
408004560 45 
408004605 23 
408004628 3 
408004631 1449861 
409454492 887575 
410342067 117085 
410459152 75657 
410534809 3818 
410538627 13 
410538640 2 
410538642 16678 
410555320 309162 
410864482 211602 
411076084 8374 
411084458 95 
411084553 12 
411084565 1449861 
412534426 309162 
412843588 253120 
413096708 2303 
413099011 427 
413099438 72 
413099510 7 
413099517 4 
413099521 735386 
413834907 37847 
413872754 118 
413872872 23 
413872895 1 
413872896 1413564 
415286460 1636 
415288096 427 
415288523 45 
415288568 23 
415288591 2 
415288593 309162 
415597755 117085 
415714840 36324 
415751164 427 
415751591 118 
415751709 72 
415751781 2 
415751783 247899 
415999682 2303 
416001985 27 
416002012 2 
416002014 3139918 
419141932 117085 
419259017 12412 
419271429 2303 
419273732 858 
419274590 7 
419274597 1 
419274598 275900 
419550498 4580 
419555078 763 
419555841 45 
419555886 13 
419555899 1104402 
420660301 39150 
420699451 18962 
420718413 4580 
420722993 664 
420723657 72 
420723729 4 
420723733 887575 
421611308 39150 
421650458 18203 
421668661 214 
421668875 118 
421668993 13 
421669006 1449861 
423118867 117085 
423235952 39150 
423275102 18962 
423294064 8374 
423302438 2303 
423304741 763 
423305504 27 
423305531 3 
423305534 852586 
424158120 4580 
424162700 1636 
424164336 118 
424164454 72 
424164526 5 
424164531 1 
424164532 309162 
424473694 256938 
424730632 4580 
424735212 763 
424735975 13 
424735988 5 
424735993 618301 
425354294 39150 
425393444 45 
425393489 1 
425393490 292461 
425685951 8374 
425694325 2303 
425696628 877 
425697505 214 
425697719 45 
425697764 2 
425697766 1104402 
426802168 39150 
426841318 18962 
426860280 12412 
426872692 2303 
426874995 32 
426875027 4 
426875031 1449861 
428324892 618301 
428943193 18962 
428962155 664 
428962819 27 
428962846 2 
428962848 887575 
429850423 117085 
429967508 39150 
430006658 6883 
430013541 1304 
430014845 95 
430014940 7 
430014947 2 
430014949 1104402 
431119351 288312 
431407663 214 
431407877 118 
431407995 1 
431407996 793498 
432201494 2303 
432203797 72 
432203869 5 
432203874 1 
432203875 735386 
432939261 35640 
432974901 214 
432975115 118 
432975233 13 
432975246 5 
432975251 1 
432975252 253120 
433228372 1415864 
434644236 8374 
434652610 2303 
434654913 759 
434655672 2 
434655674 309162 
434964836 256938 
435221774 2303 
435224077 427 
435224504 118 
435224622 32 
435224654 3 
435224657 117085 
435341742 18962 
435360704 12412 
435373116 2303 
435375419 877 
435376296 214 
435376510 118 
435376628 27 
435376655 2904650 
438281305 35640 
438316945 32 
438316977 1 
438316978 1636 
438318614 18962 
438337576 2303 
438339879 877 
438340756 214 
438340970 95 
438341065 13 
438341078 2 
438341080 887575 
439228655 8374 
439237029 1636 
439238665 427 
439239092 12 
439239104 1449861 
440688965 871548 
441560513 427 
441560940 45 
441560985 13 
441560998 5 
441561003 735386 
442296389 35640 
442332029 427 
442332456 72 
442332528 5 
442332533 1 
442332534 887575 
443220109 117085 
443337194 39150 
443376344 18962 
443395306 12412 
443407718 1636 
443409354 214 
443409568 95 
443409663 1 
443409664 309162 
443718826 211602 
443930428 18962 
443949390 6883 
443956273 214 
443956487 85 
443956572 3 
443956575 1449861 
445406436 75657 
445482093 2303 
445484396 214 
445484610 118 
445484728 27 
445484755 1 
445484756 8374 
445493130 1636 
445494766 72 
445494838 12 
445494850 1415864 
446910714 12412 
446923126 2303 
446925429 214 
446925643 95 
446925738 5 
446925743 211602 
447137345 1518 
447138863 92 
447138955 2 
447138957 618301 
447757258 18203 
447775461 32 
447775493 7 
447775500 3 
447775503 117085 
447892588 39150 
447931738 6883 
447938621 1304 
447939925 45 
447939970 7 
447939977 4 
447939981 1449861 
449389842 887575 
450277417 117085 
450394502 18962 
450413464 858 
450414322 12 
450414334 5 
450414339 3139918 
453554257 618301 
454172558 16678 
454189236 427 
454189663 95 
454189758 20 
454189778 256938 
454446716 1104402 
455551118 39150 
455590268 18203 
455608471 427 
455608898 118 
455609016 20 
455609036 1104402 
456713438 1104402 
457817840 35640 
457853480 214 
457853694 95 
457853789 13 
457853802 1 
457853803 38724 
457892527 309162 
458201689 211602 
458413291 18962 
458432253 6883 
458439136 640 
458439776 13 
458439789 3 
458439792 13 
458439805 1 
458439806 1415864 
459855670 1449861 
461305531 774536 
462080067 1636 
462081703 427 
462082130 118 
462082248 27 
462082275 2 
462082277 96038 
462178315 8374 
462186689 427 
462187116 45 
462187161 2 
462187163 1449861 
463637024 309162 
463946186 115000 
464061186 118 
464061304 45 
464061349 5 
464061354 1449861 
465511215 96038 
465607253 16351 
465623604 2 
465623606 309162 
465932768 211602 
466144370 12412 
466156782 877 
466157659 45 
466157704 13 
466157717 3 
466157720 309162 
466466882 18962 
466485844 8374 
466494218 2303 
466496521 877 
466497398 118 
466497516 32 
466497548 5 
466497553 1 
466497554 1449861 
467947415 309162 
468256577 96038 
468352615 12412 
468365027 1636 
468366663 427 
468367090 20 
468367110 2 
468367112 275900 
468643012 4580 
468647592 45 
468647637 7 
468647644 309162 
468956806 117085 
469073891 75657 
469149548 16678 
469166226 877 
469167103 214 
469167317 118 
469167435 85 
469167520 5 
469167525 2554263 
471721788 39150 
471760938 18962 
471779900 4580 
471784480 1304 
471785784 45 
471785829 13 
471785842 1 
471785843 813436 
472599279 1434826 
474034105 4580 
474038685 214 
474038899 45 
474038944 13 
474038957 3 
474038960 618301 
474657261 12412 
474669673 118 
474669791 72 
474669863 5 
474669868 618301 
475288169 75657 
475363826 8374 
475372200 27 
475372227 1 
475372228 96038 
475468266 1449861 
476918127 309162 
477227289 275900 
477503189 214 
477503403 95 
477503498 117085 
477620583 39150 
477659733 12412 
477672145 2303 
477674448 2 
477674450 1104402 
478778852 275900 
479054752 214 
479054966 27 
479054993 1 
479054994 309162 
479364156 211602 
479575758 12412 
479588170 2303 
479590473 877 
479591350 214 
479591564 45 
479591609 23 
479591632 3 
479591635 887575 
480479210 39150 
480518360 8374 
480526734 1304 
480528038 95 
480528133 5 
480528138 1 
480528139 1415864 
481944003 16678 
481960681 85 
481960766 5 
481960771 214 
481960985 35640 
481996625 427 
481997052 32 
481997084 7 
481997091 4 
481997095 117085 
482114180 39150 
482153330 18962 
482172292 4580 
482176872 877 
482177749 72 
482177821 7 
482177828 309162 
482486990 75657 
482562647 6883 
482569530 877 
482570407 214 
482570621 118 
482570739 5 
482570744 1 
482570745 2811201 
485381946 12412 
485394358 2303 
485396661 877 
485397538 118 
485397656 2 
485397658 3139918 
488537576 39150 
488576726 18962 
488595688 4580 
488600268 1636 
488601904 214 
488602118 13 
488602131 5 
488602136 1 
488602137 117085 
488719222 75657 
488794879 16351 
488811230 85 
488811315 3 
488811318 309162 
489120480 39150 
489159630 18962 
489178592 6883 
489185475 214 
489185689 72 
489185761 5 
489185766 309162 
489494928 256938 
489751866 4580 
489756446 72 
489756518 1 
489756519 887575 
490644094 117085 
490761179 36324 
490797503 427 
490797930 118 
490798048 85 
490798133 3 
490798136 1449861 
492247997 618301 
492866298 39150 
492905448 2303 
492907751 427 
492908178 7 
492908185 2 
492908187 1104402 
494012589 211602 
494224191 18962 
494243153 4580 
494247733 1636 
494249369 427 
494249796 118 
494249914 32 
494249946 5 
494249951 1 
494249952 1104402 
495354354 39150 
495393504 18962 
495412466 12412 
495424878 763 
495425641 5 
495425646 37847 
495463493 735386 
496198879 18962 
496217841 4580 
496222421 1636 
496224057 20 
496224077 2 
496224079 1449861 
497673940 887575 
498561515 18962 
498580477 3939 
498584416 214 
498584630 118 
498584748 32 
498584780 7 
498584787 4 
498584791 1104402 
499689193 117085 
499806278 39150 
499845428 2303 
499847731 763 
499848494 13 
499848507 5 
499848512 1 
499848513 309162 
500157675 275900 
500433575 8374 
500441949 2303 
500444252 214 
500444466 32 
500444498 7 
500444505 1104402 
501548907 18962 
501567869 8374 
501576243 877 
501577120 118 
501577238 45 
501577283 4 
501577287 813436 
502390723 12412 
502403135 2303 
502405438 1304 
502406742 27 
502406769 3 
502406772 887575 
503294347 2303 
503296650 877 
503297527 95 
503297622 13 
503297635 3 
503297638 618301 
503915939 39150 
503955089 18962 
503974051 8374 
503982425 2303 
503984728 214 
503984942 118 
503985060 45 
503985105 7 
503985112 1 
503985113 801024 
504786137 8374 
504794511 877 
504795388 214 
504795602 118 
504795720 45 
504795765 5 
504795770 1 
504795771 618301 
505414072 18962 
505433034 8374 
505441408 2303 
505443711 427 
505444138 118 
505444256 13 
505444269 5 
505444274 2554263 
507998537 211602 
508210139 8374 
508218513 877 
508219390 214 
508219604 118 
508219722 2 
508219724 618301 
508838025 39150 
508877175 18962 
508896137 8374 
508904511 2303 
508906814 427 
508907241 95 
508907336 7 
508907343 4 
508907347 211602 
509118949 877 
509119826 3135214 
512255040 1636 
512256676 214 
512256890 95 
512256985 13 
512256998 5 
512257003 1 
512257004 309162 
512566166 211602 
512777768 18962 
512796730 2303 
512799033 118 
512799151 735386 
513534537 37746 
513572283 27 
513572310 852586 
514424896 4580 
514429476 214 
514429690 95 
514429785 13 
514429798 5 
514429803 1 
514429804 117085 
514546889 39150 
514586039 12412 
514598451 640 
514599091 13 
514599104 1104402 
515703506 211602 
515915108 12412 
515927520 427 
515927947 118 
515928065 32 
515928097 7 
515928104 3 
515928107 1104402 
517032509 117085 
517149594 39150 
517188744 18962 
517207706 877 
517208583 118 
517208701 27 
517208728 3 
517208731 1104402 
518313133 117085 
518430218 75657 
518505875 8374 
518514249 2303 
518516552 877 
518517429 45 
518517474 5 
518517479 1 
518517480 39150 
518556630 18962 
518575592 1422 
518577014 45 
518577059 5 
518577064 1 
518577065 13 
518577078 1 
518577079 1449861 
520026940 887575 
520914515 117085 
521031600 75657 
521107257 12412 
521119669 1636 
521121305 427 
521121732 7 
521121739 4 
521121743 1104402 
522226145 211602 
522437747 18962 
522456709 6883 
522463592 427 
522464019 32 
522464051 12 
522464063 887575 
523351638 39150 
523390788 8374 
523399162 1636 
523400798 214 
523401012 118 
523401130 45 
523401175 13 
523401188 3 
523401191 618301 
524019492 6883 
524026375 13 
524026388 5 
524026393 1104402 
525130795 75657 
525206452 6883 
525213335 427 
525213762 118 
525213880 92 
525213972 1 
525213973 1449861 
526663834 309162 
526972996 117085 
527090081 39150 
527129231 18962 
527148193 12412 
527160605 214 
527160819 118 
527160937 2 
527160939 887575 
528048514 39150 
528087664 4580 
528092244 877 
528093121 214 
528093335 118 
528093453 85 
528093538 5 
528093543 1 
528093544 23 
528093567 309162 
528402729 96038 
528498767 427 
528499194 95 
528499289 13 
528499302 4 
528499306 1104402 
529603708 292461 
529896169 12412 
529908581 2303 
529910884 427 
529911311 92 
529911403 618301 
530529704 75657 
530605361 1636 
530606997 5 
530607002 309162 
530916164 275900 
531192064 2303 
531194367 214 
531194581 118 
531194699 45 
531194744 7 
531194751 2 
531194753 3939 
531198692 214 
531198906 118 
531199024 92 
531199116 2 
531199118 3139918 
534339036 256938 
534595974 4580 
534600554 1636 
534602190 45 
534602235 13 
534602248 3 
534602251 256938 
534859189 4580 
534863769 1304 
534865073 32 
534865105 7 
534865112 2 
534865114 1449861 
536314975 887575 
537202550 18203 
537220753 214 
537220967 45 
537221012 20 
537221032 1 
537221033 735386 
537956419 18962 
537975381 3939 
537979320 118 
537979438 72 
537979510 5 
537979515 1 
537979516 211602 
538191118 4580 
538195698 1636 
538197334 214 
538197548 45 
538197593 5 
538197598 75657 
538273255 8374 
538281629 763 
538282392 7 
538282399 1 
538282400 1449861 
539732261 117085 
539849346 39150 
539888496 18962 
539907458 8374 
539915832 2303 
539918135 427 
539918562 7 
539918569 1 
539918570 1449861 
541368431 117085 
541485516 39150 
541524666 18962 
541543628 8374 
541552002 877 
541552879 214 
541553093 118 
541553211 32 
541553243 7 
541553250 4 
541553254 763 
541554017 1449861 
543003878 309162 
543313040 39150 
543352190 18962 
543371152 8374 
543379526 763 
543380289 12 
543380301 72 
543380373 735386 
544115759 16678 
544132437 877 
544133314 214 
544133528 32 
544133560 618301 
544751861 39150 
544791011 18962 
544809973 8374 
544818347 1495 
544819842 5 
544819847 887575 
545707422 117085 
545824507 18962 
545843469 3939 
545847408 214 
545847622 118 
545847740 45 
545847785 7 
545847792 1 
545847793 1449861 
547297654 309162 
547606816 292461 
547899277 12412 
547911689 118 
547911807 32 
547911839 3 
547911842 309162 
548221004 275900 
548496904 3818 
548500722 95 
548500817 7 
548500824 4 
548500828 1449861 
549950689 887575 
550838264 117085 
550955349 18962 
550974311 12412 
550986723 2303 
550989026 1422 
550990448 23 
550990471 2 
550990473 309162 
551299635 75657 
551375292 12412 
551387704 2303 
551390007 877 
551390884 118 
551391002 4 
551391006 309162 
551700168 117085 
551817253 18962 
551836215 8374 
551844589 877 
551845466 214 
551845680 45 
551845725 2 
551845727 887575 
552733302 39150 
552772452 12412 
552784864 2303 
552787167 427 
552787594 118 
552787712 45 
552787757 7 
552787764 1 
552787765 309162 
553096927 75657 
553172584 118 
553172702 85 
553172787 1 
553172788 1104402 
554277190 18962 
554296152 12412 
554308564 2303 
554310867 877 
554311744 118 
554311862 13 
554311875 3 
554311878 1104402 
555416280 256938 
555673218 12412 
555685630 85 
555685715 2 
555685717 1449861 
557135578 309162 
557444740 247899 
557692639 214 
557692853 118 
557692971 20 
557692991 8374 
557701365 214 
557701579 72 
557701651 5 
557701656 117085 
557818741 36324 
557855065 85 
557855150 2 
557855152 1104402 
558959554 75657 
559035211 877 
559036088 214 
559036302 32 
559036334 7 
559036341 2 
559036343 1449861 
560486204 309162 
560795366 256938 
561052304 18203 
561070507 118 
561070625 32 
561070657 1 
561070658 801024 
561871682 6883 
561878565 45 
561878610 20 
561878630 1 
561878631 2554263 
564432894 211602 
564644496 18962 
564663458 12412 
564675870 1636 
564677506 427 
564677933 118 
564678051 32 
564678083 2 
564678085 1518 
564679603 887575 
565567178 117085 
565684263 18962 
565703225 16351 
565719576 95 
565719671 13 
565719684 8374 
565728058 1449861 
567177919 618301 
567796220 96038 
567892258 8374 
567900632 214 
567900846 45 
567900891 13 
567900904 4 
567900908 117085 
568017993 18962 
568036955 12412 
568049367 1518 
568050885 32 
568050917 7 
568050924 4 
568050928 117085 
568168013 75657 
568243670 16678 
568260348 427 
568260775 118 
568260893 45 
568260938 117085 
568378023 8374 
568386397 1636 
568388033 214 
568388247 45 
568388292 1 
568388293 1104402 
569492695 75657 
569568352 3939 
569572291 427 
569572718 4 
569572722 1449861 
571022583 774536 
571797119 6883 
571804002 1304 
571805306 72 
571805378 7 
571805385 1 
571805386 1104402 
572909788 117085 
573026873 4580 
573031453 427 
573031880 118 
573031998 7 
573032005 1 
573032006 2554263 
575586269 37847 
575624116 95 
575624211 12 
575624223 309162 
575933385 256938 
576190323 12412 
576202735 877 
576203612 214 
576203826 5 
576203831 1 
576203832 618301 
576822133 18962 
576841095 6883 
576847978 877 
576848855 118 
576848973 32 
576849005 5 
576849010 1 
576849011 1449861 
578298872 117085 
578415957 39150 
578455107 18962 
578474069 8374 
578482443 2303 
578484746 877 
578485623 214 
578485837 45 
578485882 23 
578485905 618301 
579104206 18962 
579123168 8374 
579131542 2303 
579133845 877 
579134722 214 
579134936 32 
579134968 7 
579134975 3 
579134978 1449861 
580584839 852586 
581437425 12412 
581449837 877 
581450714 95 
581450809 309162 
581759971 12412 
581772383 2303 
581774686 214 
581774900 13 
581774913 1 
581774914 18962 
581793876 12412 
581806288 427 
581806715 23 
581806738 3 
581806741 1104402 
582911143 275900 
583187043 1422 
583188465 13 
583188478 18962 
583207440 1449861 
584657301 618301 
585275602 96038 
585371640 18203 
585389843 118 
585389961 13 
585389974 1 
585389975 887575 
586277550 117085 
586394635 18962 
586413597 16565 
586430162 45 
586430207 13 
586430220 5 
586430225 1449861 
587880086 12412 
587892498 877 
587893375 214 
587893589 45 
587893634 20 
587893654 1 
587893655 887575 
588781230 39150 
588820380 4580 
588824960 1636 
588826596 72 
588826668 7 
588826675 2 
588826677 96038 
588922715 12412 
588935127 2303 
588937430 871 
588938301 887575 
589825876 39150 
589865026 18962 
589883988 12412 
589896400 2303 
589898703 427 
589899130 45 
589899175 20 
589899195 1 
589899196 887575 
590786771 96038 
590882809 16678 
590899487 118 
590899605 39150 
590938755 18962 
590957717 8374 
590966091 1636 
590967727 427 
590968154 32 
590968186 5 
590968191 1 
590968192 290966 
591259158 2554263 
593813421 117085 
593930506 39150 
593969656 18962 
593988618 427 
593989045 7 
593989052 2 
593989054 1449861 
595438915 117085 
595556000 35640 
595591640 23 
595591663 2 
595591665 813436 
596405101 16678 
596421779 1304 
596423083 72 
596423155 7 
596423162 1 
596423163 211602 
596634765 8374 
596643139 1636 
596644775 427 
596645202 95 
596645297 7 
596645304 1 
596645305 1415864 
598061169 1495 
598062664 13 
598062677 5 
598062682 1449861 
599512543 18962 
599531505 8374 
599539879 2303 
599542182 877 
599543059 214 
599543273 118 
599543391 45 
599543436 13 
599543449 5 
599543454 1 
599543455 309162 
599852617 256938 
600109555 16678 
600126233 877 
600127110 214 
600127324 118 
600127442 45 
600127487 13 
600127500 5 
600127505 1104402 
601231907 117085 
601348992 39150 
601388142 16678 
601404820 214 
601405034 118 
601405152 27 
601405179 3 
601405182 887575 
602292757 96038 
602388795 18203 
602406998 118 
602407116 4 
602407120 309162 
602716282 75657 
602791939 16351 
602808290 118 
602808408 72 
602808480 5 
602808485 1 
602808486 13 
602808499 1 
602808500 1449861 
604258361 618301 
604876662 75657 
604952319 4580 
604956899 427 
604957326 20 
604957346 1 
604957347 618301 
605575648 96038 
605671686 4580 
605676266 1636 
605677902 72 
605677974 5 
605677979 1 
605677980 1449861 
607127841 618301 
607746142 96038 
607842180 12412 
607854592 1304 
607855896 27 
607855923 3 
607855926 309162 
608165088 39150 
608204238 2303 
608206541 1304 
608207845 32 
608207877 7 
608207884 3 
608207887 871548 
609079435 6883 
609086318 877 
609087195 214 
609087409 118 
609087527 2 
609087529 618301 
609705830 115000 
609820830 664 
609821494 32 
609821526 292461 
610113987 309162 
610423149 75657 
610498806 12412 
610511218 118 
610511336 72 
610511408 12 
610511420 1449861 
611961281 39150 
612000431 18962 
612019393 6883 
612026276 214 
612026490 95 
612026585 7 
612026592 1 
612026593 1449861 
613476454 309162 
613785616 211602 
613997218 18962 
614016180 8374 
614024554 1304 
614025858 23 
614025881 2 
614025883 1449861 
615475744 735386 
616211130 4580 
616215710 1636 
616217346 45 
616217391 13 
616217404 5 
616217409 94619 
616312028 664 
616312692 4 
616312696 117085 
616429781 39150 
616468931 4580 
616473511 877 
616474388 118 
616474506 45 
616474551 1 
616474552 3818 
616478370 1104402 
617582772 117085 
617699857 75657 
617775514 8374 
617783888 1518 
617785406 95 
617785501 13 
617785514 5 
617785519 1449861 
619235380 75657 
619311037 8374 
619319411 1636 
619321047 118 
619321165 45 
619321210 3 
619321213 813436 
620134649 18962 
620153611 2303 
620155914 877 
620156791 214 
620157005 118 
620157123 32 
620157155 13 
620157168 2554263 
622711431 117085 
622828516 39150 
622867666 18962 
622886628 4580 
622891208 427 
622891635 72 
622891707 1 
622891708 618301 
623510009 75657 
623585666 2303 
623587969 763 
623588732 92 
623588824 1 
623588825 887575 
624476400 117085 
624593485 39150 
624632635 16678 
624649313 664 
624649977 32 
624650009 3 
624650012 1449861 
626099873 39150 
626139023 12412 
626151435 3818 
626155253 72 
626155325 7 
626155332 3 
626155335 887575 
627042910 115000 
627157910 1422 
627159332 45 
627159377 13 
627159390 2 
627159392 309162 
627468554 8374 
627476928 2303 
627479231 427 
627479658 118 
627479776 32 
627479808 7 
627479815 1449861 
628929676 309162 
629238838 117085 
629355923 39150 
629395073 12412 
629407485 2303 
629409788 877 
629410665 45 
629410710 13 
629410723 4 
629410727 801024 
630211751 2303 
630214054 427 
630214481 118 
630214599 13 
630214612 4 
630214616 309162 
630523778 75657 
630599435 12412 
630611847 1636 
630613483 427 
630613910 118 
630614028 72 
630614100 4 
630614104 12412 
630626516 2303 
630628819 214 
630629033 118 
630629151 7 
630629158 2 
630629160 1449861 
632079021 887575 
632966596 96038 
633062634 3818 
633066452 45 
633066497 13 
633066510 5 
633066515 1 
633066516 7 
633066523 2 
633066525 887575 
633954100 117085 
634071185 39150 
634110335 4580 
634114915 32 
634114947 1 
634114948 309162 
634424110 96038 
634520148 4580 
634524728 1636 
634526364 214 
634526578 45 
634526623 3 
634526626 887575 
635414201 75657 
635489858 8374 
635498232 763 
635498995 45 
635499040 20 
635499060 1 
635499061 3139918 
638638979 211602 
638850581 12412 
638862993 3798 
638866791 3 
638866794 39150 
638905944 35640 
638941584 214 
638941798 45 
638941843 13 
638941856 1 
638941857 309162 
639251019 39150 
639290169 18962 
639309131 12412 
639321543 1304 
639322847 92 
639322939 1 
639322940 1449861 
640772801 309162 
641081963 117085 
641199048 75657 
641274705 12412 
641287117 2303 
641289420 85 
641289505 4 
641289509 887575 
642177084 18962 
642196046 12412 
642208458 877 
642209335 85 
642209420 5 
642209425 1104402 
643313827 117085 
643430912 8374 
643439286 3818 
643443104 27 
643443131 2 
643443133 887575 
644330708 96038 
644426746 12412 
644439158 3818 
644442976 45 
644443021 13 
644443034 3 
644443037 309162 
644752199 211602 
644963801 18962 
644982763 8374 
644991137 2303 
644993440 427 
644993867 118 
644993985 45 
644994030 23 
644994053 1 
644994054 887575 
645881629 16678 
645898307 45 
645898352 5 
645898357 1 
645898358 309162 
646207520 211602 
646419122 16678 
646435800 877 
646436677 45 
646436722 887575 
647324297 117085 
647441382 12412 
647453794 2303 
647456097 877 
647456974 214 
647457188 13 
647457201 3 
647457204 1449861 
648907065 813436 
649720501 18962 
649739463 8374 
649747837 1636 
649749473 427 
649749900 118 
649750018 45 
649750063 23 
649750086 2 
649750088 96038 
649846126 12412 
649858538 2303 
649860841 427 
649861268 118 
649861386 13 
649861399 2 
649861401 1449861 
651311262 309162 
651620424 96038 
651716462 18203 
651734665 118 
651734783 45 
651734828 23 
651734851 1 
651734852 118 
651734970 1449861 
653184831 309162 
653493993 117085 
653611078 75657 
653686735 12412 
653699147 664 
653699811 13 
653699824 2 
653699826 210843 
653910669 309162 
654219831 75657 
654295488 16351 
654311839 72 
654311911 5 
654311916 1 
654311917 887575 
655199492 117085 
655316577 39150 
655355727 4580 
655360307 1636 
655361943 214 
655362157 45 
655362202 1 
655362203 887575 
656249778 117085 
656366863 75657 
656442520 877 
656443397 214 
656443611 32 
656443643 7 
656443650 3 
656443653 3939 
656447592 214 
656447806 118 
656447924 92 
656448016 2 
656448018 1449861 
657897879 618301 
658516180 96038 
658612218 16678 
658628896 214 
658629110 118 
658629228 85 
658629313 32 
658629345 117085 
658746430 858 
658747288 2 
658747290 117085 
658864375 16678 
658881053 1304 
658882357 95 
658882452 13 
658882465 852586 
659735051 1422 
659736473 45 
659736518 23 
659736541 1 
659736542 2904650 
662641192 117085 
662758277 18962 
662777239 2303 
662779542 664 
662780206 85 
662780291 2 
662780293 1449861 
664230154 871548 
665101702 12313 
665114015 45 
665114060 23 
665114083 2 
665114085 887575 
666001660 117085 
666118745 6883 
666125628 763 
666126391 13 
666126404 1 
666126405 887575 
667013980 117085 
667131065 4580 
667135645 1636 
667137281 118 
667137399 85 
667137484 5 
667137489 1 
667137490 1449861 
668587351 117085 
668704436 18962 
668723398 4580 
668727978 13 
668727991 5 
668727996 887575 
669615571 75657 
669691228 8374 
669699602 2303 
669701905 664 
669702569 4 
669702573 735386 
670437959 16678 
670454637 85 
670454722 3 
670454725 309162 
670763887 39150 
670803037 18962 
670821999 12412 
670834411 427 
670834838 118 
670834956 72 
670835028 12 
670835040 18962 
670854002 12412 
670866414 2303 
670868717 214 
670868931 27 
670868958 3 
670868961 2554263 
673423224 96038 
673519262 8374 
673527636 2303 
673529939 1422 
673531361 13 
673531374 4 
673531378 211602 
673742980 8374 
673751354 2303 
673753657 1422 
673755079 32 
673755111 7 
673755118 1 
673755119 1104402 
674859521 2303 
674861824 214 
674862038 45 
674862083 1 
674862084 309162 
675171246 252479 
675423725 214 
675423939 92 
675424031 2 
675424033 292461 
675716494 12412 
675728906 427 
675729333 118 
675729451 2 
675729453 2554263 
678283716 39150 
678322866 6883 
678329749 1304 
678331053 45 
678331098 23 
678331121 3 
678331124 309162 
678640286 36324 
678676610 664 
678677274 45 
678677319 12 
678677331 8374 
678685705 2303 
678688008 1494 
678689502 1449861 
680139363 117085 
680256448 39150 
680295598 18962 
680314560 8374 
680322934 427 
680323361 72 
680323433 1 
680323434 117085 
680440519 39150 
680479669 16678 
680496347 1304 
680497651 95 
680497746 5 
680497751 8374 
680506125 1518 
680507643 32 
680507675 12 
680507687 2554263 
683061950 117085 
683179035 39150 
683218185 2303 
683220488 664 
683221152 45 
683221197 13 
683221210 1104402 
684325612 117085 
684442697 2303 
684445000 214 
684445214 118 
684445332 92 
684445424 2 
684445426 1449861 
685895287 39150 
685934437 4580 
685939017 95 
685939112 13 
685939125 4 
685939129 887575 
686826704 18962 
686845666 12412 
686858078 877 
686858955 45 
686859000 20 
686859020 1 
686859021 1449861 
688308882 39150 
688348032 4580 
688352612 1636 
688354248 427 
688354675 27 
688354702 3 
688354705 309162 
688663867 292461 
688956328 4580 
688960908 763 
688961671 3 
688961674 774536 
689736210 427 
689736637 118 
689736755 13 
689736768 2 
689736770 117085 
689853855 18962 
689872817 8374 
689881191 1636 
689882827 118 
689882945 27 
689882972 3 
689882975 309162 
690192137 39150 
690231287 3939 
690235226 118 
690235344 5 
690235349 93758 
690329107 1104402 
691433509 275900 
691709409 8374 
691717783 95 
691717878 20 
691717898 2 
691717900 3139918 
694857818 117085 
694974903 8374 
694983277 877 
694984154 92 
694984246 1 
694984247 1449861 
696434108 1304 
696435412 72 
696435484 1104402 
697539886 211602 
697751488 1518 
697753006 7 
697753013 618301 
698371314 18962 
698390276 12412 
698402688 3798 
698406486 13 
698406499 5 
698406504 1104402 
699510906 39150 
699550056 6883 
699556939 664 
699557603 85 
699557688 3 
699557691 39150 
699596841 1636 
699598477 72 
699598549 7 
699598556 1 
699598557 1449861 
701048418 618301 
701666719 18962 
701685681 3939 
701689620 427 
701690047 45 
701690092 13 
701690105 4 
701690109 12412 
701702521 852586 
702555107 2303 
702557410 427 
702557837 118 
702557955 92 
702558047 2 
702558049 118 
702558167 1449861 
704008028 211602 
704219630 877 
704220507 214 
704220721 118 
704220839 13 
704220852 1104402 
705325254 211602 
705536856 35640 
705572496 214 
705572710 118 
705572828 7 
705572835 4 
705572839 813436 
706386275 8374 
706394649 1518 
706396167 95 
706396262 4 
706396266 309162 
706705428 211602 
706917030 4580 
706921610 1304 
706922914 13 
706922927 5 
706922932 1 
706922933 1449861 
708372794 117085 
708489879 18962 
708508841 2303 
708511144 763 
708511907 72 
708511979 7 
708511986 2 
708511988 1104402 
709616390 96038 
709712428 12412 
709724840 877 
709725717 118 
709725835 85 
709725920 1 
709725921 309162 
710035083 94619 
710129702 45 
710129747 23 
710129770 2830092 
712959862 214 
712960076 118 
712960194 735386 
713695580 4580 
713700160 1636 
713701796 118 
713701914 72 
713701986 7 
713701993 735386 
714437379 4580 
714441959 1636 
714443595 32 
714443627 4 
714443631 309162 
714752793 117085 
714869878 35640 
714905518 427 
714905945 3 
714905948 39150 
714945098 2303 
714947401 877 
714948278 214 
714948492 118 
714948610 45 
714948655 13 
714948668 5 
714948673 18962 
714967635 8374 
714976009 2303 
714978312 877 
714979189 214 
714979403 32 
714979435 7 
714979442 3 
714979445 887575 
715867020 117085 
715984105 39150 
716023255 427 
716023682 27 
716023709 4 
716023713 1449861 
717473574 735386 
718208960 8374 
718217334 2303 
718219637 640 
718220277 309162 
718529439 211602 
718741041 1422 
718742463 13 
718742476 5 
718742481 1 
718742482 887575 
719630057 39150 
719669207 1636 
719670843 7 
719670850 1449861 
721120711 256938 
721377649 6883 
721384532 877 
721385409 214 
721385623 95 
721385718 20 
721385738 253120 
721638858 2303 
721641161 214 
721641375 118 
721641493 27 
721641520 3 
721641523 1449861 
723091384 256938 
723348322 8374 
723356696 3818 
723360514 13 
723360527 2 
723360529 256938 
723617467 1636 
723619103 427 
723619530 118 
723619648 85 
723619733 4 
723619737 1449861 
725069598 309162 
725378760 96038 
725474798 8374 
725483172 427 
725483599 95 
725483694 4 
725483698 1449861 
726933559 309162 
727242721 75657 
727318378 4580 
727322958 1636 
727324594 427 
727325021 118 
727325139 92 
727325231 1104402 
728429633 117085 
728546718 18203 
728564921 427 
728565348 27 
728565375 4 
728565379 309162 
728874541 211602 
729086143 18962 
729105105 6883 
729111988 877 
729112865 214 
729113079 118 
729113197 85 
729113282 1 
729113283 618301 
729731584 39150 
729770734 18962 
729789696 4580 
729794276 1636 
729795912 118 
729796030 12 
729796042 813436 
730609478 4580 
730614058 214 
730614272 118 
730614390 27 
730614417 1 
730614418 309162 
730923580 39150 
730962730 8374 
730971104 664 
730971768 85 
730971853 3 
730971856 1104402 
732076258 18962 
732095220 4580 
732099800 664 
732100464 72 
732100536 1 
732100537 256938 
732357475 2303 
732359778 95 
732359873 1 
732359874 3139918 
735499792 735386 
736235178 18962 
736254140 12412 
736266552 214 
736266766 118 
736266884 45 
736266929 13 
736266942 5 
736266947 813436 
737080383 18962 
737099345 2303 
737101648 664 
737102312 72 
737102384 7 
737102391 39150 
737141541 18962 
737160503 12412 
737172915 1636 
737174551 427 
737174978 45 
737175023 7 
737175030 4 
737175034 309162 
737484196 117085 
737601281 18962 
737620243 12412 
737632655 2303 
737634958 664 
737635622 85 
737635707 735386 
738371093 18962 
738390055 12412 
738402467 214 
738402681 118 
738402799 4 
738402803 735386 
739138189 18962 
739157151 4580 
739161731 214 
739161945 45 
739161990 13 
739162003 3 
739162006 887575 
740049581 75657 
740125238 12412 
740137650 7 
740137657 2 
740137659 1449861 
741587520 309162 
741896682 18962 
741915644 1636 
741917280 214 
741917494 118 
741917612 13 
741917625 4 
741917629 309162 
742226791 117085 
742343876 39150 
742383026 664 
742383690 45 
742383735 13 
742383748 5 
742383753 1104402 
743488155 211602 
743699757 18962 
743718719 4580 
743723299 214 
743723513 27 
743723540 1449861 
745173401 211602 
745385003 16678 
745401681 664 
745402345 27 
745402372 1449861 
746852233 211602 
747063835 18962 
747082797 1636 
747084433 214 
747084647 118 
747084765 85 
747084850 4 
747084854 309162 
747394016 39150 
747433166 16678 
747449844 877 
747450721 214 
747450935 118 
747451053 45 
747451098 7 
747451105 4 
747451109 117085 
747568194 39150 
747607344 1422 
747608766 45 
747608811 23 
747608834 3 
747608837 117085 
747725922 39150 
747765072 6883 
747771955 877 
747772832 214 
747773046 27 
747773073 3 
747773076 1449861 
749222937 309162 
749532099 210843 
749742942 664 
749743606 23 
749743629 211602 
749955231 18962 
749974193 877 
749975070 72 
749975142 5 
749975147 1 
749975148 1104402 
751079550 96038 
751175588 12412 
751188000 664 
751188664 85 
751188749 1 
751188750 1449861 
752638611 309162 
752947773 290966 
753238739 664 
753239403 1 
753239404 309162 
753548566 117085 
753665651 39150 
753704801 4580 
753709381 1636 
753711017 45 
753711062 13 
753711075 5 
753711080 1 
753711081 309162 
754020243 75657 
754095900 8374 
754104274 1518 
754105792 45 
754105837 13 
754105850 1 
754105851 96038 
754201889 2303 
754204192 214 
754204406 3 
754204409 1449861 
755654270 887575 
756541845 117085 
756658930 75657 
756734587 8374 
756742961 2303 
756745264 1422 
756746686 45 
756746731 7 
756746738 4 
756746742 618301 
757365043 18962 
757384005 4580 
757388585 1636 
757390221 32 
757390253 1 
757390254 1449861 
758840115 309162 
759149277 18962 
759168239 12412 
759180651 2303 
759182954 1304 
759184258 45 
759184303 5 
759184308 117085 
759301393 8374 
759309767 2303 
759312070 877 
759312947 214 
759313161 95 
759313256 13 
759313269 3 
759313272 2554263 
761867535 117085 
761984620 39150 
762023770 6883 
762030653 640 
762031293 1 
762031294 309162 
762340456 75657 
762416113 8374 
762424487 1636 
762426123 427 
762426550 32 
762426582 1 
762426583 887575 
763314158 117085 
763431243 75657 
763506900 1636 
763508536 214 
763508750 2 
763508752 96038 
763604790 16678 
763621468 4 
763621472 309162 
763930634 256938 
764187572 16678 
764204250 664 
764204914 20 
764204934 2 
764204936 735386 
764940322 16678 
764957000 1304 
764958304 3 
764958307 1449861 
766408168 309162 
766717330 75657 
766792987 3818 
766796805 7 
766796812 2 
766796814 309162 
767105976 39150 
767145126 18962 
767164088 8374 
767172462 877 
767173339 118 
767173457 45 
767173502 7 
767173509 1 
767173510 1449861 
768623371 309162 
768932533 211602 
769144135 18962 
769163097 12412 
769175509 1636 
769177145 214 
769177359 45 
769177404 5 
769177409 309162 
769486571 75657 
769562228 8374 
769570602 427 
769571029 45 
769571074 20 
769571094 309162 
769880256 275900 
770156156 6883 
770163039 877 
770163916 85 
770164001 1 
770164002 1449861 
771613863 117085 
771730948 12412 
771743360 427 
771743787 4 
771743791 887575 
772631366 18962 
772650328 12412 
772662740 2303 
772665043 763 
772665806 45 
772665851 1 
772665852 618301 
773284153 75657 
773359810 4580 
773364390 214 
773364604 45 
773364649 13 
773364662 3 
773364665 852586 
774217251 12412 
774229663 427 
774230090 118 
774230208 45 
774230253 7 
774230260 4 
774230264 618301 
774848565 39150 
774887715 18962 
774906677 12412 
774919089 2303 
774921392 72 
774921464 7 
774921471 2 
774921473 39150 
774960623 4580 
774965203 1636 
774966839 214 
774967053 118 
774967171 32 
774967203 5 
774967208 1 
774967209 1104402 
776071611 117085 
776188696 75657 
776264353 92 
776264445 1449861 
777714306 309162 
778023468 292461 
778315929 8374 
778324303 45 
778324348 13 
778324361 5 
778324366 1 
778324367 618301 
778942668 96038 
779038706 4580 
779043286 1636 
779044922 427 
779045349 95 
779045444 13 
779045457 3939 
779049396 2830756 
781880152 16678 
781896830 877 
781897707 118 
781897825 32 
781897857 3 
781897860 117085 
782014945 6883 
782021828 877 
782022705 118 
782022823 85 
782022908 5 
782022913 1449861 
783472774 96038 
783568812 12412 
783581224 214 
783581438 32 
783581470 7 
783581477 3 
783581480 1449861 
785031341 117085 
785148426 8374 
785156800 214 
785157014 45 
785157059 20 
785157079 309162 
785466241 256938 
785723179 12412 
785735591 1636 
785737227 427 
785737654 72 
785737726 1 
785737727 887575 
786625302 117085 
786742387 1636 
786744023 214 
786744237 72 
786744309 3 
786744312 813436 
787557748 18962 
787576710 12412 
787589122 2303 
787591425 877 
787592302 118 
787592420 45 
787592465 23 
787592488 1 
787592489 1104402 
788696891 96038 
788792929 1636 
788794565 427 
788794992 45 
788795037 1 
788795038 1449861 
790244899 96038 
790340937 4580 
790345517 877 
790346394 214 
790346608 45 
790346653 13 
790346666 5 
790346671 1 
790346672 887575 
791234247 39150 
791273397 18962 
791292359 4580 
791296939 763 
791297702 7 
791297709 3 
791297712 813436 
792111148 8374 
792119522 2303 
792121825 664 
792122489 32 
792122521 4 
792122525 618301 
792740826 18962 
792759788 6883 
792766671 214 
792766885 118 
792767003 13 
792767016 1104402 
793871418 275900 
794147318 4580 
794151898 1636 
794153534 32 
794153566 2 
794153568 618301 
794771869 39150 
794811019 18962 
794829981 4580 
794834561 214 
794834775 95 
794834870 5 
794834875 1 
794834876 1104402 
795939278 211602 
796150880 16678 
796167558 427 
796167985 118 
796168103 72 
796168175 7 
796168182 4 
796168186 1449861 
797618047 117085 
797735132 18962 
797754094 6883 
797760977 214 
797761191 95 
797761286 7 
797761293 1 
797761294 309162 
798070456 117085 
798187541 427 
798187968 118 
798188086 72 
798188158 5 
798188163 117085 
798305248 39150 
798344398 1636 
798346034 214 
798346248 309162 
798655410 16678 
798672088 877 
798672965 214 
798673179 118 
798673297 32 
798673329 7 
798673336 3 
798673339 2554263 
801227602 39150 
801266752 35640 
801302392 32 
801302424 3 
801302427 309162 
801611589 75657 
801687246 16678 
801703924 877 
801704801 118 
801704919 5 
801704924 1 
801704925 887575 
802592500 117085 
802709585 8374 
802717959 763 
802718722 45 
802718767 3 
802718770 618301 
803337071 18962 
803356033 8374 
803364407 214 
803364621 118 
803364739 7 
803364746 1449861 
804814607 309162 
805123769 94619 
805218388 27 
805218415 2 
805218417 18962 
805237379 8374 
805245753 877 
805246630 214 
805246844 72 
805246916 4 
805246920 1104402 
806351322 117085 
806468407 75657 
806544064 12412 
806556476 2303 
806558779 664 
806559443 85 
806559528 1449861 
808009389 39150 
808048539 6883 
808055422 214 
808055636 118 
808055754 32 
808055786 1 
808055787 813436 
808869223 18962 
808888185 1636 
808889821 427 
808890248 45 
808890293 13 
808890306 4 
808890310 309162 
809199472 117085 
809316557 39150 
809355707 18962 
809374669 8374 
809383043 2303 
809385346 118 
809385464 72 
809385536 7 
809385543 1 
809385544 618301 
810003845 39150 
810042995 18203 
810061198 214 
810061412 118 
810061530 72 
810061602 309162 
810370764 117085 
810487849 18962 
810506811 4580 
810511391 1636 
810513027 427 
810513454 118 
810513572 45 
810513617 13 
810513630 3 
810513633 618301 
811131934 39150 
811171084 2303 
811173387 877 
811174264 214 
811174478 118 
811174596 72 
811174668 7 
811174675 3 
811174678 618301 
811792979 96038 
811889017 12412 
811901429 2303 
811903732 877 
811904609 13 
811904622 5 
811904627 1518 
811906145 871548 
812777693 8374 
812786067 7 
812786074 1 
812786075 1449861 
814235936 887575 
815123511 117085 
815240596 75657 
815316253 8374 
815324627 118 
815324745 85 
815324830 3 
815324833 1449861 
816774694 309162 
817083856 75657 
817159513 12412 
817171925 1636 
817173561 214 
817173775 118 
817173893 7 
817173900 2 
817173902 1449861 
818623763 117085 
818740848 75657 
818816505 4580 
818821085 877 
818821962 92 
818822054 1 
818822055 213 
818822268 618301 
819440569 18962 
819459531 6883 
819466414 214 
819466628 45 
819466673 5 
819466678 3139918 
822606596 117085 
822723681 3939 
822727620 427 
822728047 45 
822728092 23 
822728115 96038 
822824153 8374 
822832527 2303 
822834830 877 
822835707 72 
822835779 12 
822835791 309162 
823144953 6883 
823151836 877 
823152713 118 
823152831 45 
823152876 23 
823152899 1 
823152900 5 
823152905 2898556 
826051461 309162 
826360623 292461 
826653084 12412 
826665496 664 
826666160 20 
826666180 1 
826666181 1104402 
827770583 117085 
827887668 39150 
827926818 32 
827926850 3 
827926853 887575 
828814428 117085 
828931513 39150 
828970663 16678 
828987341 877 
828988218 95 
828988313 20 
828988333 2 
828988335 309162 
829297497 117085 
829414582 75657 
829490239 4580 
829494819 1636 
829496455 427 
829496882 45 
829496927 7 
829496934 3 
829496937 1 
829496938 1449861 
830946799 774536 
831721335 12412 
831733747 214 
831733961 118 
831734079 2 
831734081 887575 
832621656 117085 
832738741 18962 
832757703 6883 
832764586 118 
832764704 45 
832764749 5 
832764754 1104402 
833869156 18962 
833888118 6883 
833895001 763 
833895764 72 
833895836 7 
833895843 4 
833895847 309162 
834205009 36324 
834241333 1304 
834242637 32 
834242669 7 
834242676 3 
834242679 887575 
835130254 117085 
835247339 75657 
835322996 3939 
835326935 214 
835327149 45 
835327194 23 
835327217 3 
835327220 1104402 
836431622 18962 
836450584 2303 
836452887 427 
836453314 7 
836453321 2 
836453323 211602 
836664925 18962 
836683887 664 
836684551 45 
836684596 7 
836684603 1 
836684604 2554263 
839238867 115000 
839353867 664 
839354531 32 
839354563 7 
839354570 1 
839354571 793498 
840148069 427 
840148496 95 
840148591 13 
840148604 5 
840148609 35640 
840184249 427 
840184676 118 
840184794 20 
840184814 1449861 
841634675 793498 
842428173 4580 
842432753 640 
842433393 7 
842433400 887575 
843320975 96038 
843417013 877 
843417890 118 
843418008 32 
843418040 3 
843418043 309162 
843727205 763 
843727968 72 
843728040 12 
843728052 37847 
843765899 13 
843765912 1 
843765913 37815 
843803728 2904650 
846708378 75657 
846784035 2303 
846786338 27 
846786365 2 
846786367 1104402 
847890769 256938 
848147707 8374 
848156081 1636 
848157717 427 
848158144 118 
848158262 45 
848158307 13 
848158320 3 
848158323 16678 
848175001 118 
848175119 13 
848175132 3 
848175135 256938 
848432073 12412 
848444485 2303 
848446788 1304 
848448092 45 
848448137 13 
848448150 3 
848448153 117085 
848565238 12412 
848577650 1636 
848579286 427 
848579713 45 
848579758 13 
848579771 1449861 
850029632 117085 
850146717 37847 
850184564 427 
850184991 32 
850185023 7 
850185030 3 
850185033 1434826 
851619859 214 
851620073 118 
851620191 45 
851620236 20 
851620256 2 
851620258 309162 
851929420 117085 
852046505 39150 
852085655 18962 
852104617 12412 
852117029 95 
852117124 13 
852117137 1449861 
853566998 887575 
854454573 75657 
854530230 6883 
854537113 1304 
854538417 45 
854538462 5 
854538467 1 
854538468 309162 
854847630 116636 
854964266 214 
854964480 13 
854964493 1104402 
856068895 247899 
856316794 214 
856317008 118 
856317126 7 
856317133 1 
856317134 256938 
856574072 4580 
856578652 763 
856579415 117085 
856696500 18962 
856715462 8374 
856723836 2303 
856726139 877 
856727016 214 
856727230 5 
856727235 1 
856727236 774536 
857501772 4580 
857506352 1636 
857507988 427 
857508415 118 
857508533 45 
857508578 7 
857508585 4 
857508589 309162 
857817751 12412 
857830163 1422 
857831585 45 
857831630 7 
857831637 1 
857831638 2830756 
860662394 1636 
860664030 214 
860664244 85 
860664329 3 
860664332 309162 
860973494 39150 
861012644 427 
861013071 45 
861013116 13 
861013129 1449861 
862462990 18203 
862481193 214 
862481407 95 
862481502 7 
862481509 1 
862481510 1449861 
863931371 887575 
864818946 96038 
864914984 2303 
864917287 1422 
864918709 45 
864918754 7 
864918761 2 
864918763 309162 
865227925 117085 
865345010 18962 
865363972 2303 
865366275 1304 
865367579 85 
865367664 4 
865367668 813436 
866181104 1636 
866182740 214 
866182954 13 
866182967 4 
866182971 1104402 
867287373 96038 
867383411 858 
867384269 2 
867384271 1104402 
868488673 292461 
868781134 8350 
868789484 12 
868789496 618301 
869407797 96038 
869503835 3939 
869507774 214 
869507988 118 
869508106 27 
869508133 2 
869508135 309162 
869817297 18962 
869836259 4580 
869840839 877 
869841716 214 
869841930 2 
869841932 887575 
870729507 39150 
870768657 2303 
870770960 1422 
870772382 32 
870772414 7 
870772421 3 
870772424 618301 
871390725 18962 
871409687 12412 
871422099 214 
871422313 32 
871422345 7 
871422352 1 
871422353 813436 
872235789 1636 
872237425 214 
872237639 45 
872237684 7 
872237691 4 
872237695 2904650 
875142345 18962 
875161307 8374 
875169681 2303 
875171984 640 
875172624 7 
875172631 4 
875172635 309162 
875481797 117085 
875598882 39150 
875638032 12412 
875650444 1636 
875652080 32 
875652112 4 
875652116 309162 
875961278 292461 
876253739 4580 
876258319 427 
876258746 118 
876258864 72 
876258936 7 
876258943 2 
876258945 309162 
876568107 39150 
876607257 4580 
876611837 118 
876611955 92 
876612047 1 
876612048 1104402 
877716450 117085 
877833535 39150 
877872685 18962 
877891647 8374 
877900021 877 
877900898 118 
877901016 72 
877901088 7 
877901095 2 
877901097 1449861 
879350958 774536 
880125494 12412 
880137906 2303 
880140209 214 
880140423 7 
880140430 309162 
880449592 211602 
880661194 18962 
880680156 6883 
880687039 877 
880687916 214 
880688130 118 
880688248 85 
880688333 1 
880688334 1449861 
882138195 8374 
882146569 2303 
882148872 877 
882149749 5 
882149754 1104402 
883254156 211602 
883465758 2303 
883468061 877 
883468938 214 
883469152 7 
883469159 664 
883469823 309162 
883778985 253120 
884032105 427 
884032532 118 
884032650 13 
884032663 4 
884032667 1449861 
885482528 309162 
885791690 8374 
885800064 7 
885800071 4 
885800075 1449861 
887249936 96038 
887345974 1636 
887347610 427 
887348037 95 
887348132 5 
887348137 1 
887348138 23 
887348161 1104402 
888452563 117085 
888569648 39150 
888608798 18962 
888627760 12412 
888640172 2303 
888642475 1422 
888643897 45 
888643942 13 
888643955 1 
888643956 1449861 
890093817 117085 
890210902 35640 
890246542 118 
890246660 32 
890246692 2 
890246694 887575 
891134269 39150 
891173419 8374 
891181793 2303 
891184096 877 
891184973 118 
891185091 72 
891185163 4 
891185167 85 
891185252 1449861 
892635113 309162 
892944275 275900 
893220175 6883 
893227058 118 
893227176 45 
893227221 13 
893227234 5 
893227239 1434826 
894662065 45 
894662110 13 
894662123 5 
894662128 1 
894662129 309162 
894971291 211602 
895182893 2303 
895185196 877 
895186073 95 
895186168 5 
895186173 1449861 
896636034 801024 
897437058 8374 
897445432 1636 
897447068 214 
897447282 45 
897447327 7 
897447334 1 
897447335 309162 
897756497 117085 
897873582 18962 
897892544 8374 
897900918 427 
897901345 118 
897901463 72 
897901535 1 
897901536 774536 
898676072 1636 
898677708 45 
898677753 7 
898677760 2 
898677762 887575 
899565337 39150 
899604487 214 
899604701 118 
899604819 45 
899604864 23 
899604887 2 
899604889 118 
899605007 117085 
899722092 39150 
899761242 12412 
899773654 2303 
899775957 877 
899776834 214 
899777048 72 
899777120 7 
899777127 1 
899777128 96038 
899873166 4580 
899877746 427 
899878173 118 
899878291 32 
899878323 5 
899878328 3139918 
903018246 36324 
903054570 640 
903055210 1 
903055211 1449861 
904505072 309162 
904814234 117085 
904931319 39150 
904970469 8374 
904978843 1636 
904980479 95 
904980574 5 
904980579 1 
904980580 774536 
905755116 18203 
905773319 664 
905773983 7 
905773990 309162 
906083152 117085 
906200237 39150 
906239387 2303 
906241690 877 
906242567 214 
906242781 45 
906242826 7 
906242833 2 
906242835 18962 
906261797 4580 
906266377 1636 
906268013 118 
906268131 1449861 
907717992 618301 
908336293 18962 
908355255 8374 
908363629 1636 
908365265 427 
908365692 118 
908365810 32 
908365842 7 
908365849 1 
908365850 4580 
908370430 1495 
908371925 13 
908371938 5 
908371943 1 
908371944 292461 
908664405 6883 
908671288 877 
908672165 214 
908672379 118 
908672497 45 
908672542 4 
908672546 1449861 
910122407 292461 
910414868 2303 
910417171 1304 
910418475 95 
910418570 13 
910418583 4 
910418587 887575 
911306162 117085 
911423247 39150 
911462397 1636 
911464033 427 
911464460 118 
911464578 45 
911464623 20 
911464643 2 
911464645 887575 
912352220 117085 
912469305 36324 
912505629 877 
912506506 214 
912506720 118 
912506838 45 
912506883 13 
912506896 3 
912506899 2554263 
915061162 18962 
915080124 8374 
915088498 1636 
915090134 427 
915090561 95 
915090656 5 
915090661 1 
915090662 253120 
915343782 1636 
915345418 427 
915345845 85 
915345930 5 
915345935 871548 
916217483 8374 
916225857 427 
916226284 95 
916226379 3 
916226382 1104402 
917330784 117085 
917447869 12412 
917460281 1636 
917461917 427 
917462344 27 
917462371 2 
917462373 211602 
917673975 2898579 
920572554 117085 
920689639 39150 
920728789 18962 
920747751 8374 
920756125 2303 
920758428 1304 
920759732 85 
920759817 5 
920759822 309162 
921068984 39150 
921108134 18962 
921127096 1636 
921128732 214 
921128946 27 
921128973 1 
921128974 1449861 
922578835 813436 
923392271 12412 
923404683 1636 
923406319 214 
923406533 92 
923406625 2 
923406627 256938 
923663565 1636 
923665201 214 
923665415 32 
923665447 4 
923665451 887575 
924553026 96038 
924649064 8374 
924657438 1304 
924658742 32 
924658774 7 
924658781 2 
924658783 309162 
924967945 96038 
925063983 12412 
925076395 2303 
925078698 214 
925078912 95 
925079007 7 
925079014 1 
925079015 1449861 
926528876 96038 
926624914 4580 
926629494 45 
926629539 96038 
926725577 3939 
926729516 214 
926729730 95 
926729825 7 
926729832 1104402 
927834234 75657 
927909891 4580 
927914471 1636 
927916107 427 
927916534 72 
927916606 7 
927916613 1415864 
929332477 6883 
929339360 877 
929340237 118 
929340355 7 
929340362 4 
929340366 1449861 
930790227 309162 
931099389 39150 
931138539 8374 
931146913 2303 
931149216 427 
931149643 118 
931149761 45 
931149806 5 
931149811 1 
931149812 309162 
931458974 211602 
931670576 4580 
931675156 1636 
931676792 118 
931676910 27 
931676937 1 
931676938 774536 
932451474 8374 
932459848 2303 
932462151 877 
932463028 32 
932463060 7 
932463067 2 
932463069 1449861 
933912930 18962 
933931892 3939 
933935831 427 
933936258 72 
933936330 12 
933936342 735386 
934671728 8374 
934680102 2303 
934682405 427 
934682832 45 
934682877 13 
934682890 2 
934682892 27 
934682919 309162 
934992081 275900 
935267981 8374 
935276355 2303 
935278658 85 
935278743 1 
935278744 1449861 
936728605 39150 
936767755 18962 
936786717 12412 
936799129 2303 
936801432 427 
936801859 85 
936801944 618301 
937420245 96038 
937516283 2303 
937518586 763 
937519349 32 
937519381 4 
937519385 813436 
938332821 18962 
938351783 3939 
938355722 214 
938355936 118 
938356054 32 
938356086 7 
938356093 3 
938356096 1449861 
939805957 852586 
940658543 877 
940659420 118 
940659538 72 
940659610 12 
940659622 774536 
941434158 6883 
941441041 877 
941441918 118 
941442036 7 
941442043 3 
941442046 309162 
941751208 211602 
941962810 12412 
941975222 1518 
941976740 32 
941976772 7 
941976779 3 
941976782 1449861 
943426643 618301 
944044944 39150 
944084094 18962 
944103056 4580 
944107636 427 
944108063 45 
944108108 4 
944108112 211602 
944319714 1104402 
945424116 292461 
945716577 12412 
945728989 2303 
945731292 118 
945731410 32 
945731442 7 
945731449 4 
945731453 290966 
946022419 1449861 
947472280 8374 
947480654 877 
947481531 118 
947481649 12 
947481661 1636 
947483297 1449861 
948933158 774536 
949707694 16351 
949724045 95 
949724140 13 
949724153 5 
949724158 1 
949724159 887575 
950611734 117085 
950728819 18962 
950747781 8374 
950756155 32 
950756187 1104402 
951860589 8374 
951868963 2303 
951871266 214 
951871480 20 
951871500 2 
951871502 211602 
952083104 18962 
952102066 4580 
952106646 1636 
952108282 214 
952108496 72 
952108568 5 
952108573 1 
952108574 1104402 
953212976 117085 
953330061 39150 
953369211 18962 
953388173 12412 
953400585 2303 
953402888 858 
953403746 3 
953403749 1104402 
954508151 18962 
954527113 8374 
954535487 2303 
954537790 427 
954538217 95 
954538312 5 
954538317 1 
954538318 247899 
954786217 640 
954786857 1449861 
956236718 309162 
956545880 18962 
956564842 16673 
956581515 3 
956581518 1636 
956583154 1449861 
958033015 309162 
958342177 39150 
958381327 1636 
958382963 1 
958382964 1104402 
959487366 256938 
959744304 4580 
959748884 214 
959749098 45 
959749143 20 
959749163 1 
959749164 309162 
960058326 117085 
960175411 12412 
960187823 877 
960188700 13 
960188713 5 
960188718 1 
960188719 1449861 
961638580 309162 
961947742 39150 
961986892 4580 
961991472 877 
961992349 214 
961992563 3 
961992566 292461 
962285027 12412 
962297439 427 
962297866 118 
962297984 5 
962297989 1 
962297990 887575 
963185565 117085 
963302650 18962 
963321612 6883 
963328495 118 
963328613 23 
963328636 1 
963328637 39150 
963367787 12412 
963380199 877 
963381076 214 
963381290 118 
963381408 23 
963381431 3 
963381434 887575 
964269009 75657 
964344666 12412 
964357078 2303 
964359381 877 
964360258 214 
964360472 118 
964360590 23 
964360613 1 
964360614 1449861 
965810475 309162 
966119637 39150 
966158787 4580 
966163367 763 
966164130 45 
966164175 887575 
967051750 117085 
967168835 39150 
967207985 18962 
967226947 8374 
967235321 3818 
967239139 7 
967239146 1 
967239147 37815 
967276962 1449861 
968726823 852586 
969579409 4580 
969583989 214 
969584203 95 
969584298 3 
969584301 309162 
969893463 117085 
970010548 18962 
970029510 8374 
970037884 3818 
970041702 95 
970041797 7 
970041804 1449861 
971491665 309162 
971800827 292461 
972093288 1422 
972094710 23 
972094733 1 
972094734 309162 
972403896 117085 
972520981 39150 
972560131 6883 
972567014 664 
972567678 45 
972567723 7 
972567730 1449861 
974017591 75657 
974093248 12412 
974105660 95 
974105755 7 
974105762 1 
974105763 309162 
974414925 211602 
974626527 2303 
974628830 7 
974628837 4 
974628841 1449861 
976078702 309162 
976387864 75657 
976463521 12412 
976475933 2303 
976478236 85 
976478321 1 
976478322 117085 
976595407 12412 
976607819 763 
976608582 85 
976608667 5 
976608672 1 
976608673 1104402 
977713075 117085 
977830160 39150 
977869310 8374 
977877684 1636 
977879320 85 
977879405 2 
977879407 117085 
977996492 8374 
978004866 2303 
978007169 214 
978007383 118 
978007501 45 
978007546 20 
978007566 1 
978007567 3818 
978011385 1104402 
979115787 96038 
979211825 16351 
979228176 118 
979228294 27 
979228321 4 
979228325 1449861 
980678186 211602 
980889788 12412 
980902200 1636 
980903836 13 
980903849 5 
980903854 1 
980903855 1449861 
982353716 309162 
982662878 117085 
982779963 18962 
982798925 8374 
982807299 1636 
982808935 214 
982809149 118 
982809267 7 
982809274 309162 
983118436 117085 
983235521 39150 
983274671 18962 
983293633 4580 
983298213 1518 
983299731 72 
983299803 2 
983299805 1449861 
984749666 211602 
984961268 18962 
984980230 12412 
984992642 2303 
984994945 1304 
984996249 95 
984996344 13 
984996357 3 
984996360 618301 
985614661 18962 
985633623 4580 
985638203 214 
985638417 45 
985638462 7 
985638469 2 
985638471 618301 
986256772 18962 
986275734 4580 
986280314 664 
986280978 27 
986281005 3 
986281008 309162 
986590170 275900 
986866070 1304 
986867374 7 
986867381 2 
986867383 813436 
987680819 18962 
987699781 2303 
987702084 45 
987702129 13 
987702142 309162 
988011304 96038 
988107342 6883 
988114225 427 
988114652 118 
988114770 32 
988114802 5 
988114807 1 
988114808 887575 
989002383 117085 
989119468 18962 
989138430 858 
989139288 1449861 
990589149 309162 
990898311 39150 
990937461 2303 
990939764 427 
990940191 23 
990940214 2 
990940216 4580 
990944796 39150 
990983946 18962 
991002908 16351 
991019259 118 
991019377 72 
991019449 7 
991019456 2 
991019458 2904650 
993924108 117085 
994041193 39150 
994080343 18962 
994099305 4580 
994103885 1636 
994105521 427 
994105948 45 
994105993 7 
994106000 1 
994106001 75657 
994181658 4580 
994186238 877 
994187115 118 
994187233 5 
994187238 1449861 
995637099 887575 
996524674 117085 
996641759 2303 
996644062 214 
996644276 118 
996644394 13 
996644407 5 
996644412 309162 
996953574 39150 
996992724 18962 
997011686 6883 
997018569 763 
997019332 7 
997019339 4 
997019343 1104402 
998123745 256938 
998380683 8374 
998389057 2303 
998391360 763 
998392123 23 
998392146 3 
