5326
1 1 
2 1 
3 2 
5 3 
8 5 
13 8 
21 13 
34 21 
55 34 
89 55 
144 89 
233 144 
377 233 
610 377 
987 610 
1597 987 
2584 1597 
4181 2584 
6765 4181 
10946 6765 
17711 10946 
28657 17711 
46368 28657 
75025 46368 
121393 75025 
196418 121393 
317811 46368 
364179 17711 
381890 4181 
386071 610 
386681 233 
386914 13 
386927 386914 
773841 386927 
1160768 773841 
1934609 1160768 
3095377 1160768 
4256145 386927 
4643072 75025 
4718097 28657 
4746754 4181 
4750935 987 
4751922 377 
4752299 55 
4752354 21 
4752375 3 
4752378 1 
4752379 4752378 
9504757 1160768 
10665525 121393 
10786918 46368 
10833286 21 
10833307 3 
10833310 1 
10833311 386927 
11220238 196418 
11416656 75025 
11491681 28657 
11520338 4181 
11524519 1597 
11526116 144 
11526260 21 
11526281 5 
11526286 1 
11526287 1934609 
13460896 773841 
14234737 317811 
14552548 28657 
14581205 610 
14581815 233 
14582048 89 
14582137 34 
14582171 8 
14582179 773841 
15356020 2584 
15358604 233 
15358837 5 
15358842 1 
15358843 1934609 
17293452 121393 
17414845 46368 
17461213 6765 
17467978 610 
17468588 21 
17468609 8 
17468617 1934609 
19403226 386927 
19790153 75025 
19865178 4181 
19869359 610 
19869969 3 
19869972 1 
19869973 773841 
20643814 28657 
20672471 4181 
20676652 987 
20677639 377 
20678016 8 
20678024 3 
20678027 4752379 
25430406 121393 
25551799 6765 
25558564 987 
25559551 233 
25559784 89 
25559873 5 
25559878 1 
25559879 773841 
26333720 196418 
26530138 17711 
26547849 6765 
26554614 987 
26555601 55 
26555656 13 
26555669 2 
26555671 386927 
26942598 121393 
27063991 28657 
27092648 4181 
27096829 1597 
27098426 13 
27098439 3 
27098442 1 
27098443 386927 
27485370 28657 
27514027 10946 
27524973 4181 
27529154 55 
27529209 8 
27529217 2 
27529219 196418 
27725637 10946 
27736583 4181 
27740764 1597 
27742361 377 
27742738 89 
27742827 13 
27742840 3 
27742843 121393 
27864236 28657 
27892893 4181 
27897074 987 
27898061 144 
27898205 34 
27898239 13 
27898252 1 
27898253 773841 
28672094 75025 
28747119 10946 
28758065 1597 
28759662 610 
28760272 144 
28760416 21 
28760437 8 
28760445 3 
28760448 1 
28760449 3095377 
31855826 196418 
32052244 4181 
32056425 1597 
32058022 610 
32058632 89 
32058721 34 
32058755 13 
32058768 1 
32058769 196418 
32255187 75025 
32330212 6765 
32336977 2584 
32339561 610 
32340171 89 
32340260 8 
32340268 3 
32340271 1160768 
33501039 386927 
33887966 121393 
34009359 17711 
34027070 6765 
34033835 987 
34034822 144 
34034966 21 
34034987 2 
34034989 1160768 
35195757 386927 
35582684 196418 
35779102 75025 
35854127 17711 
35871838 6765 
35878603 610 
35879213 5 
35879218 1 
35879219 1934609 
37813828 386927 
38200755 196418 
38397173 28657 
38425830 4181 
38430011 1597 
38431608 377 
38431985 144 
38432129 34 
38432163 13 
38432176 5 
38432181 2 
38432183 377 
38432560 89 
38432649 13 
38432662 1 
38432663 386927 
38819590 196418 
39016008 75025 
39091033 2584 
39093617 610 
39094227 89 
39094316 34 
39094350 13 
39094363 5 
39094368 1 
39094369 3095377 
42189746 386927 
42576673 6765 
42583438 1597 
42585035 610 
42585645 34 
42585679 8 
42585687 3 
42585690 1 
42585691 1160768 
43746459 386927 
44133386 381890 
44515276 987 
44516263 377 
44516640 144 
44516784 34 
44516818 13 
44516831 2 
44516833 4752379 
49269212 773841 
50043053 364179 
50407232 6765 
50413997 1597 
50415594 144 
50415738 8 
50415746 3 
50415749 1934609 
52350358 386927 
52737285 28657 
52765942 2584 
52768526 987 
52769513 377 
52769890 144 
52770034 5 
52770039 2 
52770041 386927 
53156968 46368 
53203336 17711 
53221047 6765 
53227812 1597 
53229409 144 
53229553 8 
53229561 2 
53229563 1160768 
54390331 386927 
54777258 196418 
54973676 75025 
55048701 4181 
55052882 1597 
55054479 21 
55054500 5 
55054505 2 
55054507 1160768 
56215275 317811 
56533086 28657 
56561743 610 
56562353 55 
56562408 13 
56562421 5 
56562426 1 
56562427 1160768 
57723195 364179 
58087374 1597 
58088971 610 
58089581 144 
58089725 55 
58089780 21 
58089801 2 
58089803 1934609 
60024412 773841 
60798253 10946 
60809199 2584 
60811783 377 
60812160 55 
60812215 21 
60812236 5 
60812241 2 
60812243 773841 
61586084 121393 
61707477 46368 
61753845 17711 
61771556 6765 
61778321 610 
61778931 233 
61779164 89 
61779253 21 
61779274 8 
61779282 1 
61779283 1934609 
63713892 773841 
64487733 10946 
64498679 4181 
64502860 987 
64503847 21 
64503868 1 
64503869 773841 
65277710 17711 
65295421 6765 
65302186 1597 
65303783 610 
65304393 89 
65304482 34 
65304516 5 
65304521 2 
65304523 386927 
65691450 121393 
65812843 10946 
65823789 2584 
65826373 987 
65827360 233 
65827593 89 
65827682 5 
65827687 386927 
66214614 17711 
66232325 1597 
66233922 144 
66234066 34 
66234100 1 
66234101 386927 
66621028 196418 
66817446 6765 
66824211 987 
66825198 233 
66825431 55 
66825486 8 
66825494 3 
66825497 1160768 
67986265 317811 
68304076 10946 
68315022 2584 
68317606 377 
68317983 55 
68318038 21 
68318059 8 
68318067 3 
68318070 1 
68318071 1934609 
70252680 196418 
70449098 46368 
70495466 10946 
70506412 4181 
70510593 377 
70510970 144 
70511114 55 
70511169 3 
70511172 1 
70511173 17711 
70528884 6765 
70535649 2584 
70538233 987 
70539220 233 
70539453 13 
70539466 5 
70539471 2 
70539473 1160768 
71700241 386927 
72087168 17711 
72104879 6765 
72111644 233 
72111877 5 
72111882 1 
72111883 386927 
72498810 196418 
72695228 75025 
72770253 10946 
72781199 2584 
72783783 233 
72784016 21 
72784037 1160768 
73944805 10946 
73955751 4181 
73959932 1597 
73961529 144 
73961673 55 
73961728 3 
73961731 121393 
74083124 46368 
74129492 17711 
74147203 2584 
74149787 987 
74150774 233 
74151007 55 
74151062 21 
74151083 5 
74151088 1 
74151089 1160768 
75311857 121393 
75433250 987 
75434237 233 
75434470 89 
75434559 13 
75434572 1 
75434573 386927 
75821500 28657 
75850157 10946 
75861103 5 
75861108 1 
75861109 386927 
76248036 46368 
76294404 6765 
76301169 2584 
76303753 144 
76303897 55 
76303952 21 
76303973 5 
76303978 1 
76303979 196418 
76500397 4181 
76504578 377 
76504955 55 
76505010 5 
76505015 2 
76505017 3095377 
79600394 773841 
80374235 28657 
80402892 10946 
80413838 2584 
80416422 610 
80417032 233 
80417265 89 
80417354 34 
80417388 8 
80417396 3 
80417399 773841 
81191240 46368 
81237608 17711 
81255319 2584 
81257903 610 
81258513 34 
81258547 8 
81258555 2 
81258557 75025 
81333582 6765 
81340347 233 
81340580 8 
81340588 3 
81340591 196418 
81537009 46368 
81583377 610 
81583987 144 
81584131 34 
81584165 5 
81584170 1 
81584171 1160768 
82744939 386927 
83131866 196418 
83328284 46368 
83374652 17711 
83392363 6765 
83399128 2584 
83401712 987 
83402699 377 
83403076 144 
83403220 21 
83403241 8 
83403249 2 
83403251 773841 
84177092 196418 
84373510 75025 
84448535 6765 
84455300 2584 
84457884 987 
84458871 377 
84459248 89 
84459337 34 
84459371 1934609 
86393980 317811 
86711791 28657 
86740448 10946 
86751394 1597 
86752991 89 
86753080 21 
86753101 8 
86753109 2 
86753111 1160768 
87913879 10946 
87924825 4181 
87929006 233 
87929239 21 
87929260 5 
87929265 2 
87929267 386927 
88316194 28657 
88344851 10946 
88355797 1597 
88357394 144 
88357538 13 
88357551 2 
88357553 1160768 
89518321 386927 
89905248 121393 
90026641 6765 
90033406 987 
90034393 89 
90034482 8 
90034490 3 
90034493 121393 
90155886 17711 
90173597 2584 
90176181 377 
90176558 55 
90176613 8 
90176621 10946 
90187567 4181 
90191748 1597 
90193345 610 
90193955 233 
90194188 89 
90194277 21 
90194298 8 
90194306 3 
90194309 121393 
90315702 17711 
90333413 4181 
90337594 987 
90338581 34 
90338615 8 
90338623 3 
90338626 1 
90338627 75025 
90413652 6765 
90420417 1597 
90422014 233 
90422247 89 
90422336 5 
90422341 386927 
90809268 196418 
91005686 17711 
91023397 6765 
91030162 2584 
91032746 377 
91033123 144 
91033267 55 
91033322 8 
91033330 1 
91033331 4752379 
95785710 1160768 
96946478 386927 
97333405 196418 
97529823 28657 
97558480 10946 
97569426 4181 
97573607 1597 
97575204 610 
97575814 233 
97576047 55 
97576102 8 
97576110 1 
97576111 386927 
97963038 196418 
98159456 46368 
98205824 6765 
98212589 1597 
98214186 377 
98214563 34 
98214597 3 
98214600 1 
98214601 196418 
98411019 75025 
98486044 2584 
98488628 987 
98489615 233 
98489848 89 
98489937 34 
98489971 8 
98489979 3 
98489982 1 
98489983 386927 
98876910 317811 
99194721 17711 
99212432 6765 
99219197 1597 
99220794 610 
99221404 233 
99221637 55 
99221692 21 
99221713 4181 
99225894 1597 
99227491 55 
99227546 21 
99227567 3095377 
102322944 386927 
102709871 317811 
103027682 28657 
103056339 6765 
103063104 2584 
103065688 987 
103066675 377 
103067052 144 
103067196 55 
103067251 5 
103067256 1 
103067257 773841 
103841098 46368 
103887466 6765 
103894231 1597 
103895828 5 
103895833 773841 
104669674 75025 
104744699 17711 
104762410 2584 
104764994 987 
104765981 233 
104766214 55 
104766269 1160768 
105927037 386927 
106313964 196418 
106510382 46368 
106556750 17711 
106574461 610 
106575071 34 
106575105 2 
106575107 1160768 
107735875 121393 
107857268 28657 
107885925 10946 
107896871 1597 
107898468 610 
107899078 13 
107899091 5 
107899096 1 
107899097 386927 
108286024 317811 
108603835 89 
108603924 5 
108603929 2 
108603931 3095377 
111699308 386927 
112086235 121393 
112207628 46368 
112253996 10946 
112264942 1597 
112266539 610 
112267149 144 
112267293 3 
112267296 1 
112267297 386927 
112654224 46368 
112700592 17711 
112718303 233 
112718536 1 
112718537 773841 
113492378 121393 
113613771 17711 
113631482 6765 
113638247 2584 
113640831 377 
113641208 144 
113641352 55 
113641407 21 
113641428 5 
113641433 317811 
113959244 4181 
113963425 1597 
113965022 610 
113965632 233 
113965865 89 
113965954 13 
113965967 1934609 
115900576 773841 
116674417 196418 
116870835 46368 
116917203 6765 
116923968 89 
116924057 13 
116924070 5 
116924075 2 
116924077 1934609 
118858686 386927 
119245613 196418 
119442031 75025 
119517056 28657 
119545713 233 
119545946 89 
119546035 8 
119546043 3 
119546046 1 
119546047 386927 
119932974 28657 
119961631 10946 
119972577 1597 
119974174 144 
119974318 21 
119974339 773841 
120748180 121393 
120869573 46368 
120915941 17711 
120933652 4181 
120937833 1597 
120939430 610 
120940040 144 
120940184 55 
120940239 2 
120940241 1160768 
122101009 196418 
122297427 46368 
122343795 4181 
122347976 610 
122348586 55 
122348641 21 
122348662 1 
122348663 1934609 
124283272 386927 
124670199 317811 
124988010 6765 
124994775 2584 
124997359 377 
124997736 1 
124997737 3095377 
128093114 121393 
128214507 46368 
128260875 17711 
128278586 6765 
128285351 1597 
128286948 610 
128287558 34 
128287592 8 
128287600 3 
128287603 773841 
129061444 75025 
129136469 6765 
129143234 144 
129143378 3 
129143381 196418 
129339799 75025 
129414824 6765 
129421589 2584 
129424173 987 
129425160 89 
129425249 21 
129425270 8 
129425278 3 
129425281 1160768 
130586049 317811 
130903860 17711 
130921571 6765 
130928336 2584 
130930920 610 
130931530 89 
130931619 34 
130931653 5 
130931658 1 
130931659 1160768 
132092427 196418 
132288845 4181 
132293026 1597 
132294623 610 
132295233 144 
132295377 55 
132295432 5 
132295437 2 
132295439 386927 
132682366 121393 
132803759 46368 
132850127 4181 
132854308 610 
132854918 3 
132854921 3095377 
135950298 386927 
136337225 121393 
136458618 46368 
136504986 17711 
136522697 2584 
136525281 89 
136525370 21 
136525391 1160768 
137686159 364179 
138050338 4181 
138054519 233 
138054752 89 
138054841 13 
138054854 5 
138054859 386927 
138441786 196418 
138638204 75025 
138713229 28657 
138741886 6765 
138748651 2584 
138751235 377 
138751612 144 
138751756 55 
138751811 13 
138751824 5 
138751829 386927 
139138756 17711 
139156467 4181 
139160648 1597 
139162245 377 
139162622 21 
139162643 4752379 
143915022 386927 
144301949 317811 
144619760 28657 
144648417 6765 
144655182 144 
144655326 55 
144655381 21 
144655402 8 
144655410 1 
144655411 317811 
144973222 28657 
145001879 6765 
145008644 987 
145009631 377 
145010008 144 
145010152 13 
145010165 2 
145010167 46368 
145056535 17711 
145074246 2584 
145076830 987 
145077817 233 
145078050 55 
145078105 21 
145078126 1 
145078127 773841 
145851968 196418 
146048386 75025 
146123411 10946 
146134357 1597 
146135954 610 
146136564 233 
146136797 5 
146136802 1 
146136803 121393 
146258196 28657 
146286853 10946 
146297799 1597 
146299396 377 
146299773 21 
146299794 5 
146299799 2 
146299801 4256145 
150555946 46368 
150602314 10946 
150613260 610 
150613870 233 
150614103 34 
150614137 3 
150614140 1 
150614141 386927 
151001068 317811 
151318879 6765 
151325644 2584 
151328228 89 
151328317 21 
151328338 3 
151328341 1934609 
153262950 386927 
153649877 196418 
153846295 75025 
153921320 10946 
153932266 4181 
153936447 987 
153937434 377 
153937811 89 
153937900 21 
153937921 196418 
154134339 75025 
154209364 17711 
154227075 6765 
154233840 1597 
154235437 610 
154236047 233 
154236280 89 
154236369 34 
154236403 13 
154236416 5 
154236421 1934609 
156171030 75025 
156246055 6765 
156252820 2584 
156255404 89 
156255493 5 
156255498 1 
156255499 1934609 
158190108 386927 
158577035 196418 
158773453 17711 
158791164 987 
158792151 377 
158792528 89 
158792617 34 
158792651 386927 
159179578 196418 
159375996 75025 
159451021 17711 
159468732 610 
159469342 233 
159469575 34 
159469609 8 
159469617 2 
159469619 3095377 
162564996 386927 
162951923 196418 
163148341 75025 
163223366 28657 
163252023 1597 
163253620 610 
163254230 144 
163254374 55 
163254429 21 
163254450 5 
163254455 2 
163254457 773841 
164028298 121393 
164149691 46368 
164196059 6765 
164202824 377 
164203201 13 
164203214 3 
164203217 386927 
164590144 46368 
164636512 2584 
164639096 987 
164640083 377 
164640460 144 
164640604 55 
164640659 21 
164640680 8 
164640688 3 
164640691 1160768 
165801459 386927 
166188386 121393 
166309779 28657 
166338436 10946 
166349382 4181 
166353563 1597 
166355160 233 
166355393 89 
166355482 21 
166355503 386927 
166742430 196418 
166938848 46368 
166985216 10946 
166996162 987 
166997149 144 
166997293 55 
166997348 8 
166997356 1 
166997357 386927 
167384284 28657 
167412941 4181 
167417122 144 
167417266 21 
167417287 3 
167417290 1 
167417291 1934609 
169351900 121393 
169473293 17711 
169491004 4181 
169495185 1597 
169496782 144 
169496926 13 
169496939 1934609 
171431548 17711 
171449259 6765 
171456024 2584 
171458608 987 
171459595 233 
171459828 89 
171459917 21 
171459938 8 
171459946 3 
171459949 1160768 
172620717 386927 
173007644 121393 
173129037 46368 
173175405 233 
173175638 55 
173175693 13 
173175706 5 
173175711 2 
173175713 4752379 
177928092 196418 
178124510 28657 
178153167 10946 
178164113 4181 
178168294 610 
178168904 233 
178169137 34 
178169171 8 
178169179 386927 
178556106 196418 
178752524 75025 
178827549 17711 
178845260 987 
178846247 377 
178846624 144 
178846768 34 
178846802 13 
178846815 3 
178846818 1 
178846819 1160768 
180007587 386927 
180394514 121393 
180515907 10946 
180526853 2584 
180529437 34 
180529471 8 
180529479 3 
180529482 1 
180529483 6765 
180536248 2584 
180538832 987 
180539819 377 
180540196 55 
180540251 8 
180540259 3 
180540262 1 
180540263 1934609 
182474872 364179 
182839051 10946 
182849997 987 
182850984 13 
182850997 3 
182851000 1 
182851001 773841 
183624842 121393 
183746235 6765 
183753000 34 
183753034 8 
183753042 1 
183753043 1934609 
185687652 386927 
186074579 46368 
186120947 10946 
186131893 2584 
186134477 233 
186134710 34 
186134744 5 
186134749 3095377 
189230126 773841 
190003967 196418 
190200385 46368 
190246753 10946 
190257699 4181 
190261880 1597 
190263477 377 
190263854 89 
190263943 34 
190263977 1160768 
191424745 196418 
191621163 17711 
191638874 987 
191639861 377 
191640238 21 
191640259 3 
191640262 1 
191640263 1934609 
193574872 773841 
194348713 2584 
194351297 377 
194351674 5 
194351679 2 
194351681 386927 
194738608 364179 
195102787 10946 
195113733 4181 
195117914 610 
195118524 233 
195118757 34 
195118791 2 
195118793 196418 
195315211 75025 
195390236 6765 
195397001 987 
195397988 377 
195398365 21 
195398386 3 
195398389 1160768 
196559157 386927 
196946084 75025 
197021109 10946 
197032055 1597 
197033652 377 
197034029 8 
197034037 1934609 
198968646 386927 
199355573 121393 
199476966 46368 
199523334 4181 
199527515 987 
199528502 377 
199528879 144 
199529023 13 
199529036 3 
199529039 1934609 
201463648 75025 
201538673 28657 
201567330 10946 
201578276 987 
201579263 233 
201579496 89 
201579585 8 
201579593 1160768 
202740361 386927 
203127288 75025 
203202313 17711 
203220024 4181 
203224205 987 
203225192 377 
203225569 55 
203225624 21 
203225645 5 
203225650 1 
203225651 773841 
203999492 75025 
204074517 17711 
204092228 4181 
204096409 377 
204096786 89 
204096875 5 
204096880 1 
204096881 773841 
204870722 121393 
204992115 28657 
205020772 10946 
205031718 1597 
205033315 610 
205033925 55 
205033980 13 
205033993 5 
205033998 1 
205033999 386927 
205420926 28657 
205449583 10946 
205460529 2584 
205463113 987 
205464100 377 
205464477 55 
205464532 13 
205464545 2 
205464547 1934609 
207399156 196418 
207595574 75025 
207670599 28657 
207699256 6765 
207706021 2584 
207708605 21 
207708626 3 
207708629 1160768 
208869397 121393 
208990790 6765 
208997555 2584 
209000139 610 
209000749 233 
209000982 89 
209001071 34 
209001105 13 
209001118 1 
209001119 1934609 
210935728 773841 
211709569 196418 
211905987 4181 
211910168 377 
211910545 89 
211910634 34 
211910668 13 
211910681 1160768 
213071449 196418 
213267867 28657 
213296524 4181 
213300705 610 
213301315 233 
213301548 34 
213301582 5 
213301587 2 
213301589 1160768 
214462357 196418 
214658775 75025 
214733800 17711 
214751511 377 
214751888 144 
214752032 55 
214752087 2 
214752089 196418 
214948507 10946 
214959453 987 
214960440 55 
214960495 13 
214960508 3 
214960511 773841 
215734352 196418 
215930770 75025 
216005795 17711 
216023506 6765 
216030271 2584 
216032855 233 
216033088 89 
216033177 2 
216033179 3095377 
219128556 386927 
219515483 121393 
219636876 28657 
219665533 2584 
219668117 610 
219668727 21 
219668748 1 
219668749 773841 
220442590 121393 
220563983 4181 
220568164 987 
220569151 144 
220569295 34 
220569329 3095377 
223664706 196418 
223861124 46368 
223907492 6765 
223914257 987 
223915244 377 
223915621 144 
223915765 34 
223915799 386927 
224302726 196418 
224499144 46368 
224545512 2584 
224548096 610 
224548706 89 
224548795 34 
224548829 8 
224548837 46368 
224595205 2584 
224597789 987 
224598776 144 
224598920 34 
224598954 13 
224598967 5 
224598972 1 
224598973 75025 
224673998 17711 
224691709 987 
224692696 377 
224693073 55 
224693128 8 
224693136 1 
224693137 3095377 
227788514 386927 
228175441 4181 
228179622 610 
228180232 233 
228180465 89 
228180554 21 
228180575 8 
228180583 3 
228180586 1 
228180587 196418 
228377005 46368 
228423373 10946 
228434319 4181 
228438500 987 
228439487 233 
228439720 21 
228439741 8 
228439749 2 
228439751 3095377 
231535128 17711 
231552839 6765 
231559604 2584 
231562188 987 
231563175 233 
231563408 55 
231563463 21 
231563484 5 
231563489 386927 
231950416 75025 
232025441 17711 
232043152 4181 
232047333 1597 
232048930 21 
232048951 8 
232048959 2 
232048961 773841 
232822802 196418 
233019220 28657 
233047877 4181 
233052058 987 
233053045 233 
233053278 34 
233053312 1 
233053313 386927 
233440240 121393 
233561633 46368 
233608001 2584 
233610585 987 
233611572 8 
233611580 3 
233611583 1934609 
235546192 386927 
235933119 75025 
236008144 28657 
236036801 6765 
236043566 2584 
236046150 610 
236046760 144 
236046904 55 
236046959 13 
236046972 5 
236046977 386927 
236433904 46368 
236480272 2584 
236482856 987 
236483843 377 
236484220 55 
236484275 21 
236484296 5 
236484301 75025 
236559326 377 
236559703 144 
236559847 55 
236559902 13 
236559915 3 
236559918 1 
236559919 1160768 
237720687 10946 
237731633 1597 
237733230 34 
237733264 8 
237733272 1 
237733273 1160768 
238894041 196418 
239090459 28657 
239119116 10946 
239130062 4181 
239134243 610 
239134853 233 
239135086 34 
239135120 13 
239135133 3 
239135136 1 
239135137 1160768 
240295905 386927 
240682832 17711 
240700543 6765 
240707308 2584 
240709892 987 
240710879 377 
240711256 144 
240711400 55 
240711455 13 
240711468 1 
240711469 1160768 
241872237 386927 
242259164 196418 
242455582 17711 
242473293 6765 
242480058 987 
242481045 233 
242481278 55 
242481333 13 
242481346 1 
242481347 121393 
242602740 4181 
242606921 1597 
242608518 89 
242608607 13 
242608620 1 
242608621 1160768 
243769389 386927 
244156316 28657 
244184973 4181 
244189154 34 
244189188 8 
244189196 3 
244189199 121393 
244310592 28657 
244339249 4181 
244343430 987 
244344417 144 
244344561 55 
244344616 13 
244344629 2 
244344631 386927 
244731558 121393 
244852951 28657 
244881608 10946 
244892554 233 
244892787 8 
244892795 2 
244892797 386927 
245279724 196418 
245476142 75025 
245551167 28657 
245579824 4181 
245584005 987 
245584992 34 
245585026 5 
245585031 2 
245585033 1934609 
247519642 386927 
247906569 121393 
248027962 28657 
248056619 6765 
248063384 2584 
248065968 610 
248066578 13 
248066591 1160768 
249227359 386927 
249614286 75025 
249689311 10946 
249700257 233 
249700490 8 
249700498 3 
249700501 386927 
250087428 364179 
250451607 4181 
250455788 1597 
250457385 610 
250457995 34 
250458029 8 
250458037 3 
250458040 1 
250458041 1160768 
251618809 196418 
251815227 28657 
251843884 1597 
251845481 610 
251846091 144 
251846235 55 
251846290 21 
251846311 5 
251846316 1 
251846317 46368 
251892685 17711 
251910396 377 
251910773 89 
251910862 13 
251910875 2 
251910877 773841 
252684718 17711 
252702429 6765 
252709194 2584 
252711778 89 
252711867 34 
252711901 13 
252711914 3 
252711917 1934609 
254646526 121393 
254767919 28657 
254796576 10946 
254807522 2584 
254810106 610 
254810716 233 
254810949 89 
254811038 34 
254811072 8 
254811080 3 
254811083 4752379 
259563462 1934609 
261498071 386927 
261884998 196418 
262081416 28657 
262110073 10946 
262121019 4181 
262125200 987 
262126187 377 
262126564 21 
262126585 5 
262126590 1 
262126591 386927 
262513518 121393 
262634911 28657 
262663568 1597 
262665165 610 
262665775 233 
262666008 89 
262666097 13 
262666110 1 
262666111 773841 
263439952 317811 
263757763 10946 
263768709 89 
263768798 34 
263768832 5 
263768837 2 
263768839 1160768 
264929607 75025 
265004632 28657 
265033289 10946 
265044235 4181 
265048416 987 
265049403 233 
265049636 34 
265049670 1 
265049671 386927 
265436598 364179 
265800777 10946 
265811723 377 
265812100 144 
265812244 55 
265812299 13 
265812312 5 
265812317 196418 
266008735 46368 
266055103 610 
266055713 5 
266055718 1 
266055719 121393 
266177112 46368 
266223480 10946 
266234426 987 
266235413 233 
266235646 55 
266235701 13 
266235714 5 
266235719 2 
266235721 386927 
266622648 196418 
266819066 28657 
266847723 10946 
266858669 4181 
266862850 1597 
266864447 377 
266864824 55 
266864879 2 
266864881 1160768 
268025649 386927 
268412576 317811 
268730387 28657 
268759044 4181 
268763225 1597 
268764822 144 
268764966 55 
268765021 21 
268765042 1 
268765043 1160768 
269925811 121393 
270047204 46368 
270093572 6765 
270100337 2584 
270102921 610 
270103531 233 
270103764 34 
270103798 8 
270103806 1 
270103807 773841 
270877648 196418 
271074066 4181 
271078247 610 
271078857 89 
271078946 34 
271078980 13 
271078993 3095377 
274174370 773841 
274948211 121393 
275069604 10946 
275080550 4181 
275084731 987 
275085718 34 
275085752 5 
275085757 381890 
275467647 2584 
275470231 144 
275470375 8 
275470383 3 
275470386 1 
275470387 4752379 
280222766 1160768 
281383534 196418 
281579952 4181 
281584133 1597 
281585730 377 
281586107 8 
281586115 3 
281586118 1 
281586119 4752379 
286338498 386927 
286725425 46368 
286771793 4181 
286775974 377 
286776351 21 
286776372 5 
286776377 2 
286776379 386927 
287163306 121393 
287284699 2584 
287287283 987 
287288270 377 
287288647 55 
287288702 8 
287288710 3 
287288713 773841 
288062554 17711 
288080265 6765 
288087030 987 
288088017 55 
288088072 8 
288088080 1 
288088081 773841 
288861922 196418 
289058340 75025 
289133365 28657 
289162022 10946 
289172968 987 
289173955 377 
289174332 55 
289174387 21 
289174408 3 
289174411 121393 
289295804 46368 
289342172 233 
289342405 13 
289342418 3 
289342421 196418 
289538839 75025 
289613864 10946 
289624810 610 
289625420 34 
289625454 13 
289625467 3 
289625470 1 
289625471 773841 
290399312 75025 
290474337 17711 
290492048 1597 
290493645 144 
290493789 13 
290493802 5 
290493807 2 
290493809 1934609 
292428418 386927 
292815345 46368 
292861713 10946 
292872659 987 
292873646 233 
292873879 55 
292873934 5 
292873939 1934609 
294808548 75025 
294883573 17711 
294901284 1597 
294902881 610 
294903491 89 
294903580 13 
294903593 773841 
295677434 196418 
295873852 46368 
295920220 2584 
295922804 987 
295923791 233 
295924024 34 
295924058 13 
295924071 2 
295924073 1934609 
297858682 196418 
298055100 75025 
298130125 28657 
298158782 10946 
298169728 4181 
298173909 610 
298174519 55 
298174574 21 
298174595 8 
298174603 3095377 
301269980 386927 
301656907 196418 
301853325 75025 
301928350 17711 
301946061 610 
301946671 233 
301946904 55 
301946959 13 
301946972 5 
301946977 773841 
302720818 196418 
302917236 75025 
302992261 10946 
303003207 4181 
303007388 987 
303008375 233 
303008608 89 
303008697 3 
303008700 1 
303008701 4752379 
307761080 1160768 
308921848 386927 
309308775 196418 
309505193 75025 
309580218 28657 
309608875 4181 
309613056 1597 
309614653 610 
309615263 89 
309615352 34 
309615386 13 
309615399 2 
309615401 386927 
310002328 75025 
310077353 10946 
310088299 2584 
310090883 987 
310091870 144 
310092014 13 
310092027 3 
310092030 1 
310092031 10946 
310102977 4181 
310107158 1597 
310108755 377 
310109132 8 
310109140 1 
310109141 1934609 
312043750 121393 
312165143 46368 
312211511 1597 
312213108 610 
312213718 144 
312213862 55 
312213917 8 
312213925 3 
312213928 1 
312213929 4752379 
316966308 1934609 
318900917 46368 
318947285 10946 
318958231 233 
318958464 89 
318958553 8 
318958561 1160768 
320119329 386927 
320506256 75025 
320581281 28657 
320609938 6765 
320616703 233 
320616936 5 
320616941 2 
320616943 4752379 
325369322 386927 
325756249 233 
325756482 34 
325756516 1 
325756517 386927 
326143444 317811 
326461255 17711 
326478966 6765 
326485731 987 
326486718 377 
326487095 34 
326487129 2 
326487131 1160768 
327647899 386927 
328034826 196418 
328231244 46368 
328277612 10946 
328288558 4181 
328292739 1597 
328294336 233 
328294569 34 
328294603 8 
328294611 2 
328294613 1160768 
329455381 386927 
329842308 317811 
330160119 987 
330161106 233 
330161339 386927 
330548266 196418 
330744684 28657 
330773341 10946 
330784287 1597 
330785884 377 
330786261 8 
330786269 2 
330786271 1934609 
332720880 773841 
333494721 317811 
333812532 987 
333813519 377 
333813896 55 
333813951 21 
333813972 5 
333813977 2 
333813979 1934609 
335748588 773841 
336522429 10946 
336533375 4181 
336537556 1597 
336539153 610 
336539763 233 
336539996 89 
336540085 34 
336540119 13 
336540132 1 
336540133 773841 
337313974 317811 
337631785 28657 
337660442 6765 
337667207 610 
337667817 89 
337667906 34 
337667940 8 
337667948 3 
337667951 196418 
337864369 17711 
337882080 6765 
337888845 2584 
337891429 987 
337892416 377 
337892793 89 
337892882 13 
337892895 3 
337892898 1 
337892899 1160768 
339053667 386927 
339440594 317811 
339758405 28657 
339787062 1597 
339788659 377 
339789036 55 
339789091 21 
339789112 1 
339789113 1934609 
341723722 196418 
341920140 75025 
341995165 28657 
342023822 10946 
342034768 4181 
342038949 233 
342039182 89 
342039271 21 
342039292 8 
342039300 1 
342039301 1160768 
343200069 196418 
343396487 75025 
343471512 28657 
343500169 987 
343501156 144 
343501300 55 
343501355 21 
343501376 5 
343501381 1160768 
344662149 121393 
344783542 28657 
344812199 2584 
344814783 987 
344815770 377 
344816147 89 
344816236 5 
344816241 2 
344816243 317811 
345134054 28657 
345162711 6765 
345169476 144 
345169620 21 
345169641 8 
345169649 2 
345169651 3095377 
348265028 773841 
349038869 196418 
349235287 46368 
349281655 6765 
349288420 987 
349289407 144 
349289551 21 
349289572 5 
349289577 2 
349289579 1160768 
350450347 121393 
350571740 28657 
350600397 987 
350601384 144 
350601528 55 
350601583 21 
350601604 3 
350601607 773841 
351375448 75025 
351450473 10946 
351461419 610 
351462029 8 
351462037 773841 
352235878 196418 
352432296 28657 
352460953 987 
352461940 144 
352462084 55 
352462139 21 
352462160 8 
352462168 3 
352462171 773841 
353236012 75025 
353311037 17711 
353328748 2584 
353331332 987 
353332319 233 
353332552 89 
353332641 34 
353332675 13 
353332688 3 
353332691 386927 
353719618 121393 
353841011 28657 
353869668 6765 
353876433 610 
353877043 89 
353877132 21 
353877153 8 
353877161 2 
353877163 1934609 
355811772 386927 
356198699 121393 
356320092 46368 
356366460 10946 
356377406 987 
356378393 377 
356378770 89 
356378859 21 
356378880 5 
356378885 2 
356378887 196418 
356575305 46368 
356621673 10946 
356632619 1597 
356634216 55 
356634271 13 
356634284 3 
356634287 1160768 
357795055 196418 
357991473 4181 
357995654 377 
357996031 55 
357996086 13 
357996099 3 
357996102 1 
357996103 1160768 
359156871 386927 
359543798 196418 
359740216 75025 
359815241 28657 
359843898 4181 
359848079 34 
359848113 13 
359848126 1 
359848127 1934609 
361782736 386927 
362169663 75025 
362244688 28657 
362273345 6765 
362280110 2584 
362282694 377 
362283071 144 
362283215 5 
362283220 1 
362283221 773841 
363057062 121393 
363178455 28657 
363207112 4181 
363211293 233 
363211526 89 
363211615 34 
363211649 13 
363211662 1 
363211663 121393 
363333056 46368 
363379424 4181 
363383605 1597 
363385202 377 
363385579 144 
363385723 34 
363385757 13 
363385770 5 
363385775 2 
363385777 1934609 
365320386 773841 
366094227 46368 
366140595 17711 
366158306 6765 
366165071 987 
366166058 233 
366166291 21 
366166312 1 
366166313 4256145 
370422458 196418 
370618876 46368 
370665244 6765 
370672009 2584 
370674593 233 
370674826 13 
370674839 2 
370674841 3095377 
373770218 386927 
374157145 75025 
374232170 28657 
374260827 6765 
374267592 1597 
374269189 377 
374269566 13 
374269579 3 
374269582 1 
374269583 386927 
374656510 196418 
374852928 10946 
374863874 1597 
374865471 610 
374866081 233 
374866314 89 
374866403 13 
374866416 1 
374866417 1160768 
376027185 386927 
376414112 75025 
376489137 17711 
376506848 6765 
376513613 377 
376513990 144 
376514134 55 
376514189 2 
376514191 1160768 
377674959 364179 
378039138 4181 
378043319 1597 
378044916 377 
378045293 89 
378045382 34 
378045416 3 
378045419 196418 
378241837 75025 
378316862 17711 
378334573 4181 
378338754 89 
378338843 21 
378338864 5 
378338869 4752379 
383091248 1934609 
385025857 386927 
385412784 75025 
385487809 10946 
385498755 2584 
385501339 610 
385501949 89 
385502038 34 
385502072 8 
385502080 3 
385502083 75025 
385577108 4181 
385581289 987 
385582276 55 
385582331 21 
385582352 8 
385582360 3 
385582363 386927 
385969290 317811 
386287101 10946 
386298047 2584 
386300631 987 
386301618 144 
386301762 55 
386301817 8 
386301825 2 
386301827 4752379 
391054206 1934609 
392988815 773841 
393762656 196418 
393959074 75025 
394034099 6765 
394040864 89 
394040953 34 
394040987 13 
394041000 5 
394041005 2 
394041007 317811 
394358818 28657 
394387475 6765 
394394240 2584 
394396824 55 
394396879 3 
394396882 1 
394396883 3095377 
397492260 773841 
398266101 10946 
398277047 377 
398277424 55 
398277479 13 
398277492 5 
398277497 773841 
399051338 196418 
399247756 46368 
399294124 10946 
399305070 1597 
399306667 89 
399306756 8 
399306764 3 
399306767 28657 
399335424 4181 
399339605 610 
399340215 233 
399340448 89 
399340537 34 
399340571 8 
399340579 3 
399340582 1 
399340583 17711 
399358294 2584 
399360878 144 
399361022 55 
399361077 21 
399361098 5 
399361103 1160768 
400521871 75025 
400596896 10946 
400607842 4181 
400612023 1597 
400613620 34 
400613654 13 
400613667 2 
400613669 3095377 
403709046 773841 
404482887 17711 
404500598 6765 
404507363 2584 
404509947 144 
404510091 21 
404510112 8 
404510120 3 
404510123 386927 
404897050 75025 
404972075 28657 
405000732 6765 
405007497 2584 
405010081 89 
405010170 34 
405010204 13 
405010217 2 
405010219 1160768 
406170987 386927 
406557914 17711 
406575625 6765 
406582390 2584 
406584974 233 
406585207 34 
406585241 5 
406585246 1 
406585247 381890 
406967137 377 
406967514 55 
406967569 21 
406967590 1 
406967591 196418 
407164009 75025 
407239034 28657 
407267691 2584 
407270275 987 
407271262 144 
407271406 5 
407271411 2 
407271413 1934609 
409206022 773841 
409979863 46368 
410026231 987 
410027218 55 
410027273 13 
410027286 5 
410027291 121393 
410148684 28657 
410177341 10946 
410188287 4181 
410192468 1597 
410194065 21 
410194086 1 
410194087 3095377 
413289464 386927 
413676391 75025 
413751416 17711 
413769127 6765 
413775892 2584 
413778476 377 
413778853 8 
413778861 2 
413778863 1934609 
415713472 386927 
416100399 317811 
416418210 17711 
416435921 4181 
416440102 987 
416441089 377 
416441466 144 
416441610 55 
416441665 13 
416441678 3 
416441681 1934609 
418376290 773841 
419150131 121393 
419271524 28657 
419300181 6765 
419306946 2584 
419309530 610 
419310140 144 
419310284 55 
419310339 2 
419310341 3095377 
422405718 196418 
422602136 75025 
422677161 6765 
422683926 2584 
422686510 21 
422686531 8 
422686539 2 
422686541 1160768 
423847309 196418 
424043727 10946 
424054673 4181 
424058854 233 
424059087 55 
424059142 8 
424059150 1 
424059151 773841 
424832992 46368 
424879360 10946 
424890306 1597 
424891903 610 
424892513 233 
424892746 55 
424892801 8 
424892809 3 
424892812 1 
424892813 386927 
425279740 121393 
425401133 17711 
425418844 6765 
425425609 377 
425425986 144 
425426130 34 
425426164 13 
425426177 2 
425426179 1934609 
427360788 773841 
428134629 46368 
428180997 4181 
428185178 144 
428185322 55 
428185377 13 
428185390 5 
428185395 2 
428185397 1160768 
429346165 121393 
429467558 17711 
429485269 6765 
429492034 1597 
429493631 377 
429494008 13 
429494021 5 
429494026 1 
429494027 10946 
429504973 4181 
429509154 1597 
429510751 610 
429511361 233 
429511594 34 
429511628 3 
429511631 196418 
429708049 75025 
429783074 17711 
429800785 4181 
429804966 1597 
429806563 610 
429807173 13 
429807186 5 
429807191 2 
429807193 28657 
429835850 10946 
429846796 4181 
429850977 1597 
429852574 610 
429853184 55 
429853239 13 
429853252 1 
429853253 773841 
430627094 196418 
430823512 28657 
430852169 10946 
430863115 4181 
430867296 1597 
430868893 3 
430868896 1 
430868897 386927 
431255824 121393 
431377217 10946 
431388163 610 
431388773 8 
431388781 386927 
431775708 121393 
431897101 46368 
431943469 17711 
431961180 4181 
431965361 1597 
431966958 610 
431967568 233 
431967801 89 
431967890 34 
431967924 13 
431967937 3 
431967940 1 
431967941 1934609 
433902550 386927 
434289477 121393 
434410870 46368 
434457238 10946 
434468184 987 
434469171 377 
434469548 144 
434469692 8 
434469700 3 
434469703 386927 
434856630 10946 
434867576 2584 
434870160 987 
434871147 377 
434871524 144 
434871668 55 
434871723 13 
434871736 5 
434871741 2 
434871743 773841 
435645584 196418 
435842002 46368 
435888370 4181 
435892551 1597 
435894148 610 
435894758 89 
435894847 21 
435894868 1 
435894869 46368 
435941237 17711 
435958948 6765 
435965713 377 
435966090 144 
435966234 21 
435966255 3 
435966258 1 
435966259 1934609 
437900868 75025 
437975893 28657 
438004550 10946 
438015496 1597 
438017093 610 
438017703 233 
438017936 89 
438018025 13 
438018038 3 
438018041 75025 
438093066 28657 
438121723 4181 
438125904 610 
438126514 233 
438126747 55 
438126802 1 
438126803 386927 
438513730 196418 
438710148 1597 
438711745 144 
438711889 34 
438711923 13 
438711936 5 
438711941 2 
438711943 1160768 
439872711 196418 
440069129 17711 
440086840 55 
440086895 8 
440086903 121393 
440208296 10946 
440219242 4181 
440223423 610 
440224033 89 
440224122 8 
440224130 3 
440224133 3095377 
443319510 386927 
443706437 75025 
443781462 28657 
443810119 10946 
443821065 233 
443821298 89 
443821387 773841 
444595228 196418 
444791646 46368 
444838014 17711 
444855725 610 
444856335 233 
444856568 89 
444856657 34 
444856691 2 
444856693 386927 
445243620 121393 
445365013 46368 
445411381 4181 
445415562 987 
445416549 89 
445416638 21 
445416659 8 
445416667 1934609 
447351276 121393 
447472669 17711 
447490380 21 
447490401 8 
447490409 2 
447490411 386927 
447877338 46368 
447923706 6765 
447930471 1597 
447932068 377 
447932445 34 
447932479 13 
447932492 5 
447932497 1160768 
449093265 196418 
449289683 75025 
449364708 10946 
449375654 987 
449376641 144 
449376785 21 
449376806 8 
449376814 3 
449376817 46368 
449423185 10946 
449434131 4181 
449438312 377 
449438689 144 
449438833 55 
449438888 5 
449438893 4752379 
454191272 1160768 
455352040 196418 
455548458 46368 
455594826 4181 
455599007 987 
455599994 233 
455600227 55 
455600282 21 
455600303 8 
455600311 121393 
455721704 46368 
455768072 17711 
455785783 1597 
455787380 610 
455787990 233 
455788223 8 
455788231 773841 
456562072 46368 
456608440 4181 
456612621 987 
456613608 233 
456613841 5 
456613846 1 
456613847 773841 
457387688 121393 
457509081 28657 
457537738 1597 
457539335 610 
457539945 89 
457540034 3 
457540037 1160768 
458700805 386927 
459087732 196418 
459284150 46368 
459330518 10946 
459341464 2584 
459344048 610 
459344658 89 
459344747 21 
459344768 5 
459344773 773841 
460118614 46368 
460164982 17711 
460182693 4181 
460186874 987 
460187861 55 
460187916 21 
460187937 8 
460187945 2 
460187947 317811 
460505758 17711 
460523469 1597 
460525066 55 
460525121 21 
460525142 5 
460525147 386927 
460912074 46368 
460958442 10946 
460969388 987 
460970375 233 
460970608 21 
460970629 8 
460970637 2 
460970639 1934609 
462905248 46368 
462951616 10946 
462962562 2584 
462965146 987 
462966133 377 
462966510 144 
462966654 21 
462966675 2 
462966677 317811 
463284488 10946 
463295434 4181 
463299615 1597 
463301212 233 
463301445 55 
463301500 5 
463301505 2 
463301507 4643072 
467944579 46368 
467990947 4181 
467995128 1597 
467996725 610 
467997335 89 
467997424 21 
467997445 3 
467997448 1 
467997449 1934609 
469932058 386927 
470318985 75025 
470394010 6765 
470400775 1597 
470402372 55 
470402427 13 
470402440 1 
470402441 773841 
471176282 121393 
471297675 17711 
471315386 987 
471316373 377 
471316750 144 
471316894 34 
471316928 5 
471316933 1160768 
472477701 317811 
472795512 2584 
472798096 987 
472799083 144 
472799227 55 
472799282 21 
472799303 8 
472799311 1934609 
474733920 381890 
475115810 2584 
475118394 987 
475119381 89 
475119470 34 
475119504 13 
475119517 75025 
475194542 4181 
475198723 89 
475198812 34 
475198846 13 
475198859 773841 
475972700 196418 
476169118 46368 
476215486 6765 
476222251 233 
476222484 55 
476222539 21 
476222560 1 
476222561 4752379 
480974940 1934609 
482909549 17711 
482927260 987 
482928247 377 
482928624 89 
482928713 13 
482928726 1 
482928727 4752379 
487681106 28657 
487709763 6765 
487716528 610 
487717138 233 
487717371 34 
487717405 5 
487717410 1 
487717411 4752379 
492469790 1934609 
494404399 773841 
495178240 196418 
495374658 17711 
495392369 2584 
495394953 610 
495395563 144 
495395707 34 
495395741 8 
495395749 3095377 
498491126 10946 
498502072 2584 
498504656 233 
498504889 55 
498504944 8 
498504952 1 
498504953 3095377 
501600330 121393 
501721723 28657 
501750380 10946 
501761326 2584 
501763910 233 
501764143 89 
501764232 5 
501764237 2 
501764239 386927 
502151166 121393 
502272559 46368 
502318927 17711 
502336638 6765 
502343403 1597 
502345000 610 
502345610 233 
502345843 89 
502345932 34 
502345966 5 
502345971 2 
502345973 1934609 
504280582 386927 
504667509 196418 
504863927 75025 
504938952 28657 
504967609 4181 
504971790 377 
504972167 89 
504972256 21 
504972277 8 
504972285 3 
504972288 1 
504972289 196418 
505168707 75025 
505243732 17711 
505261443 4181 
505265624 144 
505265768 55 
505265823 8 
505265831 2 
505265833 4752379 
510018212 386927 
510405139 75025 
510480164 28657 
510508821 6765 
510515586 2584 
510518170 987 
510519157 233 
510519390 89 
510519479 34 
510519513 3 
510519516 1 
510519517 1160768 
511680285 196418 
511876703 17711 
511894414 2584 
511896998 233 
511897231 5 
511897236 1 
511897237 773841 
512671078 987 
512672065 55 
512672120 21 
512672141 2 
512672143 364179 
513036322 10946 
513047268 2584 
513049852 377 
513050229 144 
513050373 55 
513050428 21 
513050449 3 
513050452 1 
513050453 386927 
513437380 75025 
513512405 28657 
513541062 10946 
513552008 610 
513552618 34 
513552652 5 
513552657 2 
513552659 386927 
513939586 121393 
514060979 4181 
514065160 1597 
514066757 377 
514067134 89 
514067223 34 
514067257 3 
514067260 1 
514067261 1160768 
515228029 121393 
515349422 46368 
515395790 10946 
515406736 4181 
515410917 233 
515411150 34 
515411184 5 
515411189 2 
515411191 1934609 
517345800 75025 
517420825 28657 
517449482 6765 
517456247 2584 
517458831 144 
517458975 21 
517458996 5 
517459001 2 
517459003 1160768 
518619771 386927 
519006698 46368 
519053066 10946 
519064012 2584 
519066596 233 
519066829 89 
519066918 34 
519066952 5 
519066957 2 
519066959 4752379 
523819338 3095377 
526914715 196418 
527111133 46368 
527157501 17711 
527175212 4181 
527179393 610 
527180003 233 
527180236 13 
527180249 4256145 
531436394 196418 
531632812 75025 
531707837 28657 
531736494 6765 
531743259 2584 
531745843 987 
531746830 55 
531746885 13 
531746898 1 
531746899 773841 
532520740 28657 
532549397 2584 
532551981 987 
532552968 55 
532553023 3 
532553026 1 
532553027 28657 
532581684 4181 
532585865 1597 
532587462 1 
532587463 1934609 
534522072 196418 
534718490 10946 
534729436 1597 
534731033 377 
534731410 21 
534731431 8 
534731439 2 
534731441 121393 
534852834 28657 
534881491 10946 
534892437 2584 
534895021 987 
534896008 233 
534896241 21 
534896262 5 
534896267 2 
534896269 3095377 
537991646 773841 
538765487 317811 
539083298 28657 
539111955 4181 
539116136 1597 
539117733 233 
539117966 34 
539118000 13 
539118013 3 
539118016 1 
539118017 773841 
539891858 364179 
540256037 6765 
540262802 2584 
540265386 233 
540265619 89 
540265708 1 
540265709 386927 
540652636 196418 
540849054 6765 
540855819 2584 
540858403 377 
540858780 144 
540858924 34 
540858958 13 
540858971 2 
540858973 3095377 
543954350 196418 
544150768 75025 
544225793 28657 
544254450 6765 
544261215 2584 
544263799 89 
544263888 21 
544263909 3 
544263912 1 
544263913 1934609 
546198522 773841 
546972363 196418 
547168781 28657 
547197438 144 
547197582 34 
547197616 1 
547197617 773841 
547971458 4181 
547975639 1597 
547977236 610 
547977846 233 
547978079 8 
547978087 773841 
548751928 28657 
548780585 10946 
548791531 4181 
548795712 610 
548796322 233 
548796555 34 
548796589 3 
548796592 1 
548796593 773841 
549570434 46368 
549616802 4181 
549620983 1597 
549622580 610 
549623190 144 
549623334 55 
549623389 21 
549623410 1 
549623411 386927 
550010338 364179 
550374517 10946 
550385463 2584 
550388047 55 
550388102 21 
550388123 8 
550388131 121393 
550509524 46368 
550555892 10946 
550566838 4181 
550571019 1597 
550572616 610 
550573226 233 
550573459 34 
550573493 8 
550573501 386927 
550960428 196418 
551156846 17711 
551174557 1597 
551176154 144 
551176298 55 
551176353 13 
551176366 3 
551176369 773841 
551950210 121393 
552071603 46368 
552117971 17711 
552135682 1597 
552137279 144 
552137423 55 
552137478 13 
552137491 3095377 
555232868 386927 
555619795 46368 
555666163 10946 
555677109 610 
555677719 34 
555677753 8 
555677761 3095377 
558773138 386927 
559160065 121393 
559281458 46368 
559327826 10946 
559338772 4181 
559342953 1597 
559344550 144 
559344694 55 
559344749 13 
559344762 1 
559344763 46368 
559391131 10946 
559402077 2584 
559404661 233 
559404894 89 
559404983 13 
559404996 1 
559404997 121393 
559526390 28657 
559555047 144 
559555191 55 
559555246 21 
559555267 8 
559555275 2 
559555277 1160768 
560716045 386927 
561102972 364179 
561467151 6765 
561473916 987 
561474903 144 
561475047 34 
561475081 5 
561475086 1 
561475087 1160768 
562635855 75025 
562710880 28657 
562739537 6765 
562746302 1597 
562747899 377 
562748276 89 
562748365 8 
562748373 3 
562748376 1 
562748377 28657 
562777034 2584 
562779618 987 
562780605 89 
562780694 34 
562780728 13 
562780741 5 
562780746 1 
562780747 386927 
563167674 317811 
563485485 17711 
563503196 4181 
563507377 144 
563507521 8 
563507529 2 
563507531 773841 
564281372 196418 
564477790 75025 
564552815 28657 
564581472 4181 
564585653 1597 
564587250 144 
564587394 55 
564587449 773841 
565361290 121393 
565482683 28657 
565511340 10946 
565522286 610 
565522896 89 
565522985 34 
565523019 13 
565523032 1 
565523033 4181 
565527214 1597 
565528811 144 
565528955 8 
565528963 386927 
565915890 317811 
566233701 17711 
566251412 4181 
566255593 1597 
566257190 377 
566257567 144 
566257711 21 
566257732 1 
566257733 773841 
567031574 75025 
567106599 4181 
567110780 1597 
567112377 610 
567112987 233 
567113220 13 
567113233 3 
567113236 1 
567113237 196418 
567309655 46368 
567356023 2584 
567358607 610 
567359217 89 
567359306 13 
567359319 2 
567359321 386927 
567746248 381890 
568128138 2584 
568130722 13 
568130735 2 
568130737 4752379 
572883116 386927 
573270043 364179 
573634222 987 
573635209 377 
573635586 34 
573635620 13 
573635633 5 
573635638 1 
573635639 773841 
574409480 196418 
574605898 28657 
574634555 4181 
574638736 1597 
574640333 21 
574640354 5 
574640359 773841 
575414200 121393 
575535593 46368 
575581961 17711 
575599672 6765 
575606437 987 
575607424 55 
575607479 21 
575607500 8 
575607508 3 
575607511 1160768 
576768279 196418 
576964697 17711 
576982408 377 
576982785 2 
576982787 121393 
577104180 17711 
577121891 6765 
577128656 2584 
577131240 610 
577131850 89 
577131939 34 
577131973 3 
577131976 1 
577131977 1934609 
579066586 386927 
579453513 364179 
579817692 10946 
579828638 1597 
579830235 610 
579830845 144 
579830989 34 
579831023 13 
579831036 5 
579831041 4752379 
584583420 10946 
584594366 1597 
584595963 377 
584596340 144 
584596484 21 
584596505 8 
584596513 3 
584596516 1 
584596517 4752379 
589348896 773841 
590122737 196418 
590319155 4181 
590323336 1597 
590324933 89 
590325022 21 
590325043 8 
590325051 2 
590325053 196418 
590521471 17711 
590539182 6765 
590545947 2584 
590548531 233 
590548764 55 
590548819 8 
590548827 3 
590548830 1 
590548831 196418 
590745249 75025 
590820274 10946 
590831220 377 
590831597 89 
590831686 13 
590831699 2 
590831701 1160768 
591992469 386927 
592379396 121393 
592500789 17711 
592518500 6765 
592525265 1597 
592526862 377 
592527239 21 
592527260 8 
592527268 1 
592527269 1160768 
593688037 386927 
594074964 28657 
594103621 10946 
594114567 2584 
594117151 987 
594118138 55 
594118193 13 
594118206 1 
594118207 773841 
594892048 28657 
594920705 10946 
594931651 610 
594932261 144 
594932405 55 
594932460 1 
594932461 3095377 
598027838 773841 
598801679 46368 
598848047 17711 
598865758 2584 
598868342 987 
598869329 233 
598869562 89 
598869651 34 
598869685 13 
598869698 3 
598869701 121393 
598991094 6765 
598997859 2584 
599000443 34 
599000477 8 
599000485 3 
599000488 1 
599000489 773841 
599774330 196418 
599970748 75025 
600045773 10946 
600056719 377 
600057096 55 
600057151 13 
600057164 5 
600057169 1934609 
601991778 386927 
602378705 317811 
602696516 28657 
602725173 4181 
602729354 1597 
602730951 144 
602731095 2 
602731097 1160768 
603891865 386927 
604278792 196418 
604475210 10946 
604486156 1597 
604487753 610 
604488363 233 
604488596 89 
604488685 34 
604488719 8 
604488727 317811 
604806538 10946 
604817484 2584 
604820068 987 
604821055 377 
604821432 144 
604821576 13 
604821589 4752379 
609573968 386927 
609960895 6765 
609967660 1597 
609969257 610 
609969867 233 
609970100 55 
609970155 2 
609970157 3095377 
613065534 773841 
613839375 121393 
613960768 28657 
613989425 4181 
613993606 610 
613994216 144 
613994360 55 
613994415 3 
613994418 1 
613994419 3095377 
617089796 386927 
617476723 121393 
617598116 4181 
617602297 610 
617602907 144 
617603051 55 
617603106 13 
617603119 3 
617603122 1 
617603123 1934609 
619537732 386927 
619924659 121393 
620046052 46368 
620092420 4181 
620096601 1597 
620098198 610 
620098808 55 
620098863 21 
620098884 5 
620098889 2 
620098891 386927 
620485818 196418 
620682236 75025 
620757261 28657 
620785918 6765 
620792683 987 
620793670 144 
620793814 21 
620793835 8 
620793843 3 
620793846 1 
620793847 4752379 
625546226 386927 
625933153 28657 
625961810 233 
625962043 55 
625962098 21 
625962119 8 
625962127 3 
625962130 1 
625962131 386927 
626349058 46368 
626395426 17711 
626413137 6765 
626419902 987 
626420889 233 
626421122 55 
626421177 21 
626421198 8 
626421206 3 
626421209 1160768 
627581977 386927 
627968904 28657 
627997561 10946 
628008507 987 
628009494 377 
628009871 89 
628009960 13 
628009973 121393 
628131366 233 
628131599 89 
628131688 34 
628131722 13 
628131735 2 
628131737 75025 
628206762 4181 
628210943 1597 
628212540 610 
628213150 144 
628213294 13 
628213307 2 
628213309 773841 
628987150 75025 
629062175 28657 
629090832 10946 
629101778 4181 
629105959 610 
629106569 89 
629106658 34 
629106692 13 
629106705 2 
629106707 1160768 
630267475 196418 
630463893 75025 
630538918 4181 
630543099 987 
630544086 55 
630544141 75025 
630619166 17711 
630636877 6765 
630643642 2584 
630646226 610 
630646836 89 
630646925 21 
630646946 8 
630646954 3 
630646957 121393 
630768350 10946 
630779296 1597 
630780893 377 
630781270 55 
630781325 8 
630781333 3 
630781336 1 
630781337 1160768 
631942105 196418 
632138523 28657 
632167180 6765 
632173945 377 
632174322 55 
632174377 5 
632174382 1 
632174383 317811 
632492194 1597 
632493791 610 
632494401 233 
632494634 89 
632494723 5 
632494728 1 
632494729 386927 
632881656 317811 
633199467 28657 
633228124 6765 
633234889 1597 
633236486 377 
633236863 144 
633237007 8 
633237015 3 
633237018 1 
633237019 3095377 
636332396 773841 
637106237 121393 
637227630 10946 
637238576 4181 
637242757 987 
637243744 89 
637243833 34 
637243867 8 
637243875 3 
637243878 1 
637243879 121393 
637365272 1597 
637366869 233 
637367102 89 
637367191 5 
637367196 1 
637367197 4752379 
642119576 3095377 
645214953 75025 
645289978 17711 
645307689 4181 
645311870 1597 
645313467 610 
645314077 144 
645314221 55 
645314276 5 
645314281 1160768 
646475049 317811 
646792860 10946 
646803806 987 
646804793 377 
646805170 89 
646805259 8 
646805267 1160768 
647966035 386927 
648352962 46368 
648399330 6765 
648406095 233 
648406328 8 
648406336 1 
648406337 75025 
648481362 17711 
648499073 987 
648500060 377 
648500437 34 
648500471 2 
648500473 1160768 
649661241 386927 
650048168 121393 
650169561 46368 
650215929 17711 
650233640 6765 
650240405 2584 
650242989 377 
650243366 89 
650243455 8 
650243463 3 
650243466 1 
650243467 386927 
650630394 121393 
650751787 28657 
650780444 10946 
650791390 377 
650791767 89 
650791856 34 
650791890 8 
650791898 3 
650791901 121393 
650913294 46368 
650959662 4181 
650963843 1597 
650965440 610 
650966050 34 
650966084 5 
650966089 1160768 
652126857 386927 
652513784 46368 
652560152 10946 
652571098 1597 
652572695 610 
652573305 233 
652573538 89 
652573627 34 
652573661 13 
652573674 5 
652573679 2 
652573681 1934609 
654508290 386927 
654895217 46368 
654941585 6765 
654948350 610 
654948960 8 
654948968 3 
654948971 386927 
655335898 75025 
655410923 10946 
655421869 2584 
655424453 144 
655424597 55 
655424652 8 
655424660 3 
655424663 1160768 
656585431 317811 
656903242 28657 
656931899 1597 
656933496 610 
656934106 21 
656934127 8 
656934135 2 
656934137 1934609 
658868746 121393 
658990139 28657 
659018796 6765 
659025561 1597 
659027158 610 
659027768 144 
659027912 55 
659027967 13 
659027980 1 
659027981 46368 
659074349 17711 
659092060 4181 
659096241 1597 
659097838 55 
659097893 21 
659097914 3 
659097917 1934609 
661032526 10946 
661043472 1597 
661045069 610 
661045679 144 
661045823 55 
661045878 21 
661045899 8 
661045907 3095377 
664141284 773841 
664915125 196418 
665111543 46368 
665157911 17711 
665175622 6765 
665182387 1597 
665183984 144 
665184128 55 
665184183 13 
665184196 5 
665184201 2 
665184203 1160768 
666344971 386927 
666731898 196418 
666928316 10946 
666939262 1597 
666940859 610 
666941469 233 
666941702 34 
666941736 8 
666941744 3 
666941747 1934609 
668876356 773841 
669650197 196418 
669846615 10946 
669857561 2584 
669860145 89 
669860234 34 
669860268 13 
669860281 5 
669860286 1 
669860287 386927 
670247214 121393 
670368607 28657 
670397264 1597 
670398861 610 
670399471 89 
670399560 13 
670399573 5 
670399578 1 
670399579 196418 
670595997 6765 
670602762 987 
670603749 233 
670603982 21 
670604003 5 
670604008 1 
670604009 3095377 
673699386 46368 
673745754 17711 
673763465 6765 
673770230 1597 
673771827 377 
673772204 144 
673772348 21 
673772369 386927 
674159296 121393 
674280689 46368 
674327057 17711 
674344768 6765 
674351533 2584 
674354117 987 
674355104 377 
674355481 55 
674355536 21 
674355557 8 
674355565 3 
674355568 1 
674355569 1934609 
676290178 386927 
676677105 196418 
676873523 75025 
676948548 10946 
676959494 1597 
676961091 377 
676961468 144 
676961612 55 
676961667 2 
676961669 386927 
677348596 46368 
677394964 10946 
677405910 2584 
677408494 377 
677408871 89 
677408960 8 
677408968 1 
677408969 1160768 
678569737 386927 
678956664 28657 
678985321 10946 
678996267 2584 
678998851 610 
678999461 233 
678999694 55 
678999749 21 
678999770 3 
678999773 1934609 
680934382 317811 
681252193 4181 
681256374 1597 
681257971 377 
681258348 1 
681258349 3095377 
684353726 773841 
685127567 196418 
685323985 46368 
685370353 10946 
685381299 987 
685382286 377 
685382663 89 
685382752 5 
685382757 2 
685382759 386927 
685769686 196418 
685966104 28657 
685994761 2584 
685997345 987 
685998332 377 
685998709 144 
685998853 55 
685998908 5 
685998913 28657 
686027570 10946 
686038516 4181 
686042697 1597 
686044294 610 
686044904 89 
686044993 5 
686044998 1 
686044999 196418 
686241417 17711 
686259128 6765 
686265893 2584 
686268477 610 
686269087 8 
686269095 3 
686269098 1 
686269099 773841 
687042940 196418 
687239358 610 
687239968 89 
687240057 13 
687240070 5 
687240075 2 
687240077 1160768 
688400845 386927 
688787772 196418 
688984190 75025 
689059215 28657 
689087872 4181 
689092053 233 
689092286 89 
689092375 34 
689092409 8 
689092417 3 
689092420 1 
689092421 773841 
689866262 196418 
690062680 28657 
690091337 10946 
690102283 1597 
690103880 144 
690104024 55 
690104079 8 
690104087 2 
690104089 1934609 
692038698 773841 
692812539 28657 
692841196 1597 
692842793 233 
692843026 21 
692843047 8 
692843055 3 
692843058 1 
692843059 196418 
693039477 46368 
693085845 2584 
693088429 377 
693088806 89 
693088895 13 
693088908 1 
693088909 1934609 
695023518 317811 
695341329 28657 
695369986 6765 
695376751 144 
695376895 34 
695376929 13 
695376942 5 
695376947 2 
695376949 75025 
695451974 28657 
695480631 6765 
695487396 377 
695487773 55 
695487828 21 
695487849 8 
695487857 1160768 
696648625 386927 
697035552 196418 
697231970 75025 
697306995 28657 
697335652 6765 
697342417 2584 
697345001 987 
697345988 89 
697346077 21 
697346098 8 
697346106 1 
697346107 1160768 
698506875 196418 
698703293 28657 
698731950 10946 
698742896 4181 
698747077 987 
698748064 233 
698748297 55 
698748352 1 
698748353 1934609 
700682962 386927 
701069889 121393 
701191282 46368 
701237650 6765 
701244415 1597 
701246012 610 
701246622 233 
701246855 89 
701246944 34 
701246978 3 
701246981 17711 
701264692 4181 
701268873 987 
701269860 233 
701270093 89 
701270182 21 
701270203 5 
701270208 1 
701270209 4752379 
706022588 773841 
706796429 364179 
707160608 6765 
707167373 144 
707167517 55 
707167572 8 
707167580 3 
707167583 773841 
707941424 196418 
708137842 46368 
708184210 6765 
708190975 2584 
708193559 233 
708193792 1 
708193793 386927 
708580720 121393 
708702113 987 
708703100 233 
708703333 89 
708703422 13 
708703435 5 
708703440 1 
708703441 1160768 
709864209 386927 
710251136 121393 
710372529 28657 
710401186 10946 
710412132 4181 
710416313 987 
710417300 377 
710417677 34 
710417711 5 
710417716 1 
710417717 773841 
711191558 46368 
711237926 10946 
711248872 4181 
711253053 987 
711254040 144 
711254184 34 
711254218 13 
711254231 5 
711254236 1 
711254237 1160768 
712415005 196418 
712611423 28657 
712640080 10946 
712651026 2584 
712653610 987 
712654597 89 
712654686 8 
712654694 3 
712654697 1160768 
713815465 121393 
713936858 28657 
713965515 6765 
713972280 2584 
713974864 987 
713975851 233 
713976084 55 
713976139 13 
713976152 5 
713976157 121393 
714097550 10946 
714108496 1597 
714110093 610 
714110703 89 
714110792 34 
714110826 13 
714110839 3 
714110842 1 
714110843 317811 
714428654 6765 
714435419 144 
714435563 8 
714435571 4752379 
719187950 773841 
719961791 75025 
720036816 2584 
720039400 610 
720040010 233 
720040243 3 
720040246 1 
720040247 386927 
720427174 196418 
720623592 46368 
720669960 17711 
720687671 4181 
720691852 987 
720692839 144 
720692983 34 
720693017 13 
720693030 1 
720693031 1160768 
721853799 386927 
722240726 46368 
722287094 17711 
722304805 2584 
722307389 987 
722308376 377 
722308753 34 
722308787 121393 
722430180 46368 
722476548 17711 
722494259 2584 
722496843 610 
722497453 233 
722497686 55 
722497741 13 
722497754 3 
722497757 386927 
722884684 75025 
722959709 28657 
722988366 6765 
722995131 233 
722995364 34 
722995398 13 
722995411 3095377 
726090788 386927 
726477715 121393 
726599108 2584 
726601692 144 
726601836 55 
726601891 13 
726601904 3 
726601907 1934609 
728536516 386927 
728923443 46368 
728969811 10946 
728980757 2584 
728983341 377 
728983718 89 
728983807 34 
728983841 5 
728983846 1 
728983847 386927 
729370774 317811 
729688585 28657 
729717242 4181 
729721423 1597 
729723020 610 
729723630 233 
729723863 89 
729723952 21 
729723973 5 
729723978 1 
729723979 1934609 
731658588 196418 
731855006 46368 
731901374 6765 
731908139 2584 
731910723 987 
731911710 377 
731912087 34 
731912121 2 
731912123 1160768 
733072891 386927 
733459818 196418 
733656236 46368 
733702604 10946 
733713550 2584 
733716134 987 
733717121 144 
733717265 34 
733717299 2 
733717301 196418 
733913719 46368 
733960087 17711 
733977798 4181 
733981979 1597 
733983576 610 
733984186 89 
733984275 34 
733984309 3 
733984312 1 
733984313 773841 
734758154 46368 
734804522 17711 
734822233 6765 
734828998 2584 
734831582 610 
734832192 34 
734832226 3 
734832229 1160768 
735992997 386927 
736379924 46368 
736426292 17711 
736444003 4181 
736448184 1597 
736449781 610 
736450391 144 
736450535 55 
736450590 5 
736450595 2 
736450597 386927 
736837524 317811 
737155335 28657 
737183992 10946 
737194938 377 
737195315 34 
737195349 3 
737195352 1 
737195353 4752379 
741947732 1160768 
743108500 121393 
743229893 28657 
743258550 10946 
743269496 4181 
743273677 987 
743274664 377 
743275041 89 
743275130 34 
743275164 13 
743275177 317811 
743592988 10946 
743603934 2584 
743606518 987 
743607505 55 
743607560 21 
743607581 5 
743607586 1 
743607587 46368 
743653955 4181 
743658136 1597 
743659733 34 
743659767 3 
743659770 1 
743659771 773841 
744433612 196418 
744630030 28657 
744658687 10946 
744669633 4181 
744673814 987 
744674801 233 
744675034 13 
744675047 3095377 
747770424 46368 
747816792 17711 
747834503 6765 
747841268 2584 
747843852 987 
747844839 377 
747845216 144 
747845360 21 
747845381 1160768 
749006149 196418 
749202567 46368 
749248935 17711 
749266646 6765 
749273411 987 
749274398 89 
749274487 34 
749274521 121393 
749395914 28657 
749424571 6765 
749431336 2584 
749433920 987 
749434907 377 
749435284 34 
749435318 3 
749435321 1160768 
750596089 121393 
750717482 6765 
750724247 1597 
750725844 233 
750726077 55 
750726132 1 
750726133 773841 
751499974 196418 
751696392 28657 
751725049 10946 
751735995 987 
751736982 34 
751737016 1 
751737017 386927 
752123944 317811 
752441755 4181 
752445936 1597 
752447533 610 
752448143 233 
752448376 89 
752448465 2 
752448467 386927 
752835394 121393 
752956787 46368 
753003155 6765 
753009920 1597 
753011517 233 
753011750 34 
753011784 13 
753011797 3 
753011800 1 
753011801 386927 
753398728 196418 
753595146 75025 
753670171 28657 
753698828 6765 
753705593 2584 
753708177 987 
753709164 144 
753709308 34 
753709342 13 
753709355 2 
753709357 1160768 
754870125 386927 
755257052 196418 
755453470 75025 
755528495 17711 
755546206 6765 
755552971 2584 
755555555 610 
755556165 233 
755556398 55 
755556453 21 
755556474 5 
755556479 2 
755556481 75025 
755631506 28657 
755660163 10946 
755671109 4181 
755675290 987 
755676277 377 
755676654 89 
755676743 21 
755676764 3 
755676767 3095377 
758772144 196418 
758968562 10946 
758979508 4181 
758983689 1597 
758985286 233 
758985519 89 
758985608 5 
758985613 1160768 
760146381 386927 
760533308 196418 
760729726 17711 
760747437 1597 
760749034 377 
760749411 55 
760749466 1 
760749467 1934609 
762684076 121393 
762805469 17711 
762823180 2584 
762825764 610 
762826374 144 
762826518 55 
762826573 8 
762826581 2 
762826583 1160768 
763987351 386927 
764374278 46368 
764420646 17711 
764438357 4181 
764442538 987 
764443525 233 
764443758 21 
764443779 3 
764443782 1 
764443783 773841 
765217624 196418 
765414042 75025 
765489067 28657 
765517724 6765 
765524489 1597 
765526086 377 
765526463 89 
765526552 21 
765526573 5 
765526578 1 
765526579 1160768 
766687347 196418 
766883765 75025 
766958790 17711 
766976501 1597 
766978098 377 
766978475 89 
766978564 21 
766978585 5 
766978590 1 
766978591 1934609 
768913200 196418 
769109618 75025 
769184643 17711 
769202354 6765 
769209119 2584 
769211703 987 
769212690 233 
769212923 89 
769213012 34 
769213046 8 
769213054 3 
769213057 121393 
769334450 28657 
769363107 10946 
769374053 1597 
769375650 144 
769375794 13 
769375807 5 
769375812 1 
769375813 1160768 
770536581 386927 
770923508 196418 
771119926 75025 
771194951 28657 
771223608 1597 
771225205 610 
771225815 233 
771226048 55 
771226103 13 
771226116 1 
771226117 1160768 
772386885 386927 
772773812 121393 
772895205 46368 
772941573 6765 
772948338 1597 
772949935 377 
772950312 144 
772950456 55 
772950511 386927 
773337438 46368 
773383806 1597 
773385403 233 
773385636 55 
773385691 21 
773385712 8 
773385720 1 
773385721 773841 
774159562 364179 
774523741 10946 
774534687 610 
774535297 233 
774535530 55 
774535585 21 
774535606 5 
774535611 2 
774535613 1934609 
776470222 773841 
777244063 17711 
777261774 6765 
777268539 987 
777269526 144 
777269670 8 
777269678 3 
777269681 1160768 
778430449 386927 
778817376 28657 
778846033 6765 
778852798 1597 
778854395 377 
778854772 89 
778854861 34 
778854895 3 
778854898 1 
778854899 4752379 
783607278 17711 
783624989 2584 
783627573 987 
783628560 377 
783628937 55 
783628992 21 
783629013 3 
783629016 1 
783629017 386927 
784015944 10946 
784026890 4181 
784031071 21 
784031092 1 
784031093 386927 
784418020 317811 
784735831 6765 
784742596 1597 
784744193 610 
784744803 233 
784745036 55 
784745091 13 
784745104 3 
784745107 386927 
785132034 6765 
785138799 233 
785139032 34 
785139066 13 
785139079 3 
785139082 1 
785139083 1160768 
786299851 386927 
786686778 4181 
786690959 1597 
786692556 377 
786692933 34 
786692967 3 
786692970 1 
786692971 1934609 
788627580 773841 
789401421 46368 
789447789 4181 
789451970 1597 
789453567 610 
789454177 34 
789454211 5 
789454216 1 
789454217 386927 
789841144 75025 
789916169 17711 
789933880 6765 
789940645 1597 
789942242 144 
789942386 55 
789942441 21 
789942462 5 
789942467 2 
789942469 386927 
790329396 121393 
790450789 10946 
790461735 4181 
790465916 144 
790466060 21 
790466081 5 
790466086 1 
790466087 1160768 
791626855 386927 
792013782 317811 
792331593 28657 
792360250 10946 
792371196 987 
792372183 233 
792372416 34 
792372450 5 
792372455 2 
792372457 3095377 
795467834 773841 
796241675 196418 
796438093 75025 
796513118 2584 
796515702 610 
796516312 21 
796516333 3 
796516336 1 
796516337 1160768 
797677105 386927 
798064032 317811 
798381843 377 
798382220 144 
798382364 55 
798382419 21 
798382440 5 
798382445 2 
798382447 3095377 
801477824 386927 
801864751 121393 
801986144 46368 
802032512 10946 
802043458 4181 
802047639 987 
802048626 233 
802048859 2 
802048861 386927 
802435788 4181 
802439969 610 
802440579 144 
802440723 8 
802440731 4752379 
807193110 121393 
807314503 17711 
807332214 1597 
807333811 610 
807334421 233 
807334654 89 
807334743 8 
807334751 773841 
808108592 196418 
808305010 17711 
808322721 1597 
808324318 21 
808324339 386927 
808711266 75025 
808786291 1597 
808787888 377 
808788265 144 
808788409 34 
808788443 364179 
809152622 10946 
809163568 2584 
809166152 987 
809167139 144 
809167283 1160768 
810328051 386927 
810714978 364179 
811079157 10946 
811090103 1597 
811091700 610 
811092310 144 
811092454 13 
811092467 5 
811092472 1 
811092473 75025 
811167498 28657 
811196155 10946 
811207101 2584 
811209685 377 
811210062 55 
811210117 386927 
811597044 317811 
811914855 2584 
811917439 377 
811917816 89 
811917905 2 
811917907 196418 
812114325 46368 
812160693 6765 
812167458 377 
812167835 144 
812167979 55 
812168034 5 
812168039 2 
812168041 773841 
812941882 121393 
813063275 28657 
813091932 4181 
813096113 377 
813096490 89 
813096579 34 
813096613 3 
813096616 1 
813096617 386927 
813483544 75025 
813558569 987 
813559556 144 
813559700 8 
813559708 3 
813559711 386927 
813946638 317811 
814264449 4181 
814268630 55 
814268685 21 
814268706 5 
814268711 1934609 
816203320 364179 
816567499 10946 
816578445 4181 
816582626 610 
816583236 13 
816583249 386927 
816970176 317811 
817287987 17711 
817305698 6765 
817312463 610 
817313073 13 
817313086 3 
817313089 121393 
817434482 46368 
817480850 4181 
817485031 987 
817486018 89 
817486107 21 
817486128 8 
817486136 3 
817486139 773841 
818259980 121393 
818381373 10946 
818392319 2584 
818394903 987 
818395890 233 
818396123 21 
818396144 3 
818396147 1160768 
819556915 386927 
819943842 121393 
820065235 10946 
820076181 987 
820077168 377 
820077545 144 
820077689 13 
820077702 1 
820077703 75025 
820152728 28657 
820181385 610 
820181995 233 
820182228 89 
820182317 21 
820182338 5 
820182343 196418 
820378761 75025 
820453786 17711 
820471497 6765 
820478262 2584 
820480846 233 
820481079 55 
820481134 13 
820481147 4752379 
825233526 121393 
825354919 17711 
825372630 2584 
825375214 610 
825375824 144 
825375968 55 
825376023 21 
825376044 5 
825376049 2 
825376051 773841 
826149892 364179 
826514071 10946 
826525017 4181 
826529198 987 
826530185 34 
826530219 8 
826530227 1160768 
827690995 386927 
828077922 196418 
828274340 46368 
828320708 17711 
828338419 2584 
828341003 610 
828341613 144 
828341757 21 
828341778 5 
828341783 75025 
828416808 10946 
828427754 1597 
828429351 377 
828429728 89 
828429817 8 
828429825 2 
828429827 317811 
828747638 4181 
828751819 610 
828752429 144 
828752573 5 
828752578 1 
828752579 773841 
829526420 28657 
829555077 6765 
829561842 2584 
829564426 610 
829565036 144 
829565180 34 
829565214 5 
829565219 2 
829565221 75025 
829640246 17711 
829657957 6765 
829664722 610 
829665332 21 
829665353 5 
829665358 1 
829665359 1160768 
830826127 386927 
831213054 46368 
831259422 17711 
831277133 4181 
831281314 233 
831281547 34 
831281581 13 
831281594 5 
831281599 75025 
831356624 28657 
831385281 6765 
831392046 1597 
831393643 144 
831393787 21 
831393808 1 
831393809 386927 
831780736 121393 
831902129 46368 
831948497 17711 
831966208 4181 
831970389 1597 
831971986 377 
831972363 89 
831972452 34 
831972486 1 
831972487 3095377 
835067864 386927 
835454791 196418 
835651209 6765 
835657974 2584 
835660558 377 
835660935 89 
835661024 34 
835661058 5 
835661063 1934609 
837595672 386927 
837982599 196418 
838179017 46368 
838225385 2584 
838227969 144 
838228113 55 
838228168 8 
838228176 1 
838228177 1160768 
839388945 386927 
839775872 28657 
839804529 6765 
839811294 610 
839811904 89 
839811993 34 
839812027 8 
839812035 2 
839812037 1160768 
840972805 386927 
841359732 196418 
841556150 75025 
841631175 17711 
841648886 4181 
841653067 1597 
841654664 377 
841655041 89 
841655130 13 
841655143 5 
841655148 1 
841655149 1934609 
843589758 773841 
844363599 121393 
844484992 28657 
844513649 987 
844514636 377 
844515013 144 
844515157 21 
844515178 8 
844515186 1 
844515187 4752379 
849267566 1160768 
850428334 386927 
850815261 17711 
850832972 987 
850833959 377 
850834336 89 
850834425 2 
850834427 386927 
851221354 46368 
851267722 4181 
851271903 1597 
851273500 89 
851273589 34 
851273623 13 
851273636 5 
851273641 4752379 
856026020 317811 
856343831 10946 
856354777 4181 
856358958 377 
856359335 13 
856359348 5 
856359353 773841 
857133194 121393 
857254587 10946 
857265533 610 
857266143 233 
857266376 21 
857266397 8 
857266405 3 
857266408 1 
857266409 773841 
858040250 121393 
858161643 28657 
858190300 2584 
858192884 987 
858193871 233 
858194104 3 
858194107 1160768 
859354875 196418 
859551293 75025 
859626318 17711 
859644029 6765 
859650794 2584 
859653378 610 
859653988 89 
859654077 34 
859654111 8 
859654119 2 
859654121 773841 
860427962 75025 
860502987 4181 
860507168 1597 
860508765 377 
860509142 144 
860509286 34 
860509320 13 
860509333 5 
860509338 1 
860509339 386927 
860896266 121393 
861017659 17711 
861035370 4181 
861039551 144 
861039695 21 
861039716 3 
861039719 386927 
861426646 46368 
861473014 17711 
861490725 4181 
861494906 610 
861495516 144 
861495660 21 
861495681 2 
861495683 4752379 
866248062 773841 
867021903 121393 
867143296 10946 
867154242 2584 
867156826 987 
867157813 233 
867158046 89 
867158135 34 
867158169 8 
867158177 2 
867158179 773841 
867932020 196418 
868128438 75025 
868203463 4181 
868207644 987 
868208631 144 
868208775 21 
868208796 1 
868208797 773841 
868982638 28657 
869011295 4181 
869015476 233 
869015709 89 
869015798 34 
869015832 5 
869015837 364179 
869380016 1597 
869381613 89 
869381702 5 
869381707 196418 
869578125 75025 
869653150 17711 
869670861 987 
869671848 89 
869671937 21 
869671958 3 
869671961 773841 
870445802 196418 
870642220 75025 
870717245 28657 
870745902 10946 
870756848 4181 
870761029 144 
870761173 55 
870761228 21 
870761249 386927 
871148176 75025 
871223201 17711 
871240912 2584 
871243496 377 
871243873 55 
871243928 21 
871243949 8 
871243957 386927 
871630884 317811 
871948695 28657 
871977352 10946 
871988298 4181 
871992479 1597 
871994076 610 
871994686 144 
871994830 8 
871994838 1 
871994839 1160768 
873155607 317811 
873473418 10946 
873484364 4181 
873488545 987 
873489532 89 
873489621 34 
873489655 8 
873489663 3 
873489666 1 
873489667 3095377 
876585044 386927 
876971971 121393 
877093364 46368 
877139732 17711 
877157443 4181 
877161624 987 
877162611 144 
877162755 34 
877162789 386927 
877549716 196418 
877746134 46368 
877792502 610 
877793112 233 
877793345 55 
877793400 21 
877793421 8 
877793429 1160768 
878954197 386927 
879341124 196418 
879537542 75025 
879612567 17711 
879630278 6765 
879637043 610 
879637653 233 
879637886 55 
879637941 21 
879637962 8 
879637970 3 
879637973 386927 
880024900 317811 
880342711 17711 
880360422 1597 
880362019 610 
880362629 233 
880362862 8 
880362870 1 
880362871 773841 
881136712 121393 
881258105 46368 
881304473 17711 
881322184 6765 
881328949 1597 
881330546 610 
881331156 144 
881331300 21 
881331321 8 
881331329 2 
881331331 46368 
881377699 17711 
881395410 6765 
881402175 2584 
881404759 987 
881405746 377 
881406123 144 
881406267 8 
881406275 2 
881406277 773841 
882180118 317811 
882497929 28657 
882526586 4181 
882530767 610 
882531377 21 
882531398 8 
882531406 1 
882531407 773841 
883305248 196418 
883501666 17711 
883519377 6765 
883526142 233 
883526375 89 
883526464 8 
883526472 1 
883526473 1934609 
885461082 386927 
885848009 121393 
885969402 6765 
885976167 610 
885976777 89 
885976866 34 
885976900 13 
885976913 5 
885976918 1 
885976919 773841 
886750760 317811 
887068571 28657 
887097228 4181 
887101409 1597 
887103006 610 
887103616 144 
887103760 34 
887103794 5 
887103799 1160768 
888264567 386927 
888651494 317811 
888969305 17711 
888987016 987 
888988003 377 
888988380 8 
888988388 3 
888988391 386927 
889375318 46368 
889421686 17711 
889439397 4181 
889443578 55 
889443633 8 
889443641 773841 
890217482 196418 
890413900 28657 
890442557 10946 
890453503 2584 
890456087 610 
890456697 233 
890456930 55 
890456985 21 
890457006 5 
890457011 2 
890457013 1934609 
892391622 386927 
892778549 196418 
892974967 28657 
893003624 10946 
893014570 4181 
893018751 987 
893019738 377 
893020115 144 
893020259 34 
893020293 13 
893020306 1 
893020307 1934609 
894954916 386927 
895341843 317811 
895659654 17711 
895677365 377 
895677742 34 
895677776 3 
895677779 1934609 
897612388 196418 
897808806 75025 
897883831 28657 
897912488 10946 
897923434 4181 
897927615 1597 
897929212 21 
897929233 3 
897929236 1 
897929237 773841 
898703078 121393 
898824471 17711 
898842182 6765 
898848947 610 
898849557 89 
898849646 21 
898849667 5 
898849672 1 
898849673 1160768 
900010441 386927 
900397368 75025 
900472393 17711 
900490104 2584 
900492688 610 
900493298 233 
900493531 34 
900493565 5 
900493570 1 
900493571 4256145 
904749716 196418 
904946134 75025 
905021159 28657 
905049816 6765 
905056581 8 
905056589 386927 
905443516 121393 
905564909 46368 
905611277 6765 
905618042 2584 
905620626 144 
905620770 55 
905620825 21 
905620846 1 
905620847 4752379 
910373226 1934609 
912307835 196418 
912504253 75025 
912579278 1597 
912580875 377 
912581252 34 
912581286 8 
912581294 3 
912581297 121393 
912702690 17711 
912720401 2584 
912722985 987 
912723972 144 
912724116 21 
912724137 2 
912724139 1160768 
913884907 386927 
914271834 75025 
914346859 28657 
914375516 610 
914376126 144 
914376270 34 
914376304 13 
914376317 1934609 
916310926 773841 
917084767 121393 
917206160 46368 
917252528 2584 
917255112 377 
917255489 144 
917255633 21 
917255654 3 
917255657 1160768 
918416425 386927 
918803352 28657 
918832009 10946 
918842955 4181 
918847136 987 
918848123 55 
918848178 13 
918848191 121393 
918969584 28657 
918998241 377 
918998618 55 
918998673 13 
918998686 1 
918998687 773841 
919772528 196418 
919968946 75025 
920043971 4181 
920048152 987 
920049139 377 
920049516 89 
920049605 34 
920049639 3 
920049642 1 
920049643 386927 
920436570 28657 
920465227 2584 
920467811 610 
920468421 21 
920468442 5 
920468447 121393 
920589840 28657 
920618497 6765 
920625262 2584 
920627846 987 
920628833 13 
920628846 1 
920628847 386927 
921015774 121393 
921137167 17711 
921154878 987 
921155865 55 
921155920 5 
921155925 2 
921155927 3095377 
924251304 773841 
925025145 121393 
925146538 28657 
925175195 4181 
925179376 610 
925179986 89 
925180075 34 
925180109 8 
925180117 1160768 
926340885 386927 
926727812 10946 
926738758 1597 
926740355 89 
926740444 34 
926740478 5 
926740483 386927 
927127410 317811 
927445221 10946 
927456167 987 
927457154 377 
927457531 144 
927457675 55 
927457730 13 
927457743 3 
927457746 1 
927457747 1160768 
928618515 196418 
928814933 75025 
928889958 6765 
928896723 1597 
928898320 610 
928898930 89 
928899019 34 
928899053 13 
928899066 5 
928899071 46368 
928945439 1597 
928947036 233 
928947269 55 
928947324 21 
928947345 2 
928947347 4752379 
933699726 386927 
934086653 364179 
934450832 10946 
934461778 987 
934462765 144 
934462909 386927 
934849836 121393 
934971229 4181 
934975410 1597 
934977007 377 
934977384 89 
934977473 3095377 
938072850 196418 
938269268 75025 
938344293 17711 
938362004 6765 
938368769 1597 
938370366 377 
938370743 144 
938370887 13 
938370900 5 
938370905 2 
938370907 196418 
938567325 75025 
938642350 28657 
938671007 10946 
938681953 2584 
938684537 377 
938684914 55 
938684969 8 
938684977 364179 
939049156 4181 
939053337 987 
939054324 34 
939054358 8 
939054366 1 
939054367 386927 
939441294 317811 
939759105 6765 
939765870 1597 
939767467 89 
939767556 34 
939767590 5 
939767595 2 
939767597 28657 
939796254 2584 
939798838 377 
939799215 144 
939799359 2 
939799361 317811 
940117172 10946 
940128118 610 
940128728 21 
940128749 2 
940128751 4752379 
944881130 1934609 
946815739 386927 
947202666 121393 
947324059 46368 
947370427 6765 
947377192 987 
947378179 233 
947378412 89 
947378501 386927 
947765428 28657 
947794085 2584 
947796669 89 
947796758 34 
947796792 5 
947796797 2 
947796799 773841 
948570640 121393 
948692033 46368 
948738401 10946 
948749347 4181 
948753528 987 
948754515 34 
948754549 3 
948754552 1 
948754553 196418 
948950971 10946 
948961917 4181 
948966098 55 
948966153 3 
948966156 1 
948966157 386927 
949353084 196418 
949549502 28657 
949578159 1597 
949579756 377 
949580133 144 
949580277 21 
949580298 1 
949580299 1160768 
950741067 317811 
951058878 17711 
951076589 610 
951077199 2 
951077201 1934609 
953011810 196418 
953208228 46368 
953254596 4181 
953258777 1597 
953260374 610 
953260984 233 
953261217 34 
953261251 8 
953261259 2 
953261261 386927 
953648188 364179 
954012367 10946 
954023313 2584 
954025897 377 
954026274 144 
954026418 55 
954026473 21 
954026494 5 
954026499 2 
954026501 1160768 
955187269 386927 
955574196 121393 
955695589 28657 
955724246 6765 
955731011 2584 
955733595 610 
955734205 34 
955734239 8 
955734247 3 
955734250 1 
955734251 196418 
955930669 28657 
955959326 10946 
955970272 1597 
955971869 377 
955972246 55 
955972301 21 
955972322 8 
955972330 3 
955972333 1160768 
957133101 386927 
957520028 196418 
957716446 75025 
957791471 10946 
957802417 8 
957802425 2 
957802427 1934609 
959737036 196418 
959933454 46368 
959979822 17711 
959997533 377 
959997910 21 
959997931 5 
959997936 1 
959997937 28657 
960026594 10946 
960037540 2584 
960040124 987 
960041111 377 
960041488 55 
960041543 773841 
960815384 121393 
960936777 28657 
960965434 10946 
960976380 2584 
960978964 233 
960979197 34 
960979231 5 
960979236 1 
960979237 386927 
961366164 317811 
961683975 17711 
961701686 6765 
961708451 144 
961708595 55 
961708650 13 
961708663 3 
961708666 1 
961708667 3095377 
964804044 317811 
965121855 2584 
965124439 377 
965124816 144 
965124960 5 
965124965 2 
965124967 1934609 
967059576 386927 
967446503 196418 
967642921 10946 
967653867 987 
967654854 55 
967654909 21 
967654930 8 
967654938 1 
967654939 28657 
967683596 10946 
967694542 1597 
967696139 233 
967696372 89 
967696461 34 
967696495 5 
967696500 1 
967696501 773841 
968470342 28657 
968498999 10946 
968509945 2584 
968512529 610 
968513139 233 
968513372 89 
968513461 21 
968513482 5 
968513487 2 
968513489 386927 
968900416 196418 
969096834 75025 
969171859 17711 
969189570 6765 
969196335 1597 
969197932 610 
969198542 89 
969198631 8 
969198639 2 
969198641 4752379 
973951020 1934609 
975885629 773841 
976659470 75025 
976734495 10946 
976745441 4181 
976749622 89 
976749711 34 
976749745 8 
976749753 3 
976749756 1 
976749757 1160768 
977910525 386927 
978297452 121393 
978418845 46368 
978465213 17711 
978482924 4181 
978487105 377 
978487482 21 
978487503 8 
978487511 1160768 
979648279 46368 
979694647 17711 
979712358 987 
979713345 34 
979713379 8 
979713387 2 
979713389 196418 
979909807 75025 
979984832 144 
979984976 55 
979985031 13 
979985044 3 
979985047 28657 
980013704 2584 
980016288 610 
980016898 89 
980016987 21 
980017008 5 
980017013 196418 
980213431 46368 
980259799 987 
980260786 233 
980261019 89 
980261108 21 
980261129 8 
980261137 3 
980261140 1 
980261141 1934609 
982195750 773841 
982969591 121393 
983090984 28657 
983119641 6765 
983126406 987 
983127393 233 
983127626 89 
983127715 21 
983127736 1 
983127737 1160768 
984288505 386927 
984675432 364179 
985039611 377 
985039988 8 
985039996 3 
985039999 386927 
985426926 46368 
985473294 17711 
985491005 987 
985491992 233 
985492225 34 
985492259 13 
985492272 5 
985492277 2 
985492279 196418 
985688697 75025 
985763722 1597 
985765319 377 
985765696 144 
985765840 34 
985765874 13 
985765887 2 
985765889 1934609 
987700498 386927 
988087425 196418 
988283843 17711 
988301554 6765 
988308319 377 
988308696 144 
988308840 21 
988308861 2 
988308863 3095377 
991404240 773841 
992178081 121393 
992299474 28657 
992328131 10946 
992339077 1597 
992340674 610 
992341284 89 
992341373 34 
992341407 13 
992341420 1 
992341421 2584 
992344005 987 
992344992 377 
992345369 34 
992345403 8 
992345411 317811 
992663222 28657 
992691879 1597 
992693476 377 
992693853 144 
992693997 55 
992694052 13 
992694065 2 
992694067 773841 
993467908 46368 
993514276 6765 
993521041 987 
993522028 144 
993522172 34 
993522206 13 
993522219 2 
993522221 1160768 
994682989 381890 
995064879 2584 
995067463 233 
995067696 89 
995067785 21 
995067806 3 
995067809 1160768 
996228577 196418 
996424995 75025 
996500020 2584 
996502604 610 
996503214 21 
996503235 3 
996503238 1 
996503239 121393 
996624632 46368 
996671000 17711 
996688711 6765 
996695476 1597 
996697073 610 
996697683 233 
996697916 5 
996697921 773841 
997471762 121393 
997593155 46368 
997639523 1597 
997641120 89 
997641209 8 
997641217 3 
997641220 1 
997641221 121393 
997762614 17711 
997780325 6765 
997787090 2584 
997789674 987 
997790661 377 
997791038 144 
997791182 55 
997791237 13 
997791250 5 
997791255 2 
