2252
1 1 
2 1 
3 2 
5 3 
8 5 
13 8 
21 13 
34 21 
55 34 
89 55 
144 89 
233 144 
377 233 
610 377 
987 610 
1597 987 
2584 1597 
4181 2584 
6765 4181 
10946 6765 
17711 10946 
28657 17711 
46368 28657 
75025 46368 
121393 75025 
196418 121393 
317811 196418 
514229 317811 
832040 514229 
1346269 832040 
2178309 1346269 
3524578 2178309 
5702887 3524578 
9227465 5702887 
14930352 9227465 
24157817 14930352 
39088169 24157817 
63245986 39088169 
102334155 63245986 
165580141 102334155 
267914296 165580141 
433494437 267914296 
701408733 267914296 
969323029 24157817 
993480846 5702887 
999183733 514229 
999697962 196418 
999894380 75025 
999969405 6765 
999976170 2584 
999978754 610 
999979364 34 
999979398 5 
999979403 13 
999979416 1 
999979417 13 
999979430 3 
999979433 5 
999979438 1 
999979439 21 
999979460 8 
999979468 1 
999979469 34 
999979503 3 
999979506 1 
999979507 3 
999979510 1 
999979511 21 
999979532 8 
999979540 3 
999979543 8 
999979551 2 
999979553 13 
999979566 5 
999979571 21 
999979592 5 
999979597 8 
999979605 3 
999979608 1 
999979609 8 
999979617 2 
999979619 2 
999979621 13 
999979634 3 
999979637 2 
999979639 13 
999979652 5 
999979657 34 
999979691 8 
999979699 21 
999979720 5 
999979725 2 
999979727 21 
999979748 5 
999979753 55 
999979808 3 
999979811 5 
999979816 1 
999979817 2 
999979819 34 
999979853 5 
999979858 1 
999979859 13 
999979872 5 
999979877 2 
999979879 8 
999979887 2 
999979889 21 
999979910 8 
999979918 1 
999979919 21 
999979940 8 
999979948 3 
999979951 5 
999979956 1 
999979957 3 
999979960 1 
999979961 34 
999979995 13 
999980008 3 
999980011 8 
999980019 2 
999980021 8 
999980029 21 
999980050 5 
999980055 2 
999980057 13 
999980070 1 
999980071 13 
999980084 3 
999980087 34 
999980121 2 
999980123 13 
999980136 5 
999980141 13 
999980154 5 
999980159 2 
999980161 34 
999980195 13 
999980208 1 
999980209 3 
999980212 1 
999980213 13 
999980226 5 
999980231 34 
999980265 13 
999980278 3 
999980281 13 
999980294 3 
999980297 21 
999980318 8 
999980326 1 
999980327 2 
999980329 8 
999980337 2 
999980339 13 
999980352 5 
999980357 5 
999980362 1 
999980363 34 
999980397 13 
999980410 1 
999980411 5 
999980416 1 
999980417 2 
999980419 34 
999980453 13 
999980466 5 
999980471 2 
999980473 5 
999980478 1 
999980479 8 
999980487 2 
999980489 2 
999980491 21 
999980512 5 
999980517 2 
999980519 13 
999980532 1 
999980533 5 
999980538 1 
999980539 21 
999980560 3 
999980563 8 
999980571 2 
999980573 21 
999980594 8 
999980602 1 
999980603 13 
999980616 1 
999980617 5 
999980622 1 
999980623 5 
999980628 1 
999980629 3 
999980632 1 
999980633 13 
999980646 5 
999980651 21 
999980672 5 
999980677 8 
999980685 3 
999980688 1 
999980689 8 
999980697 3 
999980700 1 
999980701 8 
999980709 2 
999980711 21 
999980732 8 
999980740 1 
999980741 21 
999980762 5 
999980767 8 
999980775 2 
999980777 13 
999980790 5 
999980795 2 
999980797 8 
999980805 3 
999980808 1 
999980809 21 
999980830 1 
999980831 34 
999980865 13 
999980878 1 
999980879 13 
999980892 5 
999980897 2 
999980899 21 
999980920 3 
999980923 55 
999980978 21 
999980999 8 
999981007 3 
999981010 1 
999981011 34 
999981045 3 
999981048 1 
999981049 8 
999981057 3 
999981060 1 
999981061 34 
999981095 8 
999981103 3 
999981106 1 
999981107 21 
999981128 5 
999981133 21 
999981154 8 
999981162 1 
999981163 13 
999981176 3 
999981179 8 
999981187 8 
999981195 2 
999981197 8 
999981205 3 
999981208 1 
999981209 13 
999981222 1 
999981223 34 
999981257 13 
999981270 1 
999981271 21 
999981292 5 
999981297 2 
999981299 13 
999981312 1 
999981313 13 
999981326 3 
999981329 2 
999981331 55 
999981386 8 
999981394 3 
999981397 5 
999981402 1 
999981403 8 
999981411 2 
999981413 34 
999981447 2 
999981449 21 
999981470 3 
999981473 13 
999981486 1 
999981487 3 
999981490 1 
999981491 21 
999981512 5 
999981517 5 
999981522 1 
999981523 3 
999981526 1 
999981527 13 
999981540 5 
999981545 2 
999981547 3 
999981550 1 
999981551 55 
999981606 1 
999981607 5 
999981612 1 
999981613 21 
999981634 3 
999981637 21 
999981658 1 
999981659 34 
999981693 13 
999981706 5 
999981711 2 
999981713 21 
999981734 5 
999981739 3 
999981742 1 
999981743 34 
999981777 3 
999981780 1 
999981781 8 
999981789 2 
999981791 5 
999981796 1 
999981797 34 
999981831 13 
999981844 3 
999981847 13 
999981860 3 
999981863 13 
999981876 1 
999981877 21 
999981898 8 
999981906 1 
999981907 34 
999981941 8 
999981949 3 
999981952 1 
999981953 21 
999981974 5 
999981979 34 
999982013 13 
999982026 5 
999982031 2 
999982033 21 
999982054 3 
999982057 8 
999982065 3 
999982068 1 
999982069 55 
999982124 3 
999982127 5 
999982132 1 
999982133 55 
999982188 1 
999982189 21 
999982210 3 
999982213 13 
999982226 3 
999982229 2 
999982231 21 
999982252 1 
999982253 13 
999982266 5 
999982271 2 
999982273 13 
999982286 3 
999982289 13 
999982302 5 
999982307 2 
999982309 55 
999982364 21 
999982385 5 
999982390 1 
999982391 2 
999982393 13 
999982406 5 
999982411 21 
999982432 5 
999982437 2 
999982439 13 
999982452 5 
999982457 13 
999982470 1 
999982471 21 
999982492 1 
999982493 5 
999982498 1 
999982499 13 
999982512 1 
999982513 5 
999982518 1 
999982519 13 
999982532 5 
999982537 8 
999982545 2 
999982547 2 
999982549 8 
999982557 3 
999982560 1 
999982561 21 
999982582 1 
999982583 34 
999982617 13 
999982630 5 
999982635 2 
999982637 2 
999982639 21 
999982660 3 
999982663 3 
999982666 1 
999982667 21 
999982688 3 
999982691 2 
999982693 34 
999982727 5 
999982732 1 
999982733 8 
999982741 8 
999982749 2 
999982751 13 
999982764 5 
999982769 2 
999982771 55 
999982826 21 
999982847 2 
999982849 8 
999982857 3 
999982860 1 
999982861 89 
999982950 13 
999982963 5 
999982968 1 
999982969 34 
999983003 5 
999983008 1 
999983009 21 
999983030 8 
999983038 3 
999983041 8 
999983049 2 
999983051 8 
999983059 3 
999983062 1 
999983063 13 
999983076 5 
999983081 21 
999983102 8 
999983110 1 
999983111 21 
999983132 5 
999983137 55 
999983192 8 
999983200 3 
999983203 5 
999983208 1 
999983209 8 
999983217 2 
999983219 21 
999983240 8 
999983248 3 
999983251 34 
999983285 2 
999983287 5 
999983292 1 
999983293 3 
999983296 1 
999983297 13 
999983310 1 
999983311 13 
999983324 5 
999983329 8 
999983337 2 
999983339 13 
999983352 5 
999983357 2 
999983359 21 
999983380 1 
999983381 21 
999983402 5 
999983407 21 
999983428 1 
999983429 8 
999983437 21 
999983458 1 
999983459 13 
999983472 1 
999983473 3 
999983476 1 
999983477 34 
999983511 8 
999983519 2 
999983521 8 
999983529 2 
999983531 55 
999983586 5 
999983591 8 
999983599 3 
999983602 1 
999983603 21 
999983624 5 
999983629 21 
999983650 1 
999983651 5 
999983656 1 
999983657 13 
999983670 1 
999983671 8 
999983679 3 
999983682 1 
999983683 8 
999983691 2 
999983693 21 
999983714 8 
999983722 1 
999983723 55 
999983778 5 
999983783 34 
999983817 2 
999983819 2 
999983821 13 
999983834 5 
999983839 21 
999983860 8 
999983868 1 
999983869 21 
999983890 3 
999983893 21 
999983914 5 
999983919 2 
999983921 2 
999983923 21 
999983944 3 
999983947 34 
999983981 8 
999983989 3 
999983992 1 
999983993 8 
999984001 21 
999984022 8 
999984030 1 
999984031 8 
999984039 3 
999984042 1 
999984043 13 
999984056 3 
999984059 13 
999984072 5 
999984077 13 
999984090 1 
999984091 8 
999984099 2 
999984101 5 
999984106 1 
999984107 55 
999984162 5 
999984167 2 
999984169 21 
999984190 8 
999984198 1 
999984199 34 
999984233 5 
999984238 1 
999984239 2 
999984241 5 
999984246 1 
999984247 8 
999984255 2 
999984257 13 
999984270 5 
999984275 2 
999984277 3 
999984280 1 
999984281 2 
999984283 5 
999984288 1 
999984289 55 
999984344 21 
999984365 2 
999984367 3 
999984370 1 
999984371 2 
999984373 5 
999984378 1 
999984379 13 
999984392 5 
999984397 55 
999984452 5 
999984457 5 
999984462 1 
999984463 34 
999984497 2 
999984499 21 
999984520 1 
999984521 13 
999984534 5 
999984539 2 
999984541 21 
999984562 8 
999984570 1 
999984571 34 
999984605 8 
999984613 3 
999984616 1 
999984617 2 
999984619 34 
999984653 13 
999984666 5 
999984671 2 
999984673 5 
999984678 1 
999984679 3 
999984682 1 
999984683 8 
999984691 5 
999984696 1 
999984697 8 
999984705 2 
999984707 2 
999984709 8 
999984717 3 
999984720 1 
999984721 34 
999984755 8 
999984763 3 
999984766 1 
999984767 8 
999984775 3 
999984778 1 
999984779 8 
999984787 21 
999984808 1 
999984809 13 
999984822 5 
999984827 13 
999984840 5 
999984845 2 
999984847 34 
999984881 2 
999984883 13 
999984896 3 
999984899 2 
999984901 5 
999984906 1 
999984907 3 
999984910 1 
999984911 21 
999984932 8 
999984940 3 
999984943 21 
999984964 5 
999984969 2 
999984971 21 
999984992 8 
999985000 1 
999985001 8 
999985009 21 
999985030 1 
999985031 34 
999985065 3 
999985068 1 
999985069 21 
999985090 5 
999985095 2 
999985097 21 
999985118 5 
999985123 3 
999985126 1 
999985127 13 
999985140 1 
999985141 13 
999985154 3 
999985157 13 
999985170 5 
999985175 2 
999985177 8 
999985185 2 
999985187 21 
999985208 3 
999985211 21 
999985232 8 
999985240 3 
999985243 3 
999985246 1 
999985247 2 
999985249 55 
999985304 5 
999985309 3 
999985312 1 
999985313 34 
999985347 3 
999985350 1 
999985351 21 
999985372 5 
999985377 2 
999985379 8 
999985387 3 
999985390 1 
999985391 8 
999985399 3 
999985402 1 
999985403 13 
999985416 5 
999985421 2 
999985423 21 
999985444 5 
999985449 2 
999985451 13 
999985464 5 
999985469 2 
999985471 21 
999985492 8 
999985500 1 
999985501 13 
999985514 3 
999985517 13 
999985530 5 
999985535 2 
999985537 3 
999985540 1 
999985541 8 
999985549 34 
999985583 5 
999985588 1 
999985589 8 
999985597 3 
999985600 1 
999985601 5 
999985606 1 
999985607 8 
999985615 3 
999985618 1 
999985619 13 
999985632 5 
999985637 2 
999985639 21 
999985660 1 
999985661 5 
999985666 1 
999985667 2 
999985669 3 
999985672 1 
999985673 55 
999985728 5 
999985733 8 
999985741 89 
999985830 5 
999985835 2 
999985837 55 
999985892 21 
999985913 34 
999985947 2 
999985949 8 
999985957 8 
999985965 2 
999985967 2 
999985969 55 
999986024 13 
999986037 3 
999986040 1 
999986041 8 
999986049 2 
999986051 8 
999986059 8 
999986067 2 
999986069 13 
999986082 5 
999986087 2 
999986089 8 
999986097 3 
999986100 1 
999986101 5 
999986106 1 
999986107 13 
999986120 3 
999986123 5 
999986128 1 
999986129 8 
999986137 21 
999986158 1 
999986159 8 
999986167 3 
999986170 1 
999986171 2 
999986173 3 
999986176 1 
999986177 2 
999986179 34 
999986213 5 
999986218 1 
999986219 8 
999986227 3 
999986230 1 
999986231 21 
999986252 8 
999986260 1 
999986261 2 
999986263 13 
999986276 3 
999986279 13 
999986292 5 
999986297 5 
999986302 1 
999986303 8 
999986311 21 
999986332 1 
999986333 55 
999986388 8 
999986396 3 
999986399 8 
999986407 3 
999986410 1 
999986411 2 
999986413 5 
999986418 1 
999986419 21 
999986440 1 
999986441 55 
999986496 5 
999986501 8 
999986509 3 
999986512 1 
999986513 34 
999986547 13 
999986560 5 
999986565 2 
999986567 21 
999986588 8 
999986596 3 
999986599 8 
999986607 2 
999986609 13 
999986622 5 
999986627 8 
999986635 3 
999986638 1 
999986639 2 
999986641 8 
999986649 2 
999986651 21 
999986672 8 
999986680 1 
999986681 21 
999986702 5 
999986707 8 
999986715 3 
999986718 1 
999986719 8 
999986727 3 
999986730 1 
999986731 34 
999986765 13 
999986778 5 
999986783 5 
999986788 1 
999986789 34 
999986823 13 
999986836 3 
999986839 8 
999986847 2 
999986849 8 
999986857 3 
999986860 1 
999986861 2 
999986863 34 
999986897 13 
999986910 5 
999986915 2 
999986917 3 
999986920 1 
999986921 5 
999986926 1 
999986927 21 
999986948 8 
999986956 1 
999986957 2 
999986959 55 
999987014 21 
999987035 5 
999987040 1 
999987041 13 
999987054 5 
999987059 2 
999987061 34 
999987095 2 
999987097 3 
999987100 1 
999987101 2 
999987103 34 
999987137 5 
999987142 1 
999987143 8 
999987151 55 
999987206 5 
999987211 13 
999987224 3 
999987227 34 
999987261 13 
999987274 5 
999987279 2 
999987281 13 
999987294 5 
999987299 1 
999987300 1 
999987301 1 
999987302 1 
999987303 1 
999987304 1 
999987305 1 
999987306 1 
999987307 13 
999987320 3 
999987323 1 
999987324 1 
999987325 8 
999987333 3 
999987336 1 
999987337 8 
999987345 3 
999987348 1 
999987349 21 
999987370 1 
999987371 5 
999987376 1 
999987377 8 
999987385 3 
999987388 1 
999987389 13 
999987402 5 
999987407 2 
999987409 8 
999987417 3 
999987420 1 
999987421 5 
999987426 1 
999987427 1 
999987428 1 
999987429 3 
999987432 1 
999987433 13 
999987446 3 
999987449 13 
999987462 5 
999987467 13 
999987480 5 
999987485 2 
999987487 8 
999987495 2 
999987497 5 
999987502 1 
999987503 89 
999987592 8 
999987600 1 
999987601 5 
999987606 1 
999987607 21 
999987628 3 
999987631 55 
999987686 8 
999987694 3 
999987697 34 
999987731 8 
999987739 3 
999987742 1 
999987743 13 
999987756 5 
999987761 2 
999987763 55 
999987818 8 
999987826 3 
999987829 13 
999987842 5 
999987847 21 
999987868 3 
999987871 8 
999987879 2 
999987881 21 
999987902 8 
999987910 3 
999987913 13 
999987926 3 
999987929 13 
999987942 1 
999987943 34 
999987977 5 
999987982 1 
999987983 21 
999988004 3 
999988007 5 
999988012 1 
999988013 34 
999988047 3 
999988050 1 
999988051 21 
999988072 5 
999988077 2 
999988079 34 
999988113 3 
999988116 1 
999988117 13 
999988130 3 
999988133 21 
999988154 8 
999988162 1 
999988163 34 
999988197 3 
999988200 1 
999988201 13 
999988214 3 
999988217 2 
999988219 21 
999988240 3 
999988243 13 
999988256 5 
999988261 13 
999988274 3 
999988277 2 
999988279 34 
999988313 8 
999988321 21 
999988342 1 
999988343 13 
999988356 1 
999988357 55 
999988412 13 
999988425 2 
999988427 13 
999988440 5 
999988445 2 
999988447 5 
999988452 1 
999988453 5 
999988458 1 
999988459 13 
999988472 5 
999988477 21 
999988498 1 
999988499 13 
999988512 1 
999988513 5 
999988518 1 
999988519 3 
999988522 1 
999988523 13 
999988536 5 
999988541 2 
999988543 3 
999988546 1 
999988547 21 
999988568 3 
999988571 13 
999988584 5 
999988589 13 
999988602 5 
999988607 2 
999988609 55 
999988664 13 
999988677 2 
999988679 55 
999988734 13 
999988747 8 
999988755 2 
999988757 5 
999988762 1 
999988763 34 
999988797 13 
999988810 3 
999988813 8 
999988821 2 
999988823 8 
999988831 21 
999988852 8 
999988860 1 
999988861 13 
999988874 3 
999988877 5 
999988882 1 
999988883 13 
999988896 5 
999988901 2 
999988903 13 
999988916 3 
999988919 21 
999988940 8 
999988948 1 
999988949 8 
999988957 3 
999988960 1 
999988961 21 
999988982 5 
999988987 21 
999989008 8 
999989016 1 
999989017 13 
999989030 3 
999989033 34 
999989067 2 
999989069 13 
999989082 1 
999989083 3 
999989086 1 
999989087 34 
999989121 13 
999989134 5 
999989139 2 
999989141 2 
999989143 5 
999989148 1 
999989149 8 
999989157 3 
999989160 1 
999989161 21 
999989182 8 
999989190 1 
999989191 8 
999989199 2 
999989201 2 
999989203 13 
999989216 3 
999989219 8 
999989227 3 
999989230 1 
999989231 21 
999989252 5 
999989257 8 
999989265 2 
999989267 21 
999989288 5 
999989293 3 
999989296 1 
999989297 2 
999989299 21 
999989320 1 
999989321 5 
999989326 1 
999989327 21 
999989348 8 
999989356 3 
999989359 8 
999989367 3 
999989370 1 
999989371 34 
999989405 5 
999989410 1 
999989411 13 
999989424 5 
999989429 13 
999989442 5 
999989447 13 
999989460 1 
999989461 34 
999989495 13 
999989508 1 
999989509 8 
999989517 2 
999989519 34 
999989553 13 
999989566 1 
999989567 55 
999989622 21 
999989643 3 
999989646 1 
999989647 34 
999989681 8 
999989689 8 
999989697 3 
999989700 1 
999989701 13 
999989714 3 
999989717 13 
999989730 5 
999989735 2 
999989737 34 
999989771 5 
999989776 1 
999989777 13 
999989790 5 
999989795 2 
999989797 3 
999989800 1 
999989801 55 
999989856 1 
999989857 5 
999989862 1 
999989863 34 
999989897 2 
999989899 55 
999989954 3 
999989957 21 
999989978 3 
999989981 21 
999990002 8 
999990010 1 
999990011 13 
999990024 5 
999990029 34 
999990063 8 
999990071 13 
999990084 5 
999990089 2 
999990091 5 
999990096 1 
999990097 8 
999990105 3 
999990108 1 
999990109 34 
999990143 55 
999990198 21 
999990219 8 
999990227 8 
999990235 3 
999990238 1 
999990239 13 
999990252 5 
999990257 2 
999990259 21 
999990280 8 
999990288 1 
999990289 3 
999990292 1 
999990293 8 
999990301 13 
999990314 5 
999990319 21 
999990340 5 
999990345 2 
999990347 5 
999990352 1 
999990353 5 
999990358 1 
999990359 13 
999990372 1 
999990373 34 
999990407 8 
999990415 3 
999990418 1 
999990419 2 
999990421 34 
999990455 5 
999990460 1 
999990461 13 
999990474 5 
999990479 34 
999990513 3 
999990516 1 
999990517 34 
999990551 13 
999990564 5 
999990569 2 
999990571 8 
999990579 2 
999990581 2 
999990583 13 
999990596 3 
999990599 21 
999990620 8 
999990628 3 
999990631 55 
999990686 21 
999990707 2 
999990709 34 
999990743 13 
999990756 5 
999990761 2 
999990763 21 
999990784 3 
999990787 21 
999990808 1 
999990809 21 
999990830 3 
999990833 8 
999990841 8 
999990849 2 
999990851 2 
999990853 3 
999990856 1 
999990857 8 
999990865 3 
999990868 1 
999990869 8 
999990877 34 
999990911 2 
999990913 8 
999990921 2 
999990923 8 
999990931 13 
999990944 3 
999990947 21 
999990968 5 
999990973 3 
999990976 1 
999990977 13 
999990990 1 
999990991 5 
999990996 1 
999990997 8 
999991005 3 
999991008 1 
999991009 21 
999991030 5 
999991035 2 
999991037 21 
999991058 3 
999991061 2 
999991063 3 
999991066 1 
999991067 13 
999991080 1 
999991081 34 
999991115 8 
999991123 8 
999991131 2 
999991133 8 
999991141 8 
999991149 2 
999991151 8 
999991159 3 
999991162 1 
999991163 34 
999991197 8 
999991205 2 
999991207 21 
999991228 1 
999991229 2 
999991231 8 
999991239 2 
999991241 34 
999991275 2 
999991277 5 
999991282 1 
999991283 13 
999991296 5 
999991301 21 
999991322 5 
999991327 3 
999991330 1 
999991331 8 
999991339 8 
999991347 3 
999991350 1 
999991351 13 
999991364 3 
999991367 5 
999991372 1 
999991373 34 
999991407 13 
999991420 3 
999991423 13 
999991436 5 
999991441 8 
999991449 3 
999991452 1 
999991453 8 
999991461 2 
999991463 5 
999991468 1 
999991469 34 
999991503 3 
999991506 1 
999991507 34 
999991541 5 
999991546 1 
999991547 21 
999991568 3 
999991571 13 
999991584 5 
999991589 2 
999991591 34 
999991625 2 
999991627 34 
999991661 8 
999991669 144 
999991813 5 
999991818 1 
999991819 8 
999991827 2 
999991829 13 
999991842 1 
999991843 3 
999991846 1 
999991847 21 
999991868 5 
999991873 34 
999991907 8 
999991915 3 
999991918 1 
999991919 2 
999991921 34 
999991955 13 
999991968 5 
999991973 34 
999992007 13 
999992020 3 
999992023 5 
999992028 1 
999992029 8 
999992037 2 
999992039 13 
999992052 5 
999992057 21 
999992078 8 
999992086 1 
999992087 8 
999992095 3 
999992098 1 
999992099 2 
999992101 5 
999992106 1 
999992107 3 
999992110 1 
999992111 13 
999992124 5 
999992129 2 
999992131 21 
999992152 1 
999992153 21 
999992174 3 
999992177 21 
999992198 8 
999992206 3 
999992209 8 
999992217 3 
999992220 1 
999992221 34 
999992255 8 
999992263 3 
999992266 1 
999992267 13 
999992280 1 
999992281 8 
999992289 3 
999992292 1 
999992293 34 
999992327 8 
999992335 3 
999992338 1 
999992339 8 
999992347 8 
999992355 3 
999992358 1 
999992359 21 
999992380 5 
999992385 2 
999992387 13 
999992400 5 
999992405 2 
999992407 13 
999992420 3 
999992423 21 
999992444 3 
999992447 55 
999992502 5 
999992507 2 
999992509 13 
999992522 5 
999992527 8 
999992535 2 
999992537 34 
999992571 2 
999992573 5 
999992578 1 
999992579 55 
999992634 5 
999992639 2 
999992641 5 
999992646 1 
999992647 21 
999992668 8 
999992676 1 
999992677 34 
999992711 8 
999992719 3 
999992722 1 
999992723 8 
999992731 5 
999992736 1 
999992737 13 
999992750 3 
999992753 5 
999992758 1 
999992759 21 
999992780 3 
999992783 34 
999992817 13 
999992830 5 
999992835 2 
999992837 21 
999992858 8 
999992866 1 
999992867 21 
999992888 3 
999992891 8 
999992899 21 
999992920 5 
999992925 2 
999992927 34 
999992961 13 
999992974 3 
999992977 21 
999992998 1 
999992999 21 
999993020 8 
999993028 3 
999993031 8 
999993039 2 
999993041 13 
999993054 5 
999993059 2 
999993061 5 
999993066 1 
999993067 13 
999993080 3 
999993083 34 
999993117 2 
999993119 21 
999993140 3 
999993143 34 
999993177 2 
999993179 34 
999993213 8 
999993221 8 
999993229 55 
999993284 5 
999993289 21 
999993310 1 
999993311 55 
999993366 1 
999993367 8 
999993375 2 
999993377 55 
999993432 5 
999993437 2 
999993439 21 
999993460 1 
999993461 8 
999993469 8 
999993477 3 
999993480 1 
999993481 89 
999993570 1 
999993571 8 
999993579 2 
999993581 2 
999993583 34 
999993617 5 
999993622 1 
999993623 13 
999993636 1 
999993637 3 
999993640 1 
999993641 8 
999993649 3 
999993652 1 
999993653 13 
999993666 5 
999993671 21 
999993692 5 
999993697 8 
999993705 2 
999993707 8 
999993715 3 
999993718 1 
999993719 2 
999993721 8 
999993729 3 
999993732 1 
999993733 5 
999993738 1 
999993739 21 
999993760 3 
999993763 21 
999993784 5 
999993789 2 
999993791 13 
999993804 5 
999993809 2 
999993811 5 
999993816 1 
999993817 3 
999993820 1 
999993821 2 
999993823 8 
999993831 2 
999993833 13 
999993846 5 
999993851 34 
999993885 2 
999993887 8 
999993895 3 
999993898 1 
999993899 2 
999993901 8 
999993909 3 
999993912 1 
999993913 34 
999993947 21 
999993968 3 
999993971 21 
999993992 8 
999994000 3 
999994003 3 
999994006 1 
999994007 55 
999994062 13 
999994075 5 
999994080 1 
999994081 8 
999994089 2 
999994091 5 
999994096 1 
999994097 21 
999994118 5 
999994123 5 
999994128 1 
999994129 21 
999994150 5 
999994155 2 
999994157 2 
999994159 21 
999994180 8 
999994188 1 
999994189 8 
999994197 3 
999994200 1 
999994201 34 
999994235 5 
999994240 1 
999994241 21 
999994262 5 
999994267 5 
999994272 1 
999994273 3 
999994276 1 
999994277 13 
999994290 5 
999994295 2 
999994297 8 
999994305 3 
999994308 1 
999994309 3 
999994312 1 
999994313 8 
999994321 13 
999994334 3 
999994337 5 
999994342 1 
999994343 13 
999994356 1 
999994357 21 
999994378 1 
999994379 2 
999994381 13 
999994394 3 
999994397 21 
999994418 5 
999994423 3 
999994426 1 
999994427 5 
999994432 1 
999994433 5 
999994438 1 
999994439 34 
999994473 13 
999994486 1 
999994487 13 
999994500 5 
999994505 2 
999994507 21 
999994528 3 
999994531 5 
999994536 1 
999994537 8 
999994545 3 
999994548 1 
999994549 34 
999994583 13 
999994596 5 
999994601 2 
999994603 5 
999994608 1 
999994609 3 
999994612 1 
999994613 34 
999994647 2 
999994649 2 
999994651 34 
999994685 5 
999994690 1 
999994691 2 
999994693 8 
999994701 2 
999994703 34 
999994737 3 
999994740 1 
999994741 5 
999994746 1 
999994747 5 
999994752 1 
999994753 8 
999994761 2 
999994763 8 
999994771 8 
999994779 2 
999994781 21 
999994802 8 
999994810 3 
999994813 8 
999994821 2 
999994823 13 
999994836 1 
999994837 5 
999994842 1 
999994843 13 
999994856 5 
999994861 5 
999994866 1 
999994867 13 
999994880 3 
999994883 13 
999994896 5 
999994901 2 
999994903 8 
999994911 2 
999994913 34 
999994947 3 
999994950 1 
999994951 21 
999994972 1 
999994973 5 
999994978 1 
999994979 8 
999994987 89 
999995076 13 
999995089 3 
999995092 1 
999995093 13 
999995106 1 
999995107 3 
999995110 1 
999995111 21 
999995132 8 
999995140 1 
999995141 89 
999995230 8 
999995238 1 
999995239 13 
999995252 5 
999995257 3 
999995260 1 
999995261 8 
999995269 3 
999995272 1 
999995273 13 
999995286 5 
999995291 34 
999995325 13 
999995338 3 
999995341 34 
999995375 2 
999995377 13 
999995390 3 
999995393 13 
999995406 5 
999995411 2 
999995413 5 
999995418 1 
999995419 8 
999995427 3 
999995430 1 
999995431 89 
999995520 8 
999995528 3 
999995531 21 
999995552 8 
999995560 1 
999995561 5 
999995566 1 
999995567 21 
999995588 8 
999995596 3 
999995599 8 
999995607 3 
999995610 1 
999995611 8 
999995619 2 
999995621 5 
999995626 1 
999995627 2 
999995629 21 
999995650 1 
999995651 8 
999995659 3 
999995662 1 
999995663 13 
999995676 1 
999995677 3 
999995680 1 
999995681 13 
999995694 5 
999995699 2 
999995701 8 
999995709 3 
999995712 1 
999995713 21 
999995734 5 
999995739 2 
999995741 8 
999995749 34 
999995783 13 
999995796 5 
999995801 2 
999995803 5 
999995808 1 
999995809 3 
999995812 1 
999995813 5 
999995818 1 
999995819 55 
999995874 21 
999995895 8 
999995903 8 
999995911 8 
999995919 2 
999995921 34 
999995955 3 
999995958 1 
999995959 34 
999995993 13 
999996006 1 
999996007 21 
999996028 1 
999996029 2 
999996031 5 
999996036 1 
999996037 5 
999996042 1 
999996043 21 
999996064 5 
999996069 2 
999996071 2 
999996073 13 
999996086 5 
999996091 21 
999996112 1 
999996113 13 
999996126 5 
999996131 13 
999996144 5 
999996149 21 
999996170 8 
999996178 3 
999996181 13 
999996194 5 
999996199 21 
999996220 3 
999996223 3 
999996226 1 
999996227 13 
999996240 5 
999996245 2 
999996247 8 
999996255 3 
999996258 1 
999996259 8 
999996267 2 
999996269 21 
999996290 8 
999996298 3 
999996301 5 
999996306 1 
999996307 3 
999996310 1 
999996311 5 
999996316 1 
999996317 8 
999996325 3 
999996328 1 
999996329 8 
999996337 3 
999996340 1 
999996341 13 
999996354 5 
999996359 21 
999996380 3 
999996383 21 
999996404 3 
999996407 55 
999996462 5 
999996467 2 
999996469 21 
999996490 3 
999996493 34 
999996527 13 
999996540 1 
999996541 34 
999996575 8 
999996583 3 
999996586 1 
999996587 21 
999996608 3 
999996611 21 
999996632 8 
999996640 3 
999996643 5 
999996648 1 
999996649 21 
999996670 1 
999996671 5 
999996676 1 
999996677 8 
999996685 3 
999996688 1 
999996689 13 
999996702 5 
999996707 2 
999996709 13 
999996722 5 
999996727 21 
999996748 1 
999996749 21 
999996770 8 
999996778 1 
999996779 34 
999996813 13 
999996826 1 
999996827 55 
999996882 13 
999996895 5 
999996900 1 
999996901 8 
999996909 3 
999996912 1 
999996913 5 
999996918 1 
999996919 55 
999996974 8 
999996982 1 
999996983 5 
999996988 1 
999996989 21 
999997010 8 
999997018 3 
999997021 21 
999997042 5 
999997047 2 
999997049 13 
999997062 5 
999997067 13 
999997080 1 
999997081 13 
999997094 5 
999997099 34 
999997133 34 
999997167 13 
999997180 1 
999997181 55 
999997236 1 
999997237 3 
999997240 1 
999997241 8 
999997249 13 
999997262 5 
999997267 8 
999997275 3 
999997278 1 
999997279 21 
999997300 1 
999997301 8 
999997309 21 
999997330 1 
999997331 21 
999997352 5 
999997357 34 
999997391 8 
999997399 3 
999997402 1 
999997403 34 
999997437 13 
999997450 5 
999997455 2 
999997457 21 
999997478 8 
999997486 3 
999997489 34 
999997523 13 
999997536 5 
999997541 2 
999997543 13 
999997556 5 
999997561 5 
999997566 1 
999997567 3 
999997570 1 
999997571 5 
999997576 1 
999997577 8 
999997585 3 
999997588 1 
999997589 34 
999997623 3 
999997626 1 
999997627 8 
999997635 3 
999997638 1 
999997639 3 
999997642 1 
999997643 21 
999997664 8 
999997672 1 
999997673 5 
999997678 1 
999997679 13 
999997692 5 
999997697 13 
999997710 5 
999997715 2 
999997717 34 
999997751 13 
999997764 5 
999997769 2 
999997771 13 
999997784 3 
999997787 5 
999997792 1 
999997793 13 
999997806 5 
999997811 55 
999997866 5 
999997871 13 
999997884 5 
999997889 2 
999997891 55 
999997946 21 
999997967 34 
999998001 2 
999998003 13 
999998016 1 
999998017 5 
999998022 1 
999998023 34 
999998057 2 
999998059 21 
999998080 1 
999998081 21 
999998102 5 
999998107 8 
999998115 3 
999998118 1 
999998119 13 
999998132 5 
999998137 3 
999998140 1 
999998141 2 
999998143 3 
999998146 1 
999998147 21 
999998168 5 
999998173 8 
999998181 2 
999998183 13 
999998196 5 
999998201 2 
999998203 34 
999998237 5 
999998242 1 
999998243 13 
999998256 5 
999998261 8 
999998269 34 
999998303 5 
999998308 1 
999998309 21 
999998330 8 
999998338 1 
999998339 21 
999998360 8 
999998368 1 
999998369 34 
999998403 13 
999998416 5 
999998421 2 
999998423 34 
999998457 2 
999998459 34 
999998493 8 
999998501 5 
999998506 1 
999998507 2 
999998509 21 
999998530 3 
999998533 3 
999998536 1 
999998537 21 
999998558 5 
999998563 34 
999998597 8 
999998605 3 
999998608 1 
999998609 8 
999998617 3 
999998620 1 
999998621 5 
999998626 1 
999998627 8 
999998635 3 
999998638 1 
999998639 2 
999998641 8 
999998649 3 
999998652 1 
999998653 8 
999998661 2 
999998663 13 
999998676 5 
999998681 2 
999998683 3 
999998686 1 
999998687 2 
999998689 3 
999998692 1 
999998693 55 
999998748 21 
999998769 8 
999998777 8 
999998785 3 
999998788 1 
999998789 8 
999998797 3 
999998800 1 
999998801 34 
999998835 8 
999998843 13 
999998856 5 
999998861 2 
999998863 5 
999998868 1 
999998869 34 
999998903 13 
999998916 1 
999998917 3 
999998920 1 
999998921 8 
999998929 21 
999998950 5 
999998955 2 
999998957 2 
999998959 8 
999998967 3 
999998970 1 
999998971 8 
999998979 2 
999998981 13 
999998994 5 
999998999 2 
999999001 13 
999999014 3 
999999017 8 
999999025 3 
999999028 1 
999999029 13 
999999042 1 
999999043 13 
999999056 3 
999999059 8 
999999067 34 
999999101 2 
999999103 3 
999999106 1 
999999107 5 
999999112 1 
999999113 13 
999999126 5 
999999131 5 
999999136 1 
999999137 13 
999999150 1 
999999151 8 
999999159 3 
999999162 1 
999999163 13 
999999176 5 
999999181 8 
999999189 2 
999999191 2 
999999193 3 
999999196 1 
999999197 21 
999999218 5 
999999223 5 
999999228 1 
999999229 89 
999999318 5 
999999323 13 
999999336 1 
999999337 13 
999999350 3 
999999353 34 
999999387 3 
999999390 1 
999999391 34 
999999425 8 
999999433 34 
999999467 13 
999999480 5 
999999485 2 
999999487 3 
999999490 1 
999999491 8 
999999499 3 
999999502 1 
999999503 21 
999999524 3 
999999527 13 
999999540 1 
999999541 34 
999999575 8 
999999583 3 
999999586 1 
999999587 8 
999999595 3 
999999598 1 
999999599 8 
999999607 5 
999999612 1 
999999613 34 
999999647 13 
999999660 5 
999999665 2 
999999667 8 
999999675 2 
999999677 55 
999999732 1 
999999733 5 
999999738 1 
999999739 8 
999999747 3 
999999750 1 
999999751 5 
999999756 1 
999999757 3 
999999760 1 
999999761 34 
999999795 2 
999999797 55 
999999852 21 
999999873 8 
999999881 2 
999999883 8 
999999891 2 
999999893 34 
999999927 2 
999999929 8 
999999937 55 
999999992 5 
999999997 2 
