2905
1 1 
2 1 
3 2 
5 3 
8 5 
13 8 
21 13 
34 21 
55 34 
89 55 
144 89 
233 144 
377 233 
610 377 
987 610 
1597 987 
2584 1597 
4181 2584 
6765 4181 
10946 6765 
17711 10946 
28657 17711 
46368 28657 
75025 46368 
121393 75025 
196418 121393 
317811 196418 
514229 317811 
832040 317811 
1149851 2584 
1152435 144 
1152579 34 
1152613 3 
1152616 1152613 
2305229 196418 
2501647 46368 
2548015 10946 
2558961 987 
2559948 233 
2560181 55 
2560236 21 
2560257 8 
2560265 1152616 
3712881 317811 
4030692 121393 
4152085 28657 
4180742 10946 
4191688 4181 
4195869 987 
4196856 377 
4197233 34 
4197267 13 
4197280 2 
4197282 1152616 
5349898 514229 
5864127 28657 
5892784 6765 
5899549 233 
5899782 55 
5899837 3 
5899840 1 
5899841 514229 
6414070 121393 
6535463 28657 
6564120 10946 
6575066 2584 
6577650 610 
6578260 55 
6578315 8 
6578323 2 
6578325 1152616 
7730941 514229 
8245170 121393 
8366563 28657 
8395220 6765 
8401985 2584 
8404569 610 
8405179 144 
8405323 55 
8405378 21 
8405399 5 
8405404 2 
8405406 6414070 
14819476 75025 
14894501 10946 
14905447 233 
14905680 8 
14905688 5899841 
20805529 121393 
20926922 46368 
20973290 10946 
20984236 233 
20984469 89 
20984558 13 
20984571 5 
20984576 196418 
21180994 17711 
21198705 6765 
21205470 2584 
21208054 610 
21208664 233 
21208897 89 
21208986 21 
21209007 8 
21209015 1 
21209016 4197282 
25406298 196418 
25602716 75025 
25677741 28657 
25706398 4181 
25710579 1597 
25712176 34 
25712210 1 
25712211 1152616 
26864827 832040 
27696867 46368 
27743235 6765 
27750000 987 
27750987 233 
27751220 89 
27751309 34 
27751343 13 
27751356 2 
27751358 2560265 
30311623 832040 
31143663 121393 
31265056 4181 
31269237 1597 
31270834 610 
31271444 233 
31271677 89 
31271766 34 
31271800 3 
31271803 1152616 
32424419 514229 
32938648 196418 
33135066 75025 
33210091 28657 
33238748 10946 
33249694 4181 
33253875 1597 
33255472 610 
33256082 21 
33256103 8 
33256111 2 
33256113 4197282 
37453395 514229 
37967624 196418 
38164042 75025 
38239067 17711 
38256778 6765 
38263543 1597 
38265140 610 
38265750 89 
38265839 34 
38265873 5 
38265878 1 
38265879 8366563 
46632442 10946 
46643388 2584 
46645972 987 
46646959 377 
46647336 55 
46647391 21 
46647412 3 
46647415 4197282 
50844697 514229 
51358926 196418 
51555344 46368 
51601712 6765 
51608477 233 
51608710 89 
51608799 34 
51608833 8 
51608841 3 
51608844 1 
51608845 5349898 
56958743 317811 
57276554 121393 
57397947 46368 
57444315 6765 
57451080 2584 
57453664 377 
57454041 21 
57454062 1 
57454063 1152616 
58606679 317811 
58924490 121393 
59045883 17711 
59063594 6765 
59070359 1597 
59071956 610 
59072566 144 
59072710 55 
59072765 21 
59072786 3 
59072789 196418 
59269207 17711 
59286918 6765 
59293683 2584 
59296267 233 
59296500 89 
59296589 34 
59296623 2 
59296625 7730941 
67027566 46368 
67073934 10946 
67084880 2584 
67087464 987 
67088451 144 
67088595 55 
67088650 13 
67088663 3712881 
70801544 121393 
70922937 10946 
70933883 987 
70934870 377 
70935247 21 
70935268 75025 
71010293 28657 
71038950 10946 
71049896 987 
71050883 233 
71051116 89 
71051205 1 
71051206 514229 
71565435 4181 
71569616 1597 
71571213 233 
71571446 8 
71571454 1 
71571455 6578325 
78149780 514229 
78664009 121393 
78785402 28657 
78814059 610 
78814669 144 
78814813 34 
78814847 8 
78814855 1 
78814856 514229 
79329085 196418 
79525503 28657 
79554160 6765 
79560925 2584 
79563509 987 
79564496 377 
79564873 89 
79564962 34 
79564996 13 
79565009 514229 
80079238 121393 
80200631 4181 
80204812 13 
80204825 5 
80204830 1152616 
81357446 121393 
81478839 28657 
81507496 10946 
81518442 4181 
81522623 1597 
81524220 610 
81524830 89 
81524919 34 
81524953 8 
81524961 1 
81524962 8405406 
89930368 1152616 
91082984 832040 
91915024 46368 
91961392 2584 
91963976 233 
91964209 55 
91964264 21 
91964285 2560265 
94524550 514229 
95038779 196418 
95235197 75025 
95310222 28657 
95338879 4181 
95343060 1597 
95344657 13 
95344670 3 
95344673 1 
95344674 8245170 
103589844 987 
103590831 377 
103591208 89 
103591297 5 
103591302 1 
103591303 514229 
104105532 46368 
104151900 6765 
104158665 233 
104158898 34 
104158932 13 
104158945 5 
104158950 2 
104158952 832040 
104990992 121393 
105112385 10946 
105123331 4181 
105127512 377 
105127889 21 
105127910 1 
105127911 4197282 
109325193 46368 
109371561 1597 
109373158 377 
109373535 55 
109373590 8 
109373598 1 
109373599 14905688 
124279287 75025 
124354312 17711 
124372023 4181 
124376204 1597 
124377801 377 
124378178 144 
124378322 13 
124378335 3 
124378338 1 
124378339 3712881 
128091220 196418 
128287638 75025 
128362663 6765 
128369428 2584 
128372012 610 
128372622 233 
128372855 55 
128372910 8 
128372918 2 
128372920 2560265 
130933185 75025 
131008210 28657 
131036867 6765 
131043632 2584 
131046216 987 
131047203 233 
131047436 89 
131047525 34 
131047559 8 
131047567 3 
131047570 1 
131047571 2305229 
133352800 10946 
133363746 4181 
133367927 144 
133368071 21 
133368092 3 
133368095 1 
133368096 832040 
134200136 121393 
134321529 28657 
134350186 10946 
134361132 2584 
134363716 987 
134364703 377 
134365080 89 
134365169 34 
134365203 13 
134365216 5 
134365221 2 
134365223 4030692 
138395915 46368 
138442283 17711 
138459994 987 
138460981 377 
138461358 144 
138461502 55 
138461557 8 
138461565 2 
138461567 1152616 
139614183 317811 
139931994 121393 
140053387 46368 
140099755 610 
140100365 233 
140100598 89 
140100687 13 
140100700 3 
140100703 1 
140100704 3712881 
143813585 75025 
143888610 17711 
143906321 4181 
143910502 987 
143911489 377 
143911866 144 
143912010 55 
143912065 21 
143912086 3 
143912089 1 
143912090 1152616 
145064706 46368 
145111074 10946 
145122020 610 
145122630 233 
145122863 55 
145122918 21 
145122939 8 
145122947 1 
145122948 5349898 
150472846 196418 
150669264 46368 
150715632 17711 
150733343 6765 
150740108 2584 
150742692 2560265 
153302957 75025 
153377982 28657 
153406639 10946 
153417585 4181 
153421766 1597 
153423363 610 
153423973 89 
153424062 3 
153424065 1 
153424066 196418 
153620484 75025 
153695509 17711 
153713220 6765 
153719985 55 
153720040 21 
153720061 8 
153720069 3 
153720072 1 
153720073 1152616 
154872689 514229 
155386918 121393 
155508311 17711 
155526022 6765 
155532787 2584 
155535371 377 
155535748 21 
155535769 2 
155535771 3712881 
159248652 121393 
159370045 28657 
159398702 1597 
159400299 610 
159400909 233 
159401142 5 
159401147 4197282 
163598429 514229 
164112658 17711 
164130369 4181 
164134550 1597 
164136147 610 
164136757 21 
164136778 5 
164136783 2 
164136785 514229 
164651014 196418 
164847432 75025 
164922457 28657 
164951114 4181 
164955295 1597 
164956892 610 
164957502 233 
164957735 55 
164957790 21 
164957811 8 
164957819 2 
164957821 2560265 
167518086 514229 
168032315 121393 
168153708 28657 
168182365 2584 
168184949 987 
168185936 377 
168186313 89 
168186402 34 
168186436 13 
168186449 5349898 
173536347 196418 
173732765 10946 
173743711 610 
173744321 144 
173744465 21 
173744486 1 
173744487 5349898 
179094385 28657 
179123042 610 
179123652 34 
179123686 5 
179123691 1 
179123692 75025 
179198717 17711 
179216428 1597 
179218025 89 
179218114 34 
179218148 13 
179218161 2 
179218163 46368 
179264531 1597 
179266128 377 
179266505 34 
179266539 8 
179266547 3 
179266550 1 
179266551 1152616 
180419167 832040 
181251207 75025 
181326232 10946 
181337178 987 
181338165 377 
181338542 8 
181338550 3 
181338553 514229 
181852782 196418 
182049200 28657 
182077857 2584 
182080441 89 
182080530 13 
182080543 3 
182080546 1 
182080547 1152616 
183233163 121393 
183354556 6765 
183361321 2584 
183363905 377 
183364282 89 
183364371 34 
183364405 8 
183364413 1152616 
184517029 121393 
184638422 46368 
184684790 610 
184685400 144 
184685544 55 
184685599 21 
184685620 8 
184685628 3 
184685631 1 
184685632 5899841 
190585473 317811 
190903284 121393 
191024677 46368 
191071045 10946 
191081991 987 
191082978 144 
191083122 34 
191083156 3 
191083159 1 
191083160 2305229 
193388389 10946 
193399335 4181 
193403516 1597 
193405113 34 
193405147 13 
193405160 5 
193405165 2 
193405167 5899841 
199305008 196418 
199501426 75025 
199576451 17711 
199594162 6765 
199600927 2584 
199603511 144 
199603655 55 
199603710 21 
199603731 3 
199603734 1 
199603735 1152616 
200756351 196418 
200952769 46368 
200999137 17711 
201016848 4181 
201021029 1597 
201022626 610 
201023236 34 
201023270 13 
201023283 5 
201023288 2560265 
203583553 514229 
204097782 196418 
204294200 46368 
204340568 6765 
204347333 1597 
204348930 144 
204349074 55 
204349129 13 
204349142 5 
204349147 4197282 
208546429 196418 
208742847 46368 
208789215 17711 
208806926 377 
208807303 55 
208807358 1152616 
209959974 46368 
210006342 10946 
210017288 4181 
210021469 610 
210022079 233 
210022312 8 
210022320 1152616 
211174936 317811 
211492747 75025 
211567772 28657 
211596429 2584 
211599013 610 
211599623 233 
211599856 89 
211599945 34 
211599979 8 
211599987 3 
211599990 514229 
212114219 121393 
212235612 10946 
212246558 2584 
212249142 987 
212250129 377 
212250506 89 
212250595 34 
212250629 8 
212250637 3 
212250640 1 
212250641 5349898 
217600539 317811 
217918350 17711 
217936061 6765 
217942826 987 
217943813 144 
217943957 34 
217943991 8 
217943999 3 
217944002 1 
217944003 832040 
218776043 75025 
218851068 28657 
218879725 6765 
218886490 2584 
218889074 89 
218889163 5 
218889168 2 
218889170 832040 
219721210 28657 
219749867 6765 
219756632 1597 
219758229 610 
219758839 55 
219758894 13 
219758907 3712881 
223471788 121393 
223593181 28657 
223621838 987 
223622825 233 
223623058 34 
223623092 5 
223623097 1 
223623098 196418 
223819516 17711 
223837227 4181 
223841408 55 
223841463 21 
223841484 8405406 
232246890 2560265 
234807155 196418 
235003573 17711 
235021284 377 
235021661 144 
235021805 55 
235021860 13 
235021873 3 
235021876 832040 
235853916 196418 
236050334 75025 
236125359 6765 
236132124 2584 
236134708 89 
236134797 34 
236134831 8 
236134839 3 
236134842 1152616 
237287458 196418 
237483876 28657 
237512533 6765 
237519298 233 
237519531 55 
237519586 3 
237519589 1 
237519590 2560265 
240079855 121393 
240201248 2584 
240203832 987 
240204819 21 
240204840 1 
240204841 514229 
240719070 196418 
240915488 6765 
240922253 1597 
240923850 610 
240924460 144 
240924604 55 
240924659 21 
240924680 8 
240924688 1 
240924689 75025 
240999714 28657 
241028371 10946 
241039317 2584 
241041901 610 
241042511 233 
241042744 89 
241042833 34 
241042867 13 
241042880 2 
241042882 1152616 
242195498 514229 
242709727 121393 
242831120 6765 
242837885 1597 
242839482 377 
242839859 89 
242839948 13 
242839961 1 
242839962 8405406 
251245368 4197282 
255442650 317811 
255760461 28657 
255789118 10946 
255800064 1597 
255801661 610 
255802271 233 
255802504 89 
255802593 8 
255802601 6578325 
262380926 832040 
263212966 17711 
263230677 6765 
263237442 2584 
263240026 987 
263241013 377 
263241390 55 
263241445 13 
263241458 3 
263241461 6578325 
269819786 832040 
270651826 196418 
270848244 28657 
270876901 377 
270877278 55 
270877333 5 
270877338 2 
270877340 832040 
271709380 196418 
271905798 17711 
271923509 2584 
271926093 610 
271926703 89 
271926792 8 
271926800 1152616 
273079416 832040 
273911456 196418 
274107874 17711 
274125585 2584 
274128169 987 
274129156 89 
274129245 21 
274129266 5 
274129271 1 
274129272 2305229 
276434501 28657 
276463158 10946 
276474104 4181 
276478285 987 
276479272 55 
276479327 8 
276479335 4197282 
280676617 514229 
281190846 196418 
281387264 75025 
281462289 17711 
281480000 2584 
281482584 610 
281483194 5 
281483199 1 
281483200 14905688 
296388888 1152616 
297541504 832040 
298373544 46368 
298419912 987 
298420899 377 
298421276 144 
298421420 34 
298421454 13 
298421467 5 
298421472 2 
298421474 1152616 
299574090 514229 
300088319 196418 
300284737 75025 
300359762 28657 
300388419 1597 
300390016 233 
300390249 89 
300390338 13 
300390351 5 
300390356 2 
300390358 2560265 
302950623 514229 
303464852 196418 
303661270 75025 
303736295 28657 
303764952 10946 
303775898 4181 
303780079 1597 
303781676 610 
303782286 233 
303782519 89 
303782608 34 
303782642 13 
303782655 5 
303782660 4197282 
307979942 121393 
308101335 10946 
308112281 610 
308112891 8405406 
316518297 317811 
316836108 6765 
316842873 2584 
316845457 987 
316846444 144 
316846588 55 
316846643 8 
316846651 3 
316846654 4197282 
321043936 832040 
321875976 196418 
322072394 75025 
322147419 28657 
322176076 4181 
322180257 610 
322180867 34 
322180901 8 
322180909 1 
322180910 17711 
322198621 2584 
322201205 610 
322201815 233 
322202048 55 
322202103 1 
322202104 514229 
322716333 121393 
322837726 10946 
322848672 4181 
322852853 144 
322852997 55 
322853052 3 
322853055 1 
322853056 5349898 
328202954 317811 
328520765 121393 
328642158 28657 
328670815 10946 
328681761 1597 
328683358 233 
328683591 55 
328683646 3 
328683649 46368 
328730017 17711 
328747728 1597 
328749325 610 
328749935 89 
328750024 2 
328750026 1152616 
329902642 196418 
330099060 75025 
330174085 17711 
330191796 610 
330192406 144 
330192550 34 
330192584 13 
330192597 1 
330192598 1152616 
331345214 75025 
331420239 17711 
331437950 1597 
331439547 34 
331439581 13 
331439594 2 
331439596 1152616 
332592212 832040 
333424252 196418 
333620670 6765 
333627435 2584 
333630019 987 
333631006 377 
333631383 21 
333631404 5 
333631409 2 
333631411 6575066 
340206477 233 
340206710 89 
340206799 5 
340206804 1 
340206805 75025 
340281830 10946 
340292776 610 
340293386 89 
340293475 5 
340293480 514229 
340807709 196418 
341004127 75025 
341079152 6765 
341085917 2584 
341088501 610 
341089111 144 
341089255 55 
341089310 13 
341089323 5 
341089328 1 
341089329 1152616 
342241945 832040 
343073985 75025 
343149010 4181 
343153191 1597 
343154788 233 
343155021 89 
343155110 34 
343155144 2 
343155146 6414070 
349569216 17711 
349586927 377 
349587304 89 
349587393 34 
349587427 13 
349587440 3 
349587443 1 
349587444 2560265 
352147709 196418 
352344127 75025 
352419152 28657 
352447809 6765 
352454574 2584 
352457158 233 
352457391 55 
352457446 5 
352457451 1 
352457452 832040 
353289492 75025 
353364517 28657 
353393174 987 
353394161 34 
353394195 3 
353394198 514229 
353908427 196418 
354104845 46368 
354151213 17711 
354168924 4181 
354173105 610 
354173715 55 
354173770 21 
354173791 8 
354173799 2 
354173801 1152616 
355326417 832040 
356158457 121393 
356279850 46368 
356326218 6765 
356332983 2584 
356335567 610 
356336177 233 
356336410 89 
356336499 21 
356336520 2 
356336522 2560265 
358896787 121393 
359018180 28657 
359046837 10946 
359057783 4181 
359061964 1597 
359063561 233 
359063794 21 
359063815 1 
359063816 1152616 
360216432 514229 
360730661 75025 
360805686 17711 
360823397 1597 
360824994 377 
360825371 55 
360825426 13 
360825439 3 
360825442 1 
360825443 317811 
361143254 17711 
361160965 377 
361161342 89 
361161431 34 
361161465 1152616 
362314081 317811 
362631892 121393 
362753285 28657 
362781942 10946 
362792888 2584 
362795472 987 
362796459 233 
362796692 89 
362796781 21 
362796802 2 
362796804 121393 
362918197 46368 
362964565 10946 
362975511 55 
362975566 21 
362975587 8 
362975595 3 
362975598 28657 
363004255 4181 
363008436 1597 
363010033 377 
363010410 21 
363010431 8 
363010439 3 
363010442 1 
363010443 1152616 
364163059 196418 
364359477 75025 
364434502 10946 
364445448 2584 
364448032 377 
364448409 144 
364448553 34 
364448587 196418 
364645005 46368 
364691373 6765 
364698138 233 
364698371 89 
364698460 21 
364698481 5 
364698486 1 
364698487 832040 
365530527 10946 
365541473 4181 
365545654 987 
365546641 233 
365546874 89 
365546963 34 
365546997 13 
365547010 5 
365547015 317811 
365864826 75025 
365939851 10946 
365950797 144 
365950941 55 
365950996 21 
365951017 2 
365951019 1152616 
367103635 514229 
367617864 121393 
367739257 28657 
367767914 10946 
367778860 4181 
367783041 987 
367784028 377 
367784405 34 
367784439 13 
367784452 3 
367784455 1 
367784456 2560265 
370344721 317811 
370662532 75025 
370737557 4181 
370741738 987 
370742725 233 
370742958 89 
370743047 34 
370743081 8 
370743089 3 
370743092 1152616 
371895708 75025 
371970733 6765 
371977498 1597 
371979095 610 
371979705 233 
371979938 89 
371980027 34 
371980061 13 
371980074 1 
371980075 1152616 
373132691 17711 
373150402 6765 
373157167 2584 
373159751 377 
373160128 144 
373160272 55 
373160327 21 
373160348 8 
373160356 3 
373160359 514229 
373674588 196418 
373871006 75025 
373946031 28657 
373974688 4181 
373978869 1597 
373980466 377 
373980843 55 
373980898 5 
373980903 1152616 
375133519 514229 
375647748 17711 
375665459 987 
375666446 233 
375666679 55 
375666734 21 
375666755 1 
375666756 514229 
376180985 196418 
376377403 46368 
376423771 6765 
376430536 2584 
376433120 377 
376433497 89 
376433586 21 
376433607 8 
376433615 3 
376433618 2560265 
378993883 514229 
379508112 75025 
379583137 4181 
379587318 1597 
379588915 377 
379589292 144 
379589436 55 
379589491 2 
379589493 317811 
379907304 121393 
380028697 4181 
380032878 1597 
380034475 233 
380034708 55 
380034763 13 
380034776 3 
380034779 1 
380034780 1152616 
381187396 514229 
381701625 121393 
381823018 6765 
381829783 377 
381830160 55 
381830215 13 
381830228 2 
381830230 4197282 
386027512 196418 
386223930 4181 
386228111 610 
386228721 233 
386228954 89 
386229043 21 
386229064 1 
386229065 1152616 
387381681 196418 
387578099 75025 
387653124 4181 
387657305 377 
387657682 55 
387657737 13 
387657750 2 
387657752 1152616 
388810368 832040 
389642408 196418 
389838826 75025 
389913851 28657 
389942508 6765 
389949273 2584 
389951857 144 
389952001 55 
389952056 13 
389952069 5 
389952074 1 
389952075 4197282 
394149357 121393 
394270750 17711 
394288461 987 
394289448 233 
394289681 89 
394289770 21 
394289791 5 
394289796 1 
394289797 1152616 
395442413 196418 
395638831 4181 
395643012 1597 
395644609 610 
395645219 34 
395645253 13 
395645266 1 
395645267 4197282 
399842549 121393 
399963942 28657 
399992599 987 
399993586 13 
399993599 5 
399993604 1 
399993605 2560265 
402553870 832040 
403385910 196418 
403582328 28657 
403610985 610 
403611595 144 
403611739 34 
403611773 13 
403611786 2 
403611788 5349898 
408961686 17711 
408979397 6765 
408986162 377 
408986539 34 
408986573 5 
408986578 1 
408986579 1152616 
410139195 832040 
410971235 196418 
411167653 75025 
411242678 6765 
411249443 2584 
411252027 377 
411252404 55 
411252459 21 
411252480 8 
411252488 1 
411252489 8405406 
419657895 4197282 
423855177 514229 
424369406 196418 
424565824 28657 
424594481 4181 
424598662 13 
424598675 5 
424598680 1 
424598681 514229 
425112910 28657 
425141567 610 
425142177 233 
425142410 89 
425142499 5 
425142504 2 
425142506 1152616 
426295122 317811 
426612933 121393 
426734326 10946 
426745272 4181 
426749453 987 
426750440 89 
426750529 34 
426750563 13 
426750576 3 
426750579 1 
426750580 196418 
426946998 46368 
426993366 2584 
426995950 987 
426996937 233 
426997170 55 
426997225 5 
426997230 2 
426997232 1152616 
428149848 832040 
428981888 196418 
429178306 75025 
429253331 10946 
429264277 4181 
429268458 1597 
429270055 233 
429270288 34 
429270322 8 
429270330 2 
429270332 7730941 
437001273 317811 
437319084 28657 
437347741 10946 
437358687 2584 
437361271 610 
437361881 233 
437362114 89 
437362203 34 
437362237 5 
437362242 2 
437362244 1152616 
438514860 832040 
439346900 75025 
439421925 17711 
439439636 144 
439439780 55 
439439835 21 
439439856 8 
439439864 2 
439439866 1152616 
440592482 832040 
441424522 196418 
441620940 2584 
441623524 55 
441623579 13 
441623592 3 
441623595 1152616 
442776211 121393 
442897604 46368 
442943972 6765 
442950737 2584 
442953321 987 
442954308 377 
442954685 89 
442954774 21 
442954795 1152616 
444107411 121393 
444228804 46368 
444275172 17711 
444292883 4181 
444297064 1597 
444298661 610 
444299271 233 
444299504 55 
444299559 21 
444299580 8 
444299588 3 
444299591 832040 
445131631 196418 
445328049 75025 
445403074 4181 
445407255 1597 
445408852 144 
445408996 55 
445409051 8 
445409059 2 
445409061 2560265 
447969326 121393 
448090719 2584 
448093303 377 
448093680 144 
448093824 55 
448093879 21 
448093900 3 
448093903 1 
448093904 1152616 
449246520 317811 
449564331 121393 
449685724 4181 
449689905 1597 
449691502 610 
449692112 34 
449692146 8 
449692154 196418 
449888572 75025 
449963597 6765 
449970362 987 
449971349 377 
449971726 21 
449971747 3 
449971750 1 
449971751 2560265 
452532016 317811 
452849827 46368 
452896195 2584 
452898779 610 
452899389 144 
452899533 55 
452899588 21 
452899609 1 
452899610 1152616 
454052226 514229 
454566455 196418 
454762873 75025 
454837898 10946 
454848844 610 
454849454 233 
454849687 34 
454849721 13 
454849734 3 
454849737 6578325 
461428062 514229 
461942291 196418 
462138709 75025 
462213734 6765 
462220499 1597 
462222096 89 
462222185 34 
462222219 5 
462222224 1 
462222225 7730941 
469953166 317811 
470270977 46368 
470317345 10946 
470328291 4181 
470332472 89 
470332561 8 
470332569 3 
470332572 1 
470332573 4197282 
474529855 317811 
474847666 121393 
474969059 46368 
475015427 4181 
475019608 377 
475019985 55 
475020040 13 
475020053 832040 
475852093 46368 
475898461 2584 
475901045 610 
475901655 89 
475901744 34 
475901778 13 
475901791 1 
475901792 1152616 
477054408 196418 
477250826 46368 
477297194 2584 
477299778 610 
477300388 233 
477300621 55 
477300676 5 
477300681 1 
477300682 5349898 
482650580 46368 
482696948 4181 
482701129 1597 
482702726 144 
482702870 55 
482702925 21 
482702946 2 
482702948 1152616 
483855564 317811 
484173375 28657 
484202032 6765 
484208797 987 
484209784 233 
484210017 55 
484210072 13 
484210085 2 
484210087 1152616 
485362703 121393 
485484096 28657 
485512753 10946 
485523699 2584 
485526283 377 
485526660 89 
485526749 34 
485526783 8 
485526791 1 
485526792 514229 
486041021 196418 
486237439 75025 
486312464 28657 
486341121 10946 
486352067 4181 
486356248 987 
486357235 89 
486357324 3 
486357327 1 
486357328 317811 
486675139 28657 
486703796 10946 
486714742 2584 
486717326 610 
486717936 233 
486718169 55 
486718224 21 
486718245 3 
486718248 832040 
487550288 196418 
487746706 17711 
487764417 6765 
487771182 1597 
487772779 55 
487772834 21 
487772855 1 
487772856 832040 
488604896 196418 
488801314 6765 
488808079 2584 
488810663 987 
488811650 233 
488811883 89 
488811972 13 
488811985 5 
488811990 1152616 
489964606 832040 
490796646 75025 
490871671 6765 
490878436 987 
490879423 377 
490879800 21 
490879821 3 
490879824 1 
490879825 1152616 
492032441 317811 
492350252 6765 
492357017 1597 
492358614 55 
492358669 2 
492358671 1152616 
493511287 514229 
494025516 10946 
494036462 4181 
494040643 987 
494041630 144 
494041774 34 
494041808 3 
494041811 1 
494041812 1152616 
495194428 514229 
495708657 121393 
495830050 17711 
495847761 2584 
495850345 610 
495850955 34 
495850989 13 
495851002 1152616 
497003618 514229 
497517847 196418 
497714265 75025 
497789290 28657 
497817947 4181 
497822128 987 
497823115 377 
497823492 34 
497823526 13 
497823539 5 
497823544 2560265 
500383809 514229 
500898038 46368 
500944406 17711 
500962117 4181 
500966298 1597 
500967895 55 
500967950 21 
500967971 3 
500967974 7730941 
508698915 317811 
509016726 46368 
509063094 17711 
509080805 987 
509081792 89 
509081881 21 
509081902 5 
509081907 1 
509081908 3712881 
512794789 196418 
512991207 17711 
513008918 6765 
513015683 1597 
513017280 34 
513017314 13 
513017327 5 
513017332 2 
513017334 317811 
513335145 4181 
513339326 1597 
513340923 144 
513341067 55 
513341122 21 
513341143 8 
513341151 3 
513341154 46368 
513387522 17711 
513405233 6765 
513411998 2584 
513414582 987 
513415569 21 
513415590 8 
513415598 2 
513415600 2560265 
515975865 317811 
516293676 46368 
516340044 6765 
516346809 2584 
516349393 987 
516350380 233 
516350613 55 
516350668 21 
516350689 8 
516350697 1 
516350698 4197282 
520547980 832040 
521380020 46368 
521426388 10946 
521437334 4181 
521441515 610 
521442125 233 
521442358 89 
521442447 34 
521442481 3 
521442484 1 
521442485 6578325 
528020810 196418 
528217228 46368 
528263596 17711 
528281307 6765 
528288072 2584 
528290656 987 
528291643 144 
528291787 55 
528291842 21 
528291863 2 
528291865 1152616 
529444481 832040 
530276521 10946 
530287467 4181 
530291648 987 
530292635 377 
530293012 1 
530293013 317811 
530610824 121393 
530732217 46368 
530778585 17711 
530796296 6765 
530803061 1597 
530804658 377 
530805035 55 
530805090 21 
530805111 5 
530805116 2 
530805118 1152616 
531957734 6765 
531964499 2584 
531967083 34 
531967117 5 
531967122 1 
531967123 1152616 
533119739 317811 
533437550 46368 
533483918 2584 
533486502 89 
533486591 5 
533486596 832040 
534318636 196418 
534515054 46368 
534561422 10946 
534572368 2584 
534574952 987 
534575939 377 
534576316 144 
534576460 55 
534576515 2 
534576517 1152616 
535729133 514229 
536243362 196418 
536439780 4181 
536443961 233 
536444194 55 
536444249 13 
536444262 5 
536444267 1 
536444268 4197282 
540641550 196418 
540837968 28657 
540866625 2584 
540869209 987 
540870196 233 
540870429 89 
540870518 21 
540870539 8 
540870547 1 
540870548 5899841 
546770389 196418 
546966807 46368 
547013175 987 
547014162 89 
547014251 21 
547014272 5 
547014277 1 
547014278 317811 
547332089 17711 
547349800 987 
547350787 89 
547350876 34 
547350910 13 
547350923 2 
547350925 4197282 
551548207 196418 
551744625 75025 
551819650 4181 
551823831 233 
551824064 13 
551824077 3 
551824080 1152616 
552976696 317811 
553294507 46368 
553340875 17711 
553358586 2584 
553361170 377 
553361547 144 
553361691 13 
553361704 3 
553361707 1 
553361708 8405406 
561767114 5864127 
567631241 4181 
567635422 610 
567636032 233 
567636265 3 
567636268 1 
567636269 4197282 
571833551 317811 
572151362 121393 
572272755 46368 
572319123 10946 
572330069 610 
572330679 144 
572330823 55 
572330878 5 
572330883 2560265 
574891148 514229 
575405377 987 
575406364 377 
575406741 21 
575406762 1 
575406763 1152616 
576559379 317811 
576877190 121393 
576998583 46368 
577044951 17711 
577062662 4181 
577066843 1597 
577068440 610 
577069050 144 
577069194 55 
577069249 5349898 
582419147 28657 
582447804 6765 
582454569 1597 
582456166 610 
582456776 34 
582456810 8 
582456818 317811 
582774629 121393 
582896022 28657 
582924679 6765 
582931444 2584 
582934028 987 
582935015 377 
582935392 144 
582935536 55 
582935591 8 
582935599 1 
582935600 2560265 
585495865 196418 
585692283 28657 
585720940 6765 
585727705 2584 
585730289 377 
585730666 144 
585730810 55 
585730865 8 
585730873 3 
585730876 1 
585730877 832040 
586562917 75025 
586637942 10946 
586648888 4181 
586653069 377 
586653446 13 
586653459 5 
586653464 1 
586653465 317811 
586971276 10946 
586982222 4181 
586986403 55 
586986458 21 
586986479 8 
586986487 1 
586986488 2560265 
589546753 514229 
590060982 121393 
590182375 17711 
590200086 4181 
590204267 377 
590204644 144 
590204788 34 
590204822 1 
590204823 3712881 
593917704 28657 
593946361 10946 
593957307 1597 
593958904 610 
593959514 144 
593959658 55 
593959713 13 
593959726 5 
593959731 1152616 
595112347 514229 
595626576 28657 
595655233 6765 
595661998 610 
595662608 233 
595662841 21 
595662862 8 
595662870 2 
595662872 4197282 
599860154 121393 
599981547 987 
599982534 21 
599982555 5 
599982560 1 
599982561 1152616 
601135177 317811 
601452988 121393 
601574381 46368 
601620749 10946 
601631695 987 
601632682 377 
601633059 144 
601633203 8 
601633211 3 
601633214 1 
601633215 1152616 
602785831 317811 
603103642 17711 
603121353 2584 
603123937 144 
603124081 34 
603124115 13 
603124128 5 
603124133 2 
603124135 317811 
603441946 75025 
603516971 10946 
603527917 2584 
603530501 987 
603531488 377 
603531865 13 
603531878 3 
603531881 514229 
604046110 75025 
604121135 6765 
604127900 987 
604128887 233 
604129120 13 
604129133 1 
604129134 8405406 
612534540 121393 
612655933 46368 
612702301 6765 
612709066 233 
612709299 89 
612709388 34 
612709422 13 
612709435 1152616 
613862051 196418 
614058469 75025 
614133494 4181 
614137675 1597 
614139272 233 
614139505 89 
614139594 34 
614139628 13 
614139641 5 
614139646 2 
614139648 317811 
614457459 75025 
614532484 28657 
614561141 6765 
614567906 377 
614568283 34 
614568317 8 
614568325 1 
614568326 1152616 
615720942 832040 
616552982 196418 
616749400 10946 
616760346 4181 
616764527 233 
616764760 8 
616764768 1152616 
617917384 514229 
618431613 121393 
618553006 28657 
618581663 10946 
618592609 2584 
618595193 987 
618596180 89 
618596269 13 
618596282 3 
618596285 46368 
618642653 17711 
618660364 1597 
618661961 377 
618662338 13 
618662351 2 
618662353 6578325 
625240678 196418 
625437096 75025 
625512121 6765 
625518886 2584 
625521470 233 
625521703 3 
625521706 1152616 
626674322 75025 
626749347 28657 
626778004 10946 
626788950 987 
626789937 144 
626790081 55 
626790136 13 
626790149 1152616 
627942765 514229 
628456994 46368 
628503362 2584 
628505946 89 
628506035 3 
628506038 1 
628506039 8405406 
636911445 1152616 
638064061 75025 
638139086 10946 
638150032 610 
638150642 55 
638150697 8 
638150705 3 
638150708 2560265 
640710973 832040 
641543013 196418 
641739431 46368 
641785799 17711 
641803510 4181 
641807691 987 
641808678 89 
641808767 34 
641808801 8 
641808809 2 
641808811 8366563 
650175374 610 
650175984 89 
650176073 21 
650176094 5 
650176099 1 
650176100 6578325 
656754425 514229 
657268654 196418 
657465072 10946 
657476018 1597 
657477615 233 
657477848 89 
657477937 34 
657477971 13 
657477984 2 
657477986 1152616 
658630602 317811 
658948413 987 
658949400 377 
658949777 89 
658949866 13 
658949879 5349898 
664299777 317811 
664617588 121393 
664738981 46368 
664785349 17711 
664803060 6765 
664809825 377 
664810202 144 
664810346 34 
664810380 75025 
664885405 17711 
664903116 6765 
664909881 1597 
664911478 610 
664912088 233 
664912321 21 
664912342 5 
664912347 1 
664912348 5349898 
670262246 121393 
670383639 28657 
670412296 1597 
670413893 144 
670414037 13 
670414050 5 
670414055 2 
670414057 514229 
670928286 196418 
671124704 28657 
671153361 610 
671153971 89 
671154060 13 
671154073 2 
671154075 8405406 
679559481 317811 
679877292 121393 
679998685 46368 
680045053 2584 
680047637 377 
680048014 144 
680048158 34 
680048192 8 
680048200 1 
680048201 2560265 
682608466 17711 
682626177 2584 
682628761 610 
682629371 34 
682629405 13 
682629418 2 
682629420 2560265 
685189685 832040 
686021725 75025 
686096750 10946 
686107696 4181 
686111877 610 
686112487 233 
686112720 55 
686112775 21 
686112796 1 
686112797 4197282 
690310079 121393 
690431472 28657 
690460129 10946 
690471075 1597 
690472672 610 
690473282 233 
690473515 13 
690473528 4030692 
694504220 28657 
694532877 10946 
694543823 4181 
694548004 55 
694548059 13 
694548072 5 
694548077 1 
694548078 2560265 
697108343 514229 
697622572 196418 
697818990 6765 
697825755 144 
697825899 21 
697825920 1 
697825921 1152616 
698978537 514229 
699492766 28657 
699521423 144 
699521567 55 
699521622 8 
699521630 3 
699521633 1 
699521634 75025 
699596659 28657 
699625316 987 
699626303 377 
699626680 89 
699626769 21 
699626790 8 
699626798 1152616 
700779414 832040 
701611454 196418 
701807872 46368 
701854240 10946 
701865186 55 
701865241 5 
701865246 2560265 
704425511 832040 
705257551 121393 
705378944 4181 
705383125 1597 
705384722 377 
705385099 55 
705385154 13 
705385167 2 
705385169 4197282 
709582451 514229 
710096680 196418 
710293098 46368 
710339466 4181 
710343647 1597 
710345244 13 
710345257 5 
710345262 2560265 
712905527 832040 
713737567 17711 
713755278 4181 
713759459 1597 
713761056 377 
713761433 144 
713761577 55 
713761632 13 
713761645 5 
713761650 1 
713761651 5899841 
719661492 317811 
719979303 121393 
720100696 28657 
720129353 4181 
720133534 233 
720133767 89 
720133856 34 
720133890 13 
720133903 5 
720133908 514229 
720648137 196418 
720844555 75025 
720919580 17711 
720937291 2584 
720939875 610 
720940485 89 
720940574 2560265 
723500839 832040 
724332879 121393 
724454272 46368 
724500640 10946 
724511586 4181 
724515767 1597 
724517364 8 
724517372 2560265 
727077637 832040 
727909677 121393 
728031070 17711 
728048781 4181 
728052962 1597 
728054559 233 
728054792 89 
728054881 21 
728054902 5 
728054907 514229 
728569136 121393 
728690529 6765 
728697294 2584 
728699878 987 
728700865 377 
728701242 3 
728701245 196418 
728897663 10946 
728908609 987 
728909596 233 
728909829 89 
728909918 34 
728909952 8 
728909960 3 
728909963 8405406 
737315369 5899841 
743215210 121393 
743336603 46368 
743382971 17711 
743400682 6765 
743407447 2584 
743410031 987 
743411018 233 
743411251 5 
743411256 75025 
743486281 28657 
743514938 1597 
743516535 610 
743517145 233 
743517378 55 
743517433 13 
743517446 5 
743517451 1 
743517452 4152085 
747669537 17711 
747687248 6765 
747694013 1597 
747695610 89 
747695699 8 
747695707 1 
747695708 5349898 
753045606 6765 
753052371 610 
753052981 233 
753053214 55 
753053269 5 
753053274 832040 
753885314 196418 
754081732 75025 
754156757 17711 
754174468 4181 
754178649 987 
754179636 233 
754179869 55 
754179924 13 
754179937 5 
754179942 2 
754179944 10946 
754190890 4181 
754195071 1597 
754196668 55 
754196723 21 
754196744 2 
754196746 514229 
754710975 75025 
754786000 987 
754786987 377 
754787364 144 
754787508 13 
754787521 1 
754787522 2560265 
757347787 514229 
757862016 75025 
757937041 17711 
757954752 6765 
757961517 987 
757962504 89 
757962593 34 
757962627 8 
757962635 2 
757962637 514229 
758476866 121393 
758598259 46368 
758644627 4181 
758648808 55 
758648863 21 
758648884 5 
758648889 2 
758648891 317811 
758966702 121393 
759088095 987 
759089082 34 
759089116 8 
759089124 1 
759089125 1152616 
760241741 196418 
760438159 75025 
760513184 28657 
760541841 10946 
760552787 4181 
760556968 1597 
760558565 233 
760558798 21 
760558819 1 
760558820 8405406 
768964226 1152616 
770116842 196418 
770313260 28657 
770341917 10946 
770352863 2584 
770355447 144 
770355591 55 
770355646 8 
770355654 2 
770355656 6578325 
776933981 514229 
777448210 46368 
777494578 987 
777495565 89 
777495654 34 
777495688 13 
777495701 5 
777495706 2 
777495708 1152616 
778648324 832040 
779480364 46368 
779526732 1597 
779528329 377 
779528706 144 
779528850 55 
779528905 21 
779528926 8 
779528934 1 
779528935 196418 
779725353 75025 
779800378 2584 
779802962 987 
779803949 233 
779804182 5 
779804187 1 
779804188 2560265 
782364453 832040 
783196493 121393 
783317886 46368 
783364254 987 
783365241 377 
783365618 89 
783365707 13 
783365720 5 
783365725 5349898 
788715623 196418 
788912041 75025 
788987066 6765 
788993831 144 
788993975 13 
788993988 5 
788993993 75025 
789069018 10946 
789079964 55 
789080019 21 
789080040 5 
789080045 2 
789080047 121393 
789201440 28657 
789230097 6765 
789236862 2584 
789239446 987 
789240433 233 
789240666 55 
789240721 13 
789240734 2 
789240736 1152616 
790393352 514229 
790907581 121393 
791028974 28657 
791057631 6765 
791064396 233 
791064629 55 
791064684 21 
791064705 8 
791064713 2 
791064715 1152616 
792217331 832040 
793049371 196418 
793245789 75025 
793320814 28657 
793349471 1597 
793351068 377 
793351445 21 
793351466 8 
793351474 2 
793351476 317811 
793669287 121393 
793790680 17711 
793808391 2584 
793810975 987 
793811962 377 
793812339 5 
793812344 1 
793812345 1152616 
794964961 832040 
795797001 196418 
795993419 75025 
796068444 4181 
796072625 1597 
796074222 610 
796074832 55 
796074887 2560265 
798635152 832040 
799467192 196418 
799663610 46368 
799709978 10946 
799720924 144 
799721068 55 
799721123 21 
799721144 8 
799721152 3 
799721155 6578325 
806299480 514229 
806813709 196418 
807010127 610 
807010737 144 
807010881 21 
807010902 5 
807010907 2560265 
809571172 832040 
810403212 196418 
810599630 46368 
810645998 2584 
810648582 610 
810649192 144 
810649336 55 
810649391 13 
810649404 5 
810649409 2 
810649411 6414070 
817063481 10946 
817074427 2584 
817077011 377 
817077388 55 
817077443 5 
817077448 1 
817077449 1152616 
818230065 514229 
818744294 75025 
818819319 28657 
818847976 6765 
818854741 987 
818855728 144 
818855872 13 
818855885 3 
818855888 1152616 
820008504 514229 
820522733 196418 
820719151 28657 
820747808 10946 
820758754 377 
820759131 144 
820759275 21 
820759296 5 
820759301 2 
820759303 317811 
821077114 121393 
821198507 46368 
821244875 2584 
821247459 987 
821248446 89 
821248535 21 
821248556 3 
821248559 1 
821248560 832040 
822080600 75025 
822155625 28657 
822184282 6765 
822191047 55 
822191102 21 
822191123 1 
822191124 514229 
822705353 196418 
822901771 28657 
822930428 6765 
822937193 233 
822937426 55 
822937481 21 
822937502 5 
822937507 1 
822937508 832040 
823769548 75025 
823844573 28657 
823873230 1597 
823874827 610 
823875437 34 
823875471 3 
823875474 317811 
824193285 121393 
824314678 46368 
824361046 4181 
824365227 1597 
824366824 34 
824366858 13 
824366871 3 
824366874 1 
824366875 514229 
824881104 10946 
824892050 987 
824893037 89 
824893126 21 
824893147 8 
824893155 2560265 
827453420 121393 
827574813 17711 
827592524 6765 
827599289 1597 
827600886 377 
827601263 34 
827601297 13 
827601310 1 
827601311 1152616 
828753927 196418 
828950345 17711 
828968056 4181 
828972237 610 
828972847 144 
828972991 55 
828973046 21 
828973067 5 
828973072 2 
828973074 2560265 
831533339 196418 
831729757 75025 
831804782 610 
831805392 233 
831805625 89 
831805714 34 
831805748 3 
831805751 1 
831805752 1152616 
832958368 317811 
833276179 121393 
833397572 1597 
833399169 144 
833399313 34 
833399347 8 
833399355 2 
833399357 1152616 
834551973 196418 
834748391 46368 
834794759 2584 
834797343 89 
834797432 34 
834797466 8 
834797474 3 
834797477 1 
834797478 1152616 
835950094 832040 
836782134 46368 
836828502 10946 
836839448 4181 
836843629 610 
836844239 21 
836844260 5 
836844265 1 
836844266 8405406 
845249672 1152616 
846402288 196418 
846598706 28657 
846627363 6765 
846634128 2584 
846636712 987 
846637699 233 
846637932 5 
846637937 1152616 
847790553 832040 
848622593 121393 
848743986 17711 
848761697 2584 
848764281 987 
848765268 377 
848765645 89 
848765734 5 
848765739 1 
848765740 1152616 
849918356 196418 
850114774 46368 
850161142 17711 
850178853 2584 
850181437 987 
850182424 377 
850182801 144 
850182945 8 
850182953 1 
850182954 2560265 
852743219 196418 
852939637 75025 
853014662 17711 
853032373 4181 
853036554 233 
853036787 21 
853036808 8 
853036816 3 
853036819 1 
853036820 3712881 
856749701 121393 
856871094 4181 
856875275 987 
856876262 55 
856876317 13 
856876330 5 
856876335 1 
856876336 4197282 
861073618 832040 
861905658 46368 
861952026 610 
861952636 55 
861952691 8 
861952699 3 
861952702 1 
861952703 4197282 
866149985 196418 
866346403 28657 
866375060 1597 
866376657 144 
866376801 21 
866376822 3 
866376825 1 
866376826 4197282 
870574108 514229 
871088337 75025 
871163362 28657 
871192019 4181 
871196200 987 
871197187 233 
871197420 55 
871197475 8 
871197483 3 
871197486 7730941 
878928427 196418 
879124845 28657 
879153502 610 
879154112 21 
879154133 5 
879154138 2 
879154140 2560265 
881714405 832040 
882546445 2584 
882549029 987 
882550016 377 
882550393 144 
882550537 34 
882550571 5 
882550576 1 
882550577 3712881 
886263458 196418 
886459876 6765 
886466641 377 
886467018 89 
886467107 34 
886467141 8 
886467149 1 
886467150 1152616 
887619766 196418 
887816184 17711 
887833895 6765 
887840660 610 
887841270 233 
887841503 34 
887841537 832040 
888673577 196418 
888869995 75025 
888945020 28657 
888973677 10946 
888984623 1597 
888986220 610 
888986830 233 
888987063 34 
888987097 3 
888987100 1 
888987101 3712881 
892699982 987 
892700969 377 
892701346 55 
892701401 13 
892701414 5 
892701419 1152616 
893854035 317811 
894171846 121393 
894293239 46368 
894339607 6765 
894346372 1597 
894347969 233 
894348202 13 
894348215 3 
894348218 1 
894348219 2560265 
896908484 75025 
896983509 28657 
897012166 10946 
897023112 2584 
897025696 987 
897026683 233 
897026916 89 
897027005 3 
897027008 1 
897027009 2560265 
899587274 75025 
899662299 17711 
899680010 1597 
899681607 2 
899681609 196418 
899878027 46368 
899924395 4181 
899928576 1597 
899930173 89 
899930262 34 
899930296 2 
899930298 1152616 
901082914 196418 
901279332 28657 
901307989 6765 
901314754 2584 
901317338 377 
901317715 144 
901317859 21 
901317880 8 
901317888 1 
901317889 1152616 
902470505 514229 
902984734 75025 
903059759 28657 
903088416 6765 
903095181 1597 
903096778 377 
903097155 89 
903097244 13 
903097257 5 
903097262 317811 
903415073 121393 
903536466 28657 
903565123 10946 
903576069 4181 
903580250 610 
903580860 144 
903581004 34 
903581038 2 
903581040 17711 
903598751 6765 
903605516 2584 
903608100 987 
903609087 55 
903609142 13 
903609155 5 
903609160 1 
903609161 1152616 
904761777 832040 
905593817 196418 
905790235 17711 
905807946 4181 
905812127 1597 
905813724 610 
905814334 233 
905814567 55 
905814622 13 
905814635 3 
905814638 1 
905814639 4197282 
910011921 514229 
910526150 75025 
910601175 28657 
910629832 4181 
910634013 1597 
910635610 377 
910635987 89 
910636076 8 
910636084 2 
910636086 2560265 
913196351 832040 
914028391 121393 
914149784 46368 
914196152 17711 
914213863 4181 
914218044 1597 
914219641 610 
914220251 144 
914220395 21 
914220416 5 
914220421 1152616 
915373037 121393 
915494430 28657 
915523087 987 
915524074 8405406 
923929480 832040 
924761520 121393 
924882913 28657 
924911570 10946 
924922516 144 
924922660 21 
924922681 1 
924922682 1152616 
926075298 832040 
926907338 196418 
927103756 1597 
927105353 144 
927105497 55 
927105552 21 
927105573 3 
927105576 3712881 
930818457 28657 
930847114 10946 
930858060 377 
930858437 89 
930858526 13 
930858539 3 
930858542 1 
930858543 5349898 
936208441 121393 
936329834 28657 
936358491 4181 
936362672 1597 
936364269 144 
936364413 55 
936364468 8 
936364476 3 
936364479 1 
936364480 6765 
936371245 2584 
936373829 610 
936374439 144 
936374583 55 
936374638 13 
936374651 3 
936374654 1 
936374655 2560265 
938934920 832040 
939766960 121393 
939888353 10946 
939899299 2584 
939901883 987 
939902870 89 
939902959 3 
939902962 1 
939902963 5899841 
945802804 317811 
946120615 46368 
946166983 6765 
946173748 1597 
946175345 377 
946175722 34 
946175756 8 
946175764 1 
946175765 317811 
946493576 121393 
946614969 46368 
946661337 6765 
946668102 2584 
946670686 610 
946671296 144 
946671440 34 
946671474 5 
946671479 1 
946671480 514229 
947185709 377 
947186086 144 
947186230 34 
947186264 3 
947186267 1152616 
948338883 317811 
948656694 46368 
948703062 10946 
948714008 1597 
948715605 233 
948715838 89 
948715927 8 
948715935 1152616 
949868551 832040 
950700591 46368 
950746959 4181 
950751140 377 
950751517 144 
950751661 55 
950751716 3 
950751719 1 
950751720 196418 
950948138 610 
950948748 233 
950948981 89 
950949070 8 
950949078 1 
950949079 1152616 
952101695 832040 
952933735 196418 
953130153 75025 
953205178 28657 
953233835 4181 
953238016 1597 
953239613 377 
953239990 13 
953240003 1 
953240004 1152616 
954392620 514229 
954906849 121393 
955028242 2584 
955030826 8 
955030834 317811 
955348645 28657 
955377302 10946 
955388248 4181 
955392429 1597 
955394026 89 
955394115 21 
955394136 5 
955394141 1 
955394142 8405406 
963799548 514229 
964313777 75025 
964388802 17711 
964406513 6765 
964413278 2584 
964415862 610 
964416472 21 
964416493 5 
964416498 1 
964416499 8405406 
972821905 1152616 
973974521 196418 
974170939 46368 
974217307 2584 
974219891 233 
974220124 1 
974220125 6578325 
980798450 46368 
980844818 17711 
980862529 6765 
980869294 2584 
980871878 987 
980872865 233 
980873098 5 
980873103 1 
980873104 317811 
981190915 121393 
981312308 46368 
981358676 17711 
981376387 4181 
981380568 1597 
981382165 610 
981382775 233 
981383008 21 
981383029 8 
981383037 2 
981383039 1152616 
982535655 196418 
982732073 75025 
982807098 28657 
982835755 1597 
982837352 610 
982837962 144 
982838106 34 
982838140 8 
982838148 3 
982838151 1 
982838152 4197282 
987035434 832040 
987867474 196418 
988063892 28657 
988092549 4181 
988096730 1597 
988098327 144 
988098471 34 
988098505 2560265 
990658770 514229 
991172999 46368 
991219367 1597 
991220964 610 
991221574 21 
991221595 1152616 
992374211 46368 
992420579 6765 
992427344 1597 
992428941 233 
992429174 55 
992429229 13 
992429242 5 
992429247 4197282 
996626529 317811 
996944340 121393 
997065733 2584 
997068317 987 
997069304 233 
997069537 89 
997069626 21 
997069647 8 
997069655 3 
