292
1 1 
2 1 
3 2 
5 3 
8 3 
11 2 
13 3 
16 1 
17 2 
19 3 
22 1 
23 13 
36 1 
37 3 
40 1 
41 2 
43 17 
60 1 
61 5 
66 1 
67 3 
70 1 
71 2 
73 5 
78 1 
79 3 
82 1 
83 5 
88 1 
89 8 
97 3 
100 1 
101 2 
103 3 
106 1 
107 2 
109 3 
112 1 
113 13 
126 1 
127 3 
130 1 
131 8 
139 8 
147 2 
149 2 
151 5 
156 1 
157 5 
162 1 
163 3 
166 1 
167 5 
172 1 
173 5 
178 1 
179 2 
181 8 
189 2 
191 8 
199 11 
210 1 
211 11 
222 1 
223 3 
226 1 
227 2 
229 3 
232 1 
233 8 
241 8 
249 2 
251 5 
256 1 
257 5 
262 1 
263 5 
268 1 
269 2 
271 5 
276 1 
277 3 
280 1 
281 2 
283 8 
291 2 
293 13 
306 1 
307 8 
315 2 
317 13 
330 1 
331 5 
336 1 
337 8 
345 2 
347 2 
349 3 
352 1 
353 5 
358 1 
359 8 
367 5 
372 1 
373 5 
378 1 
379 3 
382 1 
383 5 
388 1 
389 8 
397 3 
400 1 
401 8 
409 8 
417 2 
419 2 
421 8 
429 2 
431 2 
433 5 
438 1 
439 3 
442 1 
443 5 
448 1 
449 8 
457 22 
479 8 
487 3 
490 1 
491 11 
502 1 
503 5 
508 1 
509 11 
520 1 
521 2 
523 17 
540 1 
541 5 
546 1 
547 8 
555 2 
557 5 
562 1 
563 13 
576 1 
577 8 
585 2 
587 5 
592 1 
593 23 
616 3 
619 11 
630 1 
631 8 
639 2 
641 2 
643 3 
646 1 
647 5 
652 1 
653 5 
658 1 
659 2 
661 11 
672 1 
673 3 
676 1 
677 5 
682 1 
683 8 
691 8 
699 2 
701 8 
709 8 
717 2 
719 8 
727 5 
732 1 
733 5 
738 1 
739 3 
742 1 
743 8 
751 5 
756 1 
757 3 
760 1 
761 8 
769 3 
772 1 
773 13 
786 1 
787 8 
795 2 
797 503 
1300 1 
1301 167 
1468 3 
1471 131 
1602 5 
1607 89 
1696 3 
1699 167 
1866 1 
1867 241 
2108 3 
2111 719 
2830 3 
2833 661 
3494 5 
3499 490 
3989 673 
4662 1 
4663 563 
5226 5 
5231 2 
5233 797 
6030 5 
6035 2 
6037 797 
6834 167 
7001 797 
7798 73 
7871 2 
7873 555 
8428 1 
8429 6037 
14466 457 
14923 16 
14939 4663 
19602 97 
19699 19602 
39301 8429 
47730 3499 
51229 449 
51678 1 
51679 51678 
103357 14939 
118296 3499 
121795 232 
122027 121795 
243822 19699 
263521 14939 
278460 797 
279257 449 
279706 1 
279707 279706 
559413 619 
560032 5 
560037 2 
560039 560037 
1120076 122027 
1242103 51679 
1293782 7873 
1301655 359 
1302014 5 
1302019 1302014 
2604033 1302019 
3906052 2604033 
6510085 7873 
6517958 151 
6518109 2 
6518111 6518109 
13036220 6518111 
19554331 13036220 
32590551 13036220 
45626771 3906052 
49532823 1302019 
50834842 1120076 
51954918 51679 
52006597 2833 
52009430 563 
52009993 5 
52009998 1 
52009999 51954918 
103964917 39301 
104004218 2111 
104006329 233 
104006562 5 
104006567 2 
104006569 104006567 
208013136 104006569 
312019705 208013136 
520032841 104006569 
624039410 19554331 
643593741 3906052 
647499793 1302019 
648801812 1120076 
649921888 121795 
