5514
1 1 
2 1 
3 2 
5 3 
8 5 
13 8 
21 13 
34 21 
55 34 
89 55 
144 89 
233 144 
377 233 
610 377 
987 610 
1597 987 
2584 1597 
4181 2584 
6765 4181 
10946 6765 
17711 10946 
28657 17711 
46368 28657 
75025 46368 
121393 75025 
196418 121393 
317811 196418 
514229 317811 
832040 196418 
1028458 75025 
1103483 28657 
1132140 6765 
1138905 1597 
1140502 34 
1140536 3 
1140539 46368 
1186907 4181 
1191088 610 
1191698 34 
1191732 8 
1191740 3 
1191743 1 
1191744 317811 
1509555 6765 
1516320 1597 
1517917 610 
1518527 144 
1518671 317811 
1836482 75025 
1911507 17711 
1929218 4181 
1933399 377 
1933776 89 
1933865 13 
1933878 5 
1933883 1933878 
3867761 1933883 
5801644 1191744 
6993388 196418 
7189806 17711 
7207517 987 
7208504 89 
7208593 34 
7208627 13 
7208640 5 
7208645 1 
7208646 514229 
7722875 196418 
7919293 46368 
7965661 4181 
7969842 377 
7970219 55 
7970274 832040 
8802314 121393 
8923707 46368 
8970075 6765 
8976840 1597 
8978437 377 
8978814 13 
8978827 1933883 
10912710 317811 
11230521 75025 
11305546 28657 
11334203 10946 
11345149 89 
11345238 34 
11345272 5 
11345277 2 
11345279 196418 
11541697 46368 
11588065 10946 
11599011 2584 
11601595 987 
11602582 34 
11602616 13 
11602629 5 
11602634 1 
11602635 317811 
11920446 121393 
12041839 2584 
12044423 377 
12044800 13 
12044813 2 
12044815 1191744 
13236559 196418 
13432977 46368 
13479345 17711 
13497056 2584 
13499640 377 
13500017 5 
13500022 2 
13500024 196418 
13696442 10946 
13707388 2584 
13709972 610 
13710582 233 
13710815 13 
13710828 3 
13710831 1933883 
15644714 1103483 
16748197 6765 
16754962 610 
16755572 233 
16755805 89 
16755894 8 
16755902 317811 
17073713 75025 
17148738 4181 
17152919 1597 
17154516 610 
17155126 233 
17155359 89 
17155448 8 
17155456 3 
17155459 1 
17155460 514229 
17669689 121393 
17791082 2584 
17793666 55 
17793721 21 
17793742 5 
17793747 46368 
17840115 4181 
17844296 1597 
17845893 610 
17846503 144 
17846647 13 
17846660 2 
17846662 5801644 
23648306 196418 
23844724 75025 
23919749 4181 
23923930 144 
23924074 55 
23924129 13 
23924142 5 
23924147 1933883 
25858030 121393 
25979423 10946 
25990369 987 
25991356 377 
25991733 144 
25991877 55 
25991932 8 
25991940 1 
25991941 1933883 
27925824 196418 
28122242 46368 
28168610 6765 
28175375 1597 
28176972 610 
28177582 233 
28177815 55 
28177870 21 
28177891 3 
28177894 514229 
28692123 196418 
28888541 28657 
28917198 1597 
28918795 610 
28919405 144 
28919549 55 
28919604 13 
28919617 1 
28919618 1191744 
30111362 75025 
30186387 17711 
30204098 1597 
30205695 377 
30206072 89 
30206161 34 
30206195 13 
30206208 3 
30206211 1933883 
32140094 514229 
32654323 4181 
32658504 233 
32658737 89 
32658826 8 
32658834 196418 
32855252 75025 
32930277 10946 
32941223 4181 
32945404 1597 
32947001 144 
32947145 8 
32947153 1 
32947154 1933883 
34881037 317811 
35198848 46368 
35245216 4181 
35249397 610 
35250007 89 
35250096 5 
35250101 1 
35250102 514229 
35764331 196418 
35960749 46368 
36007117 17711 
36024828 4181 
36029009 1597 
36030606 377 
36030983 5 
36030988 1 
36030989 1518671 
37549660 121393 
37671053 1597 
37672650 610 
37673260 144 
37673404 55 
37673459 21 
37673480 317811 
37991291 121393 
38112684 4181 
38116865 1597 
38118462 377 
38118839 144 
38118983 55 
38119038 5 
38119043 1 
38119044 1933883 
40052927 1191744 
41244671 196418 
41441089 6765 
41447854 987 
41448841 233 
41449074 89 
41449163 34 
41449197 13 
41449210 1518671 
42967881 196418 
43164299 28657 
43192956 2584 
43195540 377 
43195917 144 
43196061 55 
43196116 13 
43196129 514229 
43710358 196418 
43906776 17711 
43924487 6765 
43931252 1597 
43932849 610 
43933459 34 
43933493 3 
43933496 196418 
44129914 46368 
44176282 4181 
44180463 144 
44180607 13 
44180620 5 
44180625 1518671 
45699296 196418 
45895714 4181 
45899895 987 
45900882 233 
45901115 55 
45901170 21 
45901191 8 
45901199 3 
45901202 1933883 
47835085 196418 
48031503 75025 
48106528 17711 
48124239 6765 
48131004 2584 
48133588 144 
48133732 21 
48133753 8 
48133761 3 
48133764 1 
48133765 1933883 
50067648 514229 
50581877 75025 
50656902 17711 
50674613 2584 
50677197 377 
50677574 55 
50677629 8 
50677637 2 
50677639 75025 
50752664 17711 
50770375 2584 
50772959 610 
50773569 233 
50773802 55 
50773857 1 
50773858 1191744 
51965602 196418 
52162020 28657 
52190677 6765 
52197442 2584 
52200026 987 
52201013 233 
52201246 55 
52201301 21 
52201322 514229 
52715551 46368 
52761919 4181 
52766100 377 
52766477 34 
52766511 13 
52766524 1929218 
54695742 233 
54695975 89 
54696064 13 
54696077 1 
54696078 1933883 
56629961 75025 
56704986 2584 
56707570 610 
56708180 144 
56708324 55 
56708379 13 
56708392 3 
56708395 1 
56708396 1191744 
57900140 75025 
57975165 4181 
57979346 1597 
57980943 144 
57981087 21 
57981108 3 
57981111 196418 
58177529 10946 
58188475 4181 
58192656 1597 
58194253 233 
58194486 3 
58194489 1 
58194490 1933883 
60128373 196418 
60324791 46368 
60371159 6765 
60377924 987 
60378911 377 
60379288 144 
60379432 21 
60379453 3867761 
64247214 75025 
64322239 2584 
64324823 144 
64324967 55 
64325022 3 
64325025 1 
64325026 832040 
65157066 121393 
65278459 46368 
65324827 4181 
65329008 610 
65329618 233 
65329851 34 
65329885 2 
65329887 1911507 
67241394 10946 
67252340 2584 
67254924 233 
67255157 55 
67255212 13 
67255225 2 
67255227 317811 
67573038 46368 
67619406 610 
67620016 233 
67620249 55 
67620304 8 
67620312 3 
67620315 121393 
67741708 2584 
67744292 987 
67745279 5 
67745284 1518671 
69263955 196418 
69460373 6765 
69467138 2584 
69469722 610 
69470332 233 
69470565 8 
69470573 1933883 
71404456 514229 
71918685 121393 
72040078 17711 
72057789 6765 
72064554 1597 
72066151 377 
72066528 144 
72066672 55 
72066727 21 
72066748 8 
72066756 2 
72066758 1191744 
73258502 196418 
73454920 75025 
73529945 28657 
73558602 4181 
73562783 1597 
73564380 610 
73564990 55 
73565045 21 
73565066 2 
73565068 75025 
73640093 10946 
73651039 233 
73651272 8 
73651280 3 
73651283 1 
73651284 1933883 
75585167 1518671 
77103838 121393 
77225231 46368 
77271599 17711 
77289310 6765 
77296075 610 
77296685 89 
77296774 21 
77296795 1933883 
79230678 196418 
79427096 4181 
79431277 1597 
79432874 55 
79432929 21 
79432950 5 
79432955 1 
79432956 1518671 
80951627 75025 
81026652 28657 
81055309 6765 
81062074 1597 
81063671 377 
81064048 13 
81064061 3 
81064064 1140539 
82204603 17711 
82222314 4181 
82226495 610 
82227105 89 
82227194 34 
82227228 2 
82227230 1518671 
83745901 46368 
83792269 144 
83792413 55 
83792468 13 
83792481 3 
83792484 317811 
84110295 121393 
84231688 377 
84232065 89 
84232154 34 
84232188 8 
84232196 1191744 
85423940 196418 
85620358 46368 
85666726 10946 
85677672 987 
85678659 34 
85678693 13 
85678706 5 
85678711 514229 
86192940 121393 
86314333 46368 
86360701 17711 
86378412 4181 
86382593 1597 
86384190 89 
86384279 21 
86384300 2 
86384302 1933883 
88318185 1140539 
89458724 2584 
89461308 377 
89461685 55 
89461740 13 
89461753 5 
89461758 832040 
90293798 121393 
90415191 6765 
90421956 987 
90422943 233 
90423176 13 
90423189 3 
90423192 1933883 
92357075 317811 
92674886 75025 
92749911 28657 
92778568 89 
92778657 3 
92778660 1 
92778661 196418 
92975079 46368 
93021447 17711 
93039158 1597 
93040755 610 
93041365 89 
93041454 5 
93041459 2 
93041461 1933883 
94975344 317811 
95293155 28657 
95321812 10946 
95332758 2584 
95335342 987 
95336329 55 
95336384 21 
95336405 8 
95336413 514229 
95850642 46368 
95897010 610 
95897620 144 
95897764 13 
95897777 3 
95897780 1 
95897781 1933883 
97831664 514229 
98345893 196418 
98542311 75025 
98617336 28657 
98645993 4181 
98650174 34 
98650208 5 
98650213 1 
98650214 832040 
99482254 121393 
99603647 17711 
99621358 1597 
99622955 610 
99623565 21 
99623586 8 
99623594 3 
99623597 1933883 
101557480 121393 
101678873 6765 
101685638 1597 
101687235 610 
101687845 34 
101687879 3 
101687882 1191744 
102879626 196418 
103076044 28657 
103104701 4181 
103108882 1597 
103110479 377 
103110856 144 
103111000 21 
103111021 8 
103111029 3 
103111032 1 
103111033 1028458 
104139491 17711 
104157202 4181 
104161383 377 
104161760 89 
104161849 21 
104161870 8 
104161878 2 
104161880 1518671 
105680551 196418 
105876969 75025 
105951994 17711 
105969705 2584 
105972289 610 
105972899 144 
105973043 34 
105973077 13 
105973090 5 
105973095 1 
105973096 317811 
106290907 46368 
106337275 17711 
106354986 4181 
106359167 987 
106360154 377 
106360531 55 
106360586 21 
106360607 8 
106360615 2 
106360617 514229 
106874846 121393 
106996239 10946 
107007185 1597 
107008782 610 
107009392 34 
107009426 8 
107009434 2 
107009436 514229 
107523665 196418 
107720083 17711 
107737794 4181 
107741975 987 
107742962 377 
107743339 144 
107743483 55 
107743538 5 
107743543 1933883 
109677426 832040 
110509466 121393 
110630859 46368 
110677227 17711 
110694938 4181 
110699119 987 
110700106 377 
110700483 89 
110700572 34 
110700606 1518671 
112219277 196418 
112415695 17711 
112433406 4181 
112437587 1597 
112439184 377 
112439561 144 
112439705 21 
112439726 3 
112439729 1191744 
113631473 75025 
113706498 2584 
113709082 377 
113709459 144 
113709603 55 
113709658 21 
113709679 3 
113709682 1 
113709683 4181 
113713864 610 
113714474 89 
113714563 21 
113714584 2 
113714586 1191744 
114906330 196418 
115102748 75025 
115177773 28657 
115206430 6765 
115213195 1597 
115214792 377 
115215169 34 
115215203 13 
115215216 3 
115215219 1933883 
117149102 196418 
117345520 28657 
117374177 6765 
117380942 987 
117381929 89 
117382018 34 
117382052 8 
117382060 2 
117382062 832040 
118214102 10946 
118225048 4181 
118229229 1597 
118230826 377 
118231203 13 
118231216 1933883 
120165099 1518671 
121683770 196418 
121880188 6765 
121886953 2584 
121889537 610 
121890147 55 
121890202 2 
121890204 514229 
122404433 121393 
122525826 28657 
122554483 4181 
122558664 987 
122559651 89 
122559740 34 
122559774 13 
122559787 3 
122559790 1 
122559791 1933883 
124493674 1518671 
126012345 2584 
126014929 610 
126015539 55 
126015594 2 
126015596 317811 
126333407 121393 
126454800 46368 
126501168 10946 
126512114 2584 
126514698 987 
126515685 377 
126516062 144 
126516206 55 
126516261 21 
126516282 8 
126516290 3 
126516293 1 
126516294 1933883 
128450177 46368 
128496545 17711 
128514256 6765 
128521021 1597 
128522618 610 
128523228 89 
128523317 13 
128523330 5 
128523335 1 
128523336 1191744 
129715080 196418 
129911498 75025 
129986523 28657 
130015180 6765 
130021945 610 
130022555 89 
130022644 1836482 
131859126 28657 
131887783 6765 
131894548 1597 
131896145 377 
131896522 55 
131896577 21 
131896598 5 
131896603 2 
131896605 1191744 
133088349 75025 
133163374 28657 
133192031 10946 
133202977 377 
133203354 89 
133203443 34 
133203477 8 
133203485 3 
133203488 1 
133203489 1191744 
134395233 121393 
134516626 17711 
134534337 6765 
134541102 2584 
134543686 987 
134544673 1518671 
136063344 75025 
136138369 10946 
136149315 4181 
136153496 1597 
136155093 610 
136155703 233 
136155936 55 
136155991 13 
136156004 5 
136156009 1028458 
137184467 28657 
137213124 6765 
137219889 1597 
137221486 610 
137222096 144 
137222240 21 
137222261 1140539 
138362800 2584 
138365384 610 
138365994 55 
138366049 21 
138366070 1 
138366071 1933883 
140299954 514229 
140814183 196418 
141010601 75025 
141085626 17711 
141103337 6765 
141110102 2584 
141112686 144 
141112830 55 
141112885 5 
141112890 2 
141112892 1191744 
142304636 121393 
142426029 46368 
142472397 17711 
142490108 6765 
142496873 2584 
142499457 987 
142500444 233 
142500677 89 
142500766 13 
142500779 3 
142500782 1 
142500783 1191744 
143692527 121393 
143813920 10946 
143824866 144 
143825010 34 
143825044 13 
143825057 5 
143825062 2 
143825064 832040 
144657104 28657 
144685761 10946 
144696707 377 
144697084 55 
144697139 21 
144697160 8 
144697168 3 
144697171 1 
144697172 196418 
144893590 75025 
144968615 6765 
144975380 1597 
144976977 377 
144977354 34 
144977388 13 
144977401 3 
144977404 1 
144977405 1933883 
146911288 514229 
147425517 121393 
147546910 28657 
147575567 6765 
147582332 233 
147582565 34 
147582599 13 
147582612 5 
147582617 832040 
148414657 121393 
148536050 46368 
148582418 4181 
148586599 610 
148587209 144 
148587353 5 
148587358 2 
148587360 1028458 
149615818 28657 
149644475 1597 
149646072 610 
149646682 233 
149646915 89 
149647004 21 
149647025 5 
149647030 2 
149647032 1933883 
151580915 317811 
151898726 10946 
151909672 4181 
151913853 1597 
151915450 89 
151915539 34 
151915573 13 
151915586 3 
151915589 1028458 
152944047 28657 
152972704 1597 
152974301 377 
152974678 89 
152974767 34 
152974801 8 
152974809 2 
152974811 1933883 
154908694 514229 
155422923 121393 
155544316 17711 
155562027 4181 
155566208 1597 
155567805 610 
155568415 144 
155568559 55 
155568614 13 
155568627 2 
155568629 514229 
156082858 196418 
156279276 10946 
156290222 2584 
156292806 987 
156293793 377 
156294170 144 
156294314 55 
156294369 21 
156294390 3 
156294393 1836482 
158130875 46368 
158177243 10946 
158188189 4181 
158192370 987 
158193357 144 
158193501 34 
158193535 8 
158193543 3 
158193546 1 
158193547 1911507 
160105054 10946 
160116000 4181 
160120181 1597 
160121778 377 
160122155 144 
160122299 55 
160122354 21 
160122375 3 
160122378 832040 
160954418 17711 
160972129 4181 
160976310 377 
160976687 89 
160976776 34 
160976810 3 
160976813 1 
160976814 1933883 
162910697 317811 
163228508 121393 
163349901 46368 
163396269 10946 
163407215 4181 
163411396 377 
163411773 34 
163411807 5 
163411812 1 
163411813 196418 
163608231 17711 
163625942 610 
163626552 233 
163626785 21 
163626806 5 
163626811 1191744 
164818555 121393 
164939948 6765 
164946713 1597 
164948310 233 
164948543 89 
164948632 8 
164948640 3 
164948643 1 
164948644 1933883 
166882527 514229 
167396756 46368 
167443124 17711 
167460835 6765 
167467600 987 
167468587 377 
167468964 144 
167469108 55 
167469163 21 
167469184 1191744 
168660928 196418 
168857346 17711 
168875057 6765 
168881822 2584 
168884406 610 
168885016 34 
168885050 13 
168885063 5 
168885068 1 
168885069 1028458 
169913527 10946 
169924473 2584 
169927057 610 
169927667 233 
169927900 5 
169927905 1836482 
171764387 28657 
171793044 10946 
171803990 4181 
171808171 377 
171808548 21 
171808569 3 
171808572 514229 
172322801 196418 
172519219 75025 
172594244 28657 
172622901 6765 
172629666 2584 
172632250 377 
172632627 144 
172632771 55 
172632826 1 
172632827 1933883 
174566710 832040 
175398750 75025 
175473775 10946 
175484721 4181 
175488902 987 
175489889 233 
175490122 55 
175490177 21 
175490198 196418 
175686616 28657 
175715273 10946 
175726219 610 
175726829 233 
175727062 55 
175727117 2 
175727119 1933883 
177661002 832040 
178493042 46368 
178539410 4181 
178543591 610 
178544201 21 
178544222 3 
178544225 1028458 
179572683 28657 
179601340 2584 
179603924 987 
179604911 377 
179605288 144 
179605432 21 
179605453 3 
179605456 514229 
180119685 75025 
180194710 6765 
180201475 2584 
180204059 377 
180204436 89 
180204525 5 
180204530 514229 
180718759 121393 
180840152 46368 
180886520 17711 
180904231 6765 
180910996 1597 
180912593 144 
180912737 55 
180912792 8 
180912800 2 
180912802 1933883 
182846685 196418 
183043103 75025 
183118128 28657 
183146785 4181 
183150966 1597 
183152563 610 
183153173 144 
183153317 21 
183153338 3 
183153341 1933883 
185087224 121393 
185208617 46368 
185254985 10946 
185265931 4181 
185270112 1597 
185271709 377 
185272086 89 
185272175 13 
185272188 3 
185272191 1933883 
187206074 46368 
187252442 17711 
187270153 6765 
187276918 987 
187277905 89 
187277994 13 
187278007 5 
187278012 1836482 
189114494 17711 
189132205 6765 
189138970 1597 
189140567 377 
189140944 89 
189141033 13 
189141046 196418 
189337464 28657 
189366121 10946 
189377067 1597 
189378664 34 
189378698 832040 
190210738 75025 
190285763 10946 
190296709 4181 
190300890 1597 
190302487 377 
190302864 89 
190302953 21 
190302974 8 
190302982 1 
190302983 196418 
190499401 75025 
190574426 28657 
190603083 6765 
190609848 987 
190610835 377 
190611212 144 
190611356 5 
190611361 1 
190611362 1518671 
192130033 196418 
192326451 10946 
192337397 2584 
192339981 233 
192340214 13 
192340227 5 
192340232 1 
192340233 1028458 
193368691 28657 
193397348 2584 
193399932 987 
193400919 34 
193400953 8 
193400961 2 
193400963 1933883 
195334846 75025 
195409871 17711 
195427582 6765 
195434347 987 
195435334 55 
195435389 13 
195435402 5 
195435407 2 
195435409 1191744 
196627153 196418 
196823571 75025 
196898596 10946 
196909542 2584 
196912126 144 
196912270 21 
196912291 5 
196912296 1933883 
198846179 832040 
199678219 17711 
199695930 6765 
199702695 610 
199703305 233 
199703538 55 
199703593 1191744 
200895337 75025 
200970362 17711 
200988073 4181 
200992254 987 
200993241 377 
200993618 89 
200993707 5 
200993712 1933883 
202927595 514229 
203441824 196418 
203638242 75025 
203713267 17711 
203730978 987 
203731965 55 
203732020 21 
203732041 1836482 
205568523 28657 
205597180 4181 
205601361 987 
205602348 377 
205602725 89 
205602814 317811 
205920625 121393 
206042018 46368 
206088386 6765 
206095151 2584 
206097735 610 
206098345 144 
206098489 34 
206098523 8 
206098531 3 
206098534 121393 
206219927 10946 
206230873 610 
206231483 233 
206231716 13 
206231729 1 
206231730 317811 
206549541 121393 
206670934 46368 
206717302 4181 
206721483 1597 
206723080 377 
206723457 55 
206723512 8 
206723520 1933883 
208657403 1836482 
210493885 17711 
210511596 4181 
210515777 1597 
210517374 144 
210517518 55 
210517573 21 
210517594 2 
210517596 196418 
210714014 46368 
210760382 17711 
210778093 610 
210778703 144 
210778847 55 
210778902 3 
210778905 1518671 
212297576 46368 
212343944 10946 
212354890 4181 
212359071 987 
212360058 34 
212360092 1 
212360093 832040 
213192133 75025 
213267158 17711 
213284869 6765 
213291634 987 
213292621 233 
213292854 89 
213292943 21 
213292964 8 
213292972 1 
213292973 1933883 
215226856 28657 
215255513 6765 
215262278 1597 
215263875 610 
215264485 233 
215264718 34 
215264752 8 
215264760 1 
215264761 1933883 
217198644 317811 
217516455 121393 
217637848 6765 
217644613 2584 
217647197 987 
217648184 377 
217648561 144 
217648705 55 
217648760 8 
217648768 3 
217648771 514229 
218163000 121393 
218284393 46368 
218330761 17711 
218348472 4181 
218352653 987 
218353640 233 
218353873 89 
218353962 21 
218353983 8 
218353991 1933883 
220287874 196418 
220484292 75025 
220559317 1597 
220560914 610 
220561524 89 
220561613 21 
220561634 5 
220561639 2 
220561641 1933883 
222495524 317811 
222813335 46368 
222859703 17711 
222877414 6765 
222884179 13 
222884192 3 
222884195 1518671 
224402866 121393 
224524259 46368 
224570627 6765 
224577392 2584 
224579976 987 
224580963 233 
224581196 34 
224581230 5 
224581235 1 
224581236 1191744 
225772980 121393 
225894373 46368 
225940741 17711 
225958452 6765 
225965217 55 
225965272 8 
225965280 121393 
226086673 46368 
226133041 6765 
226139806 987 
226140793 377 
226141170 13 
226141183 5 
226141188 1 
226141189 1518671 
227659860 46368 
227706228 6765 
227712993 2584 
227715577 233 
227715810 89 
227715899 34 
227715933 1933883 
229649816 832040 
230481856 121393 
230603249 1597 
230604846 377 
230605223 144 
230605367 55 
230605422 13 
230605435 1 
230605436 317811 
230923247 17711 
230940958 4181 
230945139 1597 
230946736 233 
230946969 89 
230947058 5 
230947063 2 
230947065 1933883 
232880948 196418 
233077366 46368 
233123734 4181 
233127915 610 
233128525 233 
233128758 89 
233128847 21 
233128868 8 
233128876 2 
233128878 514229 
233643107 121393 
233764500 46368 
233810868 17711 
233828579 6765 
233835344 2584 
233837928 987 
233838915 55 
233838970 8 
233838978 2 
233838980 1933883 
235772863 317811 
236090674 28657 
236119331 6765 
236126096 233 
236126329 89 
236126418 21 
236126439 2 
236126441 317811 
236444252 28657 
236472909 4181 
236477090 610 
236477700 3 
236477703 1518671 
237996374 121393 
238117767 28657 
238146424 4181 
238150605 1597 
238152202 610 
238152812 21 
238152833 8 
238152841 3 
238152844 1933883 
240086727 1518671 
241605398 46368 
241651766 17711 
241669477 6765 
241676242 1597 
241677839 610 
241678449 233 
241678682 89 
241678771 8 
241678779 1 
241678780 514229 
242193009 196418 
242389427 75025 
242464452 17711 
242482163 6765 
242488928 2584 
242491512 144 
242491656 55 
242491711 13 
242491724 5 
242491729 2 
242491731 196418 
242688149 46368 
242734517 6765 
242741282 1597 
242742879 610 
242743489 144 
242743633 34 
242743667 13 
242743680 5 
242743685 2 
242743687 1933883 
244677570 1191744 
245869314 196418 
246065732 17711 
246083443 6765 
246090208 89 
246090297 34 
246090331 1518671 
247609002 75025 
247684027 6765 
247690792 1597 
247692389 233 
247692622 89 
247692711 34 
247692745 8 
247692753 3 
247692756 1 
247692757 832040 
248524797 75025 
248599822 6765 
248606587 2584 
248609171 987 
248610158 233 
248610391 55 
248610446 21 
248610467 8 
248610475 3 
248610478 1 
248610479 196418 
248806897 75025 
248881922 6765 
248888687 987 
248889674 13 
248889687 5 
248889692 1 
248889693 317811 
249207504 75025 
249282529 6765 
249289294 1597 
249290891 610 
249291501 233 
249291734 89 
249291823 3 
249291826 1 
249291827 317811 
249609638 121393 
249731031 46368 
249777399 2584 
249779983 89 
249780072 34 
249780106 13 
249780119 5 
249780124 121393 
249901517 46368 
249947885 610 
249948495 21 
249948516 8 
249948524 2 
249948526 5801644 
255750170 514229 
256264399 196418 
256460817 28657 
256489474 2584 
256492058 233 
256492291 55 
256492346 21 
256492367 8 
256492375 3 
256492378 1 
256492379 121393 
256613772 17711 
256631483 6765 
256638248 610 
256638858 144 
256639002 55 
256639057 3 
256639060 1518671 
258157731 121393 
258279124 17711 
258296835 4181 
258301016 233 
258301249 89 
258301338 21 
258301359 5 
258301364 1 
258301365 121393 
258422758 2584 
258425342 610 
258425952 144 
258426096 34 
258426130 13 
258426143 3 
258426146 1 
258426147 1933883 
260360030 1132140 
261492170 2584 
261494754 377 
261495131 144 
261495275 55 
261495330 8 
261495338 2 
261495340 1191744 
262687084 196418 
262883502 17711 
262901213 2584 
262903797 610 
262904407 34 
262904441 13 
262904454 5 
262904459 2 
262904461 28657 
262933118 10946 
262944064 4181 
262948245 987 
262949232 233 
262949465 89 
262949554 34 
262949588 13 
262949601 5 
262949606 1 
262949607 1933883 
264883490 196418 
265079908 46368 
265126276 10946 
265137222 1597 
265138819 233 
265139052 34 
265139086 5 
265139091 2 
265139093 1933883 
267072976 28657 
267101633 2584 
267104217 987 
267105204 13 
267105217 1933883 
269039100 514229 
269553329 28657 
269581986 10946 
269592932 4181 
269597113 1597 
269598710 610 
269599320 21 
269599341 8 
269599349 2 
269599351 1836482 
271435833 28657 
271464490 10946 
271475436 987 
271476423 377 
271476800 144 
271476944 5 
271476949 2 
271476951 514229 
271991180 196418 
272187598 75025 
272262623 6765 
272269388 987 
272270375 377 
272270752 55 
272270807 21 
272270828 8 
272270836 3 
272270839 1 
272270840 317811 
272588651 2584 
272591235 987 
272592222 233 
272592455 89 
272592544 34 
272592578 8 
272592586 1191744 
273784330 75025 
273859355 6765 
273866120 5 
273866125 1933883 
275800008 1518671 
277318679 121393 
277440072 28657 
277468729 987 
277469716 233 
277469949 89 
277470038 13 
277470051 2 
277470053 832040 
278302093 121393 
278423486 46368 
278469854 6765 
278476619 2584 
278479203 987 
278480190 144 
278480334 34 
278480368 13 
278480381 5 
278480386 1518671 
279999057 121393 
280120450 17711 
280138161 6765 
280144926 2584 
280147510 987 
280148497 144 
280148641 13 
280148654 1 
280148655 1518671 
281667326 46368 
281713694 17711 
281731405 2584 
281733989 34 
281734023 13 
281734036 1911507 
283645543 6765 
283652308 2584 
283654892 987 
283655879 34 
283655913 13 
283655926 5 
283655931 1 
283655932 28657 
283684589 4181 
283688770 987 
283689757 233 
283689990 89 
283690079 8 
283690087 3 
283690090 1 
283690091 1518671 
285208762 196418 
285405180 46368 
285451548 10946 
285462494 4181 
285466675 144 
285466819 55 
285466874 21 
285466895 8 
285466903 3 
285466906 1933883 
287400789 75025 
287475814 2584 
287478398 144 
287478542 55 
287478597 13 
287478610 1 
287478611 514229 
287992840 121393 
288114233 17711 
288131944 6765 
288138709 233 
288138942 89 
288139031 21 
288139052 8 
288139060 3 
288139063 1 
288139064 1933883 
290072947 317811 
290390758 121393 
290512151 46368 
290558519 17711 
290576230 6765 
290582995 2584 
290585579 987 
290586566 377 
290586943 3 
290586946 1518671 
292105617 28657 
292134274 1597 
292135871 377 
292136248 55 
292136303 1 
292136304 514229 
292650533 196418 
292846951 46368 
292893319 17711 
292911030 6765 
292917795 1597 
292919392 21 
292919413 8 
292919421 1 
292919422 1933883 
294853305 514229 
295367534 75025 
295442559 1597 
295444156 233 
295444389 89 
295444478 34 
295444512 13 
295444525 3 
295444528 1 
295444529 196418 
295640947 75025 
295715972 28657 
295744629 4181 
295748810 377 
295749187 144 
295749331 8 
295749339 3 
295749342 1933883 
297683225 196418 
297879643 75025 
297954668 6765 
297961433 2584 
297964017 233 
297964250 21 
297964271 5 
297964276 1933883 
299898159 17711 
299915870 4181 
299920051 987 
299921038 233 
299921271 21 
299921292 3 
299921295 1 
299921296 317811 
300239107 121393 
300360500 17711 
300378211 987 
300379198 377 
300379575 55 
300379630 13 
300379643 2 
300379645 1933883 
302313528 514229 
302827757 75025 
302902782 28657 
302931439 10946 
302942385 2584 
302944969 987 
302945956 144 
302946100 55 
302946155 21 
302946176 8 
302946184 1 
302946185 196418 
303142603 46368 
303188971 10946 
303199917 2584 
303202501 233 
303202734 89 
303202823 8 
303202831 3 
303202834 1 
303202835 1933883 
305136718 514229 
305650947 196418 
305847365 75025 
305922390 28657 
305951047 6765 
305957812 1597 
305959409 377 
305959786 144 
305959930 34 
305959964 13 
305959977 5 
305959982 2 
305959984 514229 
306474213 196418 
306670631 75025 
306745656 28657 
306774313 10946 
306785259 610 
306785869 21 
306785890 8 
306785898 1140539 
307926437 28657 
307955094 10946 
307966040 4181 
307970221 987 
307971208 377 
307971585 89 
307971674 2 
307971676 514229 
308485905 28657 
308514562 377 
308514939 89 
308515028 21 
308515049 1 
308515050 514229 
309029279 121393 
309150672 17711 
309168383 144 
309168527 55 
309168582 21 
309168603 5 
309168608 2 
309168610 3867761 
313036371 317811 
313354182 121393 
313475575 46368 
313521943 2584 
313524527 89 
313524616 34 
313524650 2 
313524652 514229 
314038881 121393 
314160274 17711 
314177985 2584 
314180569 987 
314181556 144 
314181700 34 
314181734 13 
314181747 1 
314181748 317811 
314499559 121393 
314620952 46368 
314667320 17711 
314685031 4181 
314689212 987 
314690199 377 
314690576 144 
314690720 13 
314690733 3 
314690736 1 
314690737 1028458 
315719195 46368 
315765563 17711 
315783274 1597 
315784871 377 
315785248 89 
315785337 34 
315785371 3 
315785374 1933883 
317719257 1191744 
318911001 196418 
319107419 28657 
319136076 6765 
319142841 987 
319143828 377 
319144205 21 
319144226 5 
319144231 1 
319144232 1518671 
320662903 196418 
320859321 75025 
320934346 10946 
320945292 2584 
320947876 377 
320948253 55 
320948308 8 
320948316 2 
320948318 317811 
321266129 121393 
321387522 6765 
321394287 1597 
321395884 377 
321396261 89 
321396350 13 
321396363 5 
321396368 1518671 
322915039 28657 
322943696 4181 
322947877 987 
322948864 55 
322948919 13 
322948932 3 
322948935 514229 
323463164 121393 
323584557 10946 
323595503 2584 
323598087 610 
323598697 55 
323598752 5 
323598757 514229 
324112986 17711 
324130697 6765 
324137462 1597 
324139059 55 
324139114 21 
324139135 8 
324139143 1 
324139144 1191744 
325330888 196418 
325527306 75025 
325602331 28657 
325630988 6765 
325637753 1597 
325639350 144 
325639494 21 
325639515 8 
325639523 3 
325639526 1933883 
327573409 1191744 
328765153 196418 
328961571 46368 
329007939 2584 
329010523 377 
329010900 144 
329011044 55 
329011099 13 
329011112 3 
329011115 1933883 
330944998 514229 
331459227 196418 
331655645 10946 
331666591 4181 
331670772 1597 
331672369 233 
331672602 21 
331672623 317811 
331990434 28657 
332019091 4181 
332023272 987 
332024259 233 
332024492 55 
332024547 8 
332024555 2 
332024557 1933883 
333958440 317811 
334276251 121393 
334397644 46368 
334444012 10946 
334454958 1597 
334456555 610 
334457165 34 
334457199 8 
334457207 1 
334457208 46368 
334503576 17711 
334521287 6765 
334528052 1597 
334529649 21 
334529670 1 
334529671 1191744 
335721415 196418 
335917833 10946 
335928779 4181 
335932960 1597 
335934557 610 
335935167 144 
335935311 34 
335935345 8 
335935353 1933883 
337869236 1191744 
339060980 46368 
339107348 6765 
339114113 377 
339114490 144 
339114634 55 
339114689 21 
339114710 2 
339114712 514229 
339628941 28657 
339657598 6765 
339664363 2584 
339666947 987 
339667934 377 
339668311 89 
339668400 34 
339668434 8 
339668442 3 
339668445 1933883 
341602328 317811 
341920139 1597 
341921736 377 
341922113 8 
341922121 2 
341922123 832040 
342754163 46368 
342800531 10946 
342811477 2584 
342814061 610 
342814671 233 
342814904 21 
342814925 8 
342814933 1518671 
344333604 196418 
344530022 28657 
344558679 4181 
344562860 13 
344562873 3 
344562876 1 
344562877 121393 
344684270 10946 
344695216 2584 
344697800 987 
344698787 89 
344698876 34 
344698910 13 
344698923 1518671 
346217594 46368 
346263962 610 
346264572 144 
346264716 34 
346264750 8 
346264758 1933883 
348198641 75025 
348273666 28657 
348302323 4181 
348306504 377 
348306881 89 
348306970 21 
348306991 8 
348306999 1933883 
350240882 832040 
351072922 46368 
351119290 6765 
351126055 1597 
351127652 377 
351128029 55 
351128084 2 
351128086 1191744 
352319830 196418 
352516248 75025 
352591273 28657 
352619930 377 
352620307 55 
352620362 3 
352620365 1 
352620366 514229 
353134595 121393 
353255988 17711 
353273699 987 
353274686 55 
353274741 21 
353274762 8 
353274770 2 
353274772 832040 
354106812 121393 
354228205 28657 
354256862 2584 
354259446 610 
354260056 233 
354260289 1 
354260290 1191744 
355452034 28657 
355480691 6765 
355487456 1597 
355489053 21 
355489074 8 
355489082 3 
355489085 1 
355489086 1933883 
357422969 514229 
357937198 196418 
358133616 75025 
358208641 28657 
358237298 10946 
358248244 1597 
358249841 610 
358250451 55 
358250506 8 
358250514 1 
358250515 1191744 
359442259 4181 
359446440 987 
359447427 144 
359447571 55 
359447626 2 
359447628 1191744 
360639372 196418 
360835790 17711 
360853501 6765 
360860266 987 
360861253 89 
360861342 34 
360861376 13 
360861389 3 
360861392 1 
360861393 1933883 
362795276 196418 
362991694 75025 
363066719 1597 
363068316 377 
363068693 144 
363068837 34 
363068871 8 
363068879 1191744 
364260623 2584 
364263207 144 
364263351 21 
364263372 8 
364263380 3 
364263383 1 
364263384 317811 
364581195 46368 
364627563 6765 
364634328 2584 
364636912 233 
364637145 55 
364637200 8 
364637208 832040 
365469248 121393 
365590641 28657 
365619298 10946 
365630244 4181 
365634425 610 
365635035 34 
365635069 8 
365635077 2 
365635079 317811 
365952890 121393 
366074283 46368 
366120651 17711 
366138362 6765 
366145127 2584 
366147711 987 
366148698 144 
366148842 55 
366148897 1 
366148898 832040 
366980938 75025 
367055963 17711 
367073674 1597 
367075271 610 
367075881 89 
367075970 34 
367076004 13 
367076017 2 
367076019 1933883 
369009902 317811 
369327713 121393 
369449106 46368 
369495474 17711 
369513185 2584 
369515769 377 
369516146 144 
369516290 34 
369516324 5 
369516329 2 
369516331 1191744 
370708075 46368 
370754443 10946 
370765389 377 
370765766 89 
370765855 1191744 
371957599 4181 
371961780 144 
371961924 8 
371961932 2 
371961934 1518671 
373480605 196418 
373677023 46368 
373723391 987 
373724378 34 
373724412 5 
373724417 2 
373724419 317811 
374042230 46368 
374088598 144 
374088742 34 
374088776 13 
374088789 2 
374088791 514229 
374603020 75025 
374678045 233 
374678278 89 
374678367 13 
374678380 196418 
374874798 75025 
374949823 17711 
374967534 4181 
374971715 377 
374972092 144 
374972236 34 
374972270 3 
374972273 7208646 
382180919 317811 
382498730 28657 
382527387 4181 
382531568 1597 
382533165 233 
382533398 89 
382533487 3 
382533490 1 
382533491 121393 
382654884 6765 
382661649 2584 
382664233 987 
382665220 377 
382665597 13 
382665610 3 
382665613 1 
382665614 832040 
383497654 121393 
383619047 28657 
383647704 10946 
383658650 2584 
383661234 610 
383661844 233 
383662077 55 
383662132 21 
383662153 1 
383662154 1933883 
385596037 832040 
386428077 121393 
386549470 4181 
386553651 1597 
386555248 377 
386555625 144 
386555769 34 
386555803 5 
386555808 1 
386555809 1191744 
387747553 121393 
387868946 46368 
387915314 17711 
387933025 987 
387934012 144 
387934156 21 
387934177 8 
387934185 3 
387934188 1 
387934189 317811 
388252000 121393 
388373393 377 
388373770 55 
388373825 13 
388373838 3 
388373841 1933883 
390307724 832040 
391139764 75025 
391214789 28657 
391243446 987 
391244433 233 
391244666 55 
391244721 5 
391244726 1 
391244727 1191744 
392436471 196418 
392632889 75025 
392707914 17711 
392725625 4181 
392729806 987 
392730793 377 
392731170 5 
392731175 1518671 
394249846 121393 
394371239 10946 
394382185 2584 
394384769 987 
394385756 233 
394385989 2 
394385991 1836482 
396222473 28657 
396251130 10946 
396262076 1597 
396263673 89 
396263762 34 
396263796 5 
396263801 2 
396263803 121393 
396385196 10946 
396396142 1597 
396397739 377 
396398116 144 
396398260 55 
396398315 21 
396398336 5 
396398341 1933883 
398332224 317811 
398650035 28657 
398678692 4181 
398682873 144 
398683017 5 
398683022 832040 
399515062 121393 
399636455 10946 
399647401 1597 
399648998 610 
399649608 233 
399649841 89 
399649930 34 
399649964 5 
399649969 1 
399649970 75025 
399724995 6765 
399731760 2584 
399734344 987 
399735331 377 
399735708 89 
399735797 3 
399735800 1933883 
401669683 832040 
402501723 121393 
402623116 10946 
402634062 1597 
402635659 610 
402636269 233 
402636502 89 
402636591 34 
402636625 8 
402636633 2 
402636635 1933883 
404570518 514229 
405084747 196418 
405281165 46368 
405327533 10946 
405338479 4181 
405342660 610 
405343270 89 
405343359 34 
405343393 10946 
405354339 1597 
405355936 21 
405355957 2 
405355959 1518671 
406874630 46368 
406920998 1597 
406922595 610 
406923205 233 
406923438 3 
406923441 514229 
407437670 196418 
407634088 75025 
407709113 17711 
407726824 2584 
407729408 55 
407729463 8 
407729471 3 
407729474 1 
407729475 1933883 
409663358 1518671 
411182029 75025 
411257054 28657 
411285711 6765 
411292476 377 
411292853 144 
411292997 34 
411293031 13 
411293044 1191744 
412484788 196418 
412681206 46368 
412727574 10946 
412738520 4181 
412742701 1597 
412744298 610 
412744908 89 
412744997 21 
412745018 1 
412745019 10946 
412755965 610 
412756575 21 
412756596 8 
412756604 2 
412756606 28657 
412785263 6765 
412792028 1597 
412793625 377 
412794002 144 
412794146 34 
412794180 8 
412794188 1 
412794189 1933883 
414728072 1836482 
416564554 28657 
416593211 10946 
416604157 4181 
416608338 610 
416608948 5 
416608953 1933883 
418542836 121393 
418664229 46368 
418710597 17711 
418728308 2584 
418730892 987 
418731879 89 
418731968 34 
418732002 1 
418732003 514229 
419246232 196418 
419442650 987 
419443637 89 
419443726 13 
419443739 2 
419443741 1933883 
421377624 75025 
421452649 4181 
421456830 610 
421457440 55 
421457495 21 
421457516 8 
421457524 1 
421457525 1518671 
422976196 75025 
423051221 28657 
423079878 6765 
423086643 2584 
423089227 55 
423089282 21 
423089303 5 
423089308 1 
423089309 196418 
423285727 75025 
423360752 10946 
423371698 4181 
423375879 377 
423376256 34 
423376290 1 
423376291 1028458 
424404749 28657 
424433406 2584 
424435990 55 
424436045 21 
424436066 2 
424436068 317811 
424753879 75025 
424828904 4181 
424833085 89 
424833174 21 
424833195 3 
424833198 3867761 
428700959 196418 
428897377 46368 
428943745 6765 
428950510 610 
428951120 233 
428951353 34 
428951387 13 
428951400 1 
428951401 1140539 
430091940 28657 
430120597 10946 
430131543 2584 
430134127 610 
430134737 21 
430134758 5 
430134763 2 
430134765 1191744 
431326509 121393 
431447902 4181 
431452083 1597 
431453680 610 
431454290 89 
431454379 34 
431454413 5 
431454418 1933883 
433388301 196418 
433584719 75025 
433659744 6765 
433666509 1597 
433668106 377 
433668483 55 
433668538 21 
433668559 8 
433668567 1 
433668568 46368 
433714936 10946 
433725882 1597 
433727479 377 
433727856 144 
433728000 34 
433728034 8 
433728042 121393 
433849435 46368 
433895803 17711 
433913514 4181 
433917695 1597 
433919292 233 
433919525 89 
433919614 34 
433919648 13 
433919661 1 
433919662 514229 
434433891 17711 
434451602 6765 
434458367 1597 
434459964 610 
434460574 144 
434460718 5 
434460723 2 
434460725 3867761 
438328486 514229 
438842715 121393 
438964108 28657 
438992765 6765 
438999530 1597 
439001127 34 
439001161 3 
439001164 1132140 
440133304 4181 
440137485 1597 
440139082 610 
440139692 233 
440139925 1 
440139926 514229 
440654155 28657 
440682812 10946 
440693758 2584 
440696342 987 
440697329 144 
440697473 55 
440697528 21 
440697549 8 
440697557 3 
440697560 1191744 
441889304 196418 
442085722 17711 
442103433 4181 
442107614 610 
442108224 144 
442108368 55 
442108423 3 
442108426 1103483 
443211909 10946 
443222855 2584 
443225439 987 
443226426 377 
443226803 55 
443226858 13 
443226871 2 
443226873 1933883 
445160756 832040 
445992796 46368 
446039164 4181 
446043345 987 
446044332 377 
446044709 144 
446044853 55 
446044908 13 
446044921 5 
446044926 1 
446044927 1933883 
447978810 514229 
448493039 196418 
448689457 75025 
448764482 17711 
448782193 610 
448782803 34 
448782837 13 
448782850 3 
448782853 1 
448782854 1191744 
449974598 46368 
450020966 6765 
450027731 144 
450027875 55 
450027930 8 
450027938 832040 
450859978 46368 
450906346 10946 
450917292 4181 
450921473 1597 
450923070 610 
450923680 233 
450923913 34 
450923947 13 
450923960 2 
450923962 1132140 
452056102 4181 
452060283 89 
452060372 34 
452060406 8 
452060414 317811 
452378225 121393 
452499618 17711 
452517329 6765 
452524094 2584 
452526678 377 
452527055 89 
452527144 8 
452527152 1933883 
454461035 514229 
454975264 121393 
455096657 46368 
455143025 17711 
455160736 6765 
455167501 987 
455168488 55 
455168543 8 
455168551 1933883 
457102434 317811 
457420245 987 
457421232 377 
457421609 34 
457421643 13 
457421656 5 
457421661 2 
457421663 1191744 
458613407 75025 
458688432 10946 
458699378 1597 
458700975 89 
458701064 2 
458701066 1836482 
460537548 28657 
460566205 6765 
460572970 987 
460573957 233 
460574190 21 
460574211 2 
460574213 1191744 
461765957 28657 
461794614 4181 
461798795 987 
461799782 89 
461799871 5 
461799876 2 
461799878 1836482 
463636360 28657 
463665017 10946 
463675963 2584 
463678547 89 
463678636 8 
463678644 2 
463678646 196418 
463875064 75025 
463950089 28657 
463978746 10946 
463989692 610 
463990302 233 
463990535 34 
463990569 8 
463990577 2 
463990579 514229 
464504808 46368 
464551176 6765 
464557941 987 
464558928 89 
464559017 5 
464559022 2 
464559024 1933883 
466492907 1518671 
468011578 196418 
468207996 4181 
468212177 55 
468212232 21 
468212253 3 
468212256 832040 
469044296 75025 
469119321 28657 
469147978 4181 
469152159 1597 
469153756 89 
469153845 3 
469153848 1191744 
470345592 17711 
470363303 6765 
470370068 144 
470370212 55 
470370267 21 
470370288 8 
470370296 3 
470370299 1 
470370300 832040 
471202340 46368 
471248708 17711 
471266419 610 
471267029 89 
471267118 34 
471267152 13 
471267165 5 
471267170 2 
471267172 1933883 
473201055 987 
473202042 377 
473202419 144 
473202563 8 
473202571 1 
473202572 1933883 
475136455 514229 
475650684 196418 
475847102 75025 
475922127 17711 
475939838 4181 
475944019 377 
475944396 13 
475944409 1191744 
477136153 121393 
477257546 10946 
477268492 4181 
477272673 1597 
477274270 610 
477274880 34 
477274914 8 
477274922 2 
477274924 514229 
477789153 196418 
477985571 4181 
477989752 987 
477990739 233 
477990972 89 
477991061 34 
477991095 13 
477991108 317811 
478308919 121393 
478430312 46368 
478476680 10946 
478487626 610 
478488236 233 
478488469 89 
478488558 34 
478488592 8 
478488600 2 
478488602 1191744 
479680346 196418 
479876764 75025 
479951789 10946 
479962735 4181 
479966916 987 
479967903 377 
479968280 55 
479968335 8 
479968343 1 
479968344 1933883 
481902227 121393 
482023620 46368 
482069988 4181 
482074169 233 
482074402 89 
482074491 13 
482074504 1 
482074505 1933883 
484008388 317811 
484326199 121393 
484447592 28657 
484476249 10946 
484487195 987 
484488182 377 
484488559 21 
484488580 2 
484488582 1191744 
485680326 46368 
485726694 6765 
485733459 2584 
485736043 377 
485736420 34 
485736454 8 
485736462 2 
485736464 46368 
485782832 10946 
485793778 2584 
485796362 610 
485796972 144 
485797116 55 
485797171 13 
485797184 5 
485797189 1 
485797190 1933883 
487731073 832040 
488563113 121393 
488684506 46368 
488730874 610 
488731484 233 
488731717 89 
488731806 34 
488731840 13 
488731853 1 
488731854 1933883 
490665737 196418 
490862155 75025 
490937180 4181 
490941361 987 
490942348 377 
490942725 144 
490942869 34 
490942903 8 
490942911 2 
490942913 1028458 
491971371 10946 
491982317 4181 
491986498 1597 
491988095 377 
491988472 89 
491988561 34 
491988595 1 
491988596 1836482 
493825078 28657 
493853735 6765 
493860500 2584 
493863084 987 
493864071 8 
493864079 1 
493864080 1191744 
495055824 196418 
495252242 46368 
495298610 1597 
495300207 34 
495300241 8 
495300249 3 
495300252 1191744 
496491996 196418 
496688414 75025 
496763439 4181 
496767620 377 
496767997 89 
496768086 21 
496768107 514229 
497282336 75025 
497357361 28657 
497386018 10946 
497396964 4181 
497401145 1597 
497402742 610 
497403352 144 
497403496 34 
497403530 6765 
497410295 987 
497411282 55 
497411337 3 
497411340 1 
497411341 1836482 
499247823 46368 
499294191 6765 
499300956 2584 
499303540 987 
499304527 89 
499304616 3 
499304619 1 
499304620 514229 
499818849 75025 
499893874 28657 
499922531 6765 
499929296 233 
499929529 55 
499929584 3 
499929587 3867761 
503797348 514229 
504311577 75025 
504386602 17711 
504404313 2584 
504406897 610 
504407507 34 
504407541 8 
504407549 3 
504407552 1 
504407553 196418 
504603971 46368 
504650339 10946 
504661285 1597 
504662882 89 
504662971 1 
504662972 1191744 
505854716 196418 
506051134 75025 
506126159 28657 
506154816 10946 
506165762 1597 
506167359 377 
506167736 55 
506167791 8 
506167799 3 
506167802 1 
506167803 514229 
506682032 75025 
506757057 17711 
506774768 2584 
506777352 610 
506777962 89 
506778051 21 
506778072 1 
506778073 1933883 
508711956 1518671 
510230627 121393 
510352020 46368 
510398388 6765 
510405153 2584 
510407737 987 
510408724 55 
510408779 21 
510408800 2 
510408802 832040 
511240842 46368 
511287210 233 
511287443 89 
511287532 13 
511287545 5 
511287550 2 
511287552 1518671 
512806223 196418 
513002641 46368 
513049009 17711 
513066720 4181 
513070901 610 
513071511 144 
513071655 55 
513071710 13 
513071723 5 
513071728 1 
513071729 1836482 
514908211 28657 
514936868 4181 
514941049 1597 
514942646 610 
514943256 233 
514943489 55 
514943544 13 
514943557 3 
514943560 832040 
515775600 75025 
515850625 6765 
515857390 2584 
515859974 233 
515860207 89 
515860296 34 
515860330 13 
515860343 3 
515860346 832040 
516692386 46368 
516738754 2584 
516741338 987 
516742325 377 
516742702 89 
516742791 13 
516742804 3 
516742807 1 
516742808 1933883 
518676691 317811 
518994502 121393 
519115895 46368 
519162263 17711 
519179974 6765 
519186739 2584 
519189323 233 
519189556 89 
519189645 5 
519189650 1 
519189651 1132140 
520321791 4181 
520325972 610 
520326582 233 
520326815 89 
520326904 34 
520326938 196418 
520523356 75025 
520598381 28657 
520627038 6765 
520633803 610 
520634413 144 
520634557 34 
520634591 13 
520634604 5 
520634609 1 
520634610 1933883 
522568493 514229 
523082722 75025 
523157747 28657 
523186404 10946 
523197350 987 
523198337 377 
523198714 144 
523198858 55 
523198913 21 
523198934 8 
523198942 1191744 
524390686 196418 
524587104 17711 
524604815 4181 
524608996 233 
524609229 34 
524609263 8 
524609271 3 
524609274 1 
524609275 1191744 
525801019 196418 
525997437 610 
525998047 89 
525998136 13 
525998149 5 
525998154 1028458 
527026612 46368 
527072980 10946 
527083926 4181 
527088107 233 
527088340 5 
527088345 2 
527088347 1933883 
529022230 196418 
529218648 75025 
529293673 28657 
529322330 2584 
529324914 377 
529325291 144 
529325435 21 
529325456 3 
529325459 1 
529325460 317811 
529643271 121393 
529764664 46368 
529811032 17711 
529828743 89 
529828832 34 
529828866 13 
529828879 5 
529828884 2 
529828886 196418 
530025304 46368 
530071672 4181 
530075853 1597 
530077450 610 
530078060 233 
530078293 89 
530078382 5 
530078387 1 
530078388 3867761 
533946149 317811 
534263960 75025 
534338985 28657 
534367642 6765 
534374407 987 
534375394 377 
534375771 144 
534375915 34 
534375949 8 
534375957 1 
534375958 1518671 
535894629 75025 
535969654 17711 
535987365 1597 
535988962 233 
535989195 89 
535989284 2 
535989286 317811 
536307097 121393 
536428490 46368 
536474858 10946 
536485804 4181 
536489985 1597 
536491582 377 
536491959 144 
536492103 13 
536492116 5 
536492121 1 
536492122 1836482 
538328604 46368 
538374972 4181 
538379153 987 
538380140 89 
538380229 13 
538380242 5 
538380247 1 
538380248 196418 
538576666 17711 
538594377 6765 
538601142 2584 
538603726 987 
538604713 377 
538605090 8 
538605098 2 
538605100 196418 
538801518 17711 
538819229 6765 
538825994 1597 
538827591 610 
538828201 55 
538828256 21 
538828277 5 
538828282 1933883 
540762165 1103483 
541865648 17711 
541883359 1597 
541884956 144 
541885100 3 
541885103 1028458 
542913561 10946 
542924507 2584 
542927091 987 
542928078 55 
542928133 3 
542928136 832040 
543760176 17711 
543777887 4181 
543782068 1597 
543783665 233 
543783898 13 
543783911 1933883 
545717794 514229 
546232023 121393 
546353416 46368 
546399784 4181 
546403965 1597 
546405562 610 
546406172 233 
546406405 89 
546406494 13 
546406507 3 
546406510 1933883 
548340393 28657 
548369050 4181 
548373231 233 
548373464 89 
548373553 3 
548373556 1 
548373557 1191744 
549565301 28657 
549593958 2584 
549596542 610 
549597152 144 
549597296 55 
549597351 13 
549597364 1 
549597365 1933883 
551531248 75025 
551606273 4181 
551610454 1597 
551612051 377 
551612428 144 
551612572 55 
551612627 8 
551612635 1191744 
552804379 46368 
552850747 17711 
552868458 4181 
552872639 233 
552872872 55 
552872927 8 
552872935 2 
552872937 1933883 
554806820 75025 
554881845 28657 
554910502 6765 
554917267 987 
554918254 144 
554918398 34 
554918432 5 
554918437 1 
554918438 1103483 
556021921 2584 
556024505 233 
556024738 13 
556024751 5 
556024756 1 
556024757 832040 
556856797 121393 
556978190 46368 
557024558 6765 
557031323 987 
557032310 377 
557032687 144 
557032831 21 
557032852 5 
557032857 2 
557032859 1933883 
558966742 121393 
559088135 17711 
559105846 6765 
559112611 987 
559113598 377 
559113975 13 
559113988 1 
559113989 1933883 
561047872 75025 
561122897 10946 
561133843 4181 
561138024 987 
561139011 89 
561139100 13 
561139113 5 
561139118 1 
561139119 514229 
561653348 75025 
561728373 17711 
561746084 1597 
561747681 89 
561747770 34 
561747804 3 
561747807 317811 
562065618 75025 
562140643 28657 
562169300 6765 
562176065 987 
562177052 144 
562177196 34 
562177230 8 
562177238 2 
562177240 1140539 
563317779 10946 
563328725 4181 
563332906 377 
563333283 55 
563333338 21 
563333359 5 
563333364 1 
563333365 1933883 
565267248 1191744 
566458992 196418 
566655410 75025 
566730435 28657 
566759092 2584 
566761676 233 
566761909 34 
566761943 8 
566761951 3 
566761954 1 
566761955 1518671 
568280626 196418 
568477044 75025 
568552069 17711 
568569780 1597 
568571377 144 
568571521 55 
568571576 21 
568571597 1 
568571598 514229 
569085827 75025 
569160852 17711 
569178563 6765 
569185328 1597 
569186925 377 
569187302 21 
569187323 8 
569187331 1933883 
571121214 514229 
571635443 75025 
571710468 17711 
571728179 6765 
571734944 987 
571735931 377 
571736308 89 
571736397 21 
571736418 514229 
572250647 75025 
572325672 6765 
572332437 1597 
572334034 55 
572334089 13 
572334102 2 
572334104 1191744 
573525848 75025 
573600873 17711 
573618584 377 
573618961 144 
573619105 55 
573619160 21 
573619181 2 
573619183 1933883 
575553066 121393 
575674459 46368 
575720827 17711 
575738538 4181 
575742719 987 
575743706 377 
575744083 144 
575744227 5 
575744232 2 
575744234 1191744 
576935978 196418 
577132396 46368 
577178764 6765 
577185529 1597 
577187126 377 
577187503 13 
577187516 317811 
577505327 121393 
577626720 46368 
577673088 17711 
577690799 6765 
577697564 2584 
577700148 987 
577701135 233 
577701368 34 
577701402 3 
577701405 1933883 
579635288 196418 
579831706 10946 
579842652 4181 
579846833 1597 
579848430 377 
579848807 144 
579848951 13 
579848964 5 
579848969 1 
579848970 1933883 
581782853 28657 
581811510 10946 
581822456 1597 
581824053 233 
581824286 89 
581824375 34 
581824409 8 
581824417 1518671 
583343088 75025 
583418113 10946 
583429059 1597 
583430656 610 
583431266 144 
583431410 1 
583431411 17711 
583449122 144 
583449266 8 
583449274 1 
583449275 1933883 
585383158 317811 
585700969 121393 
585822362 10946 
585833308 2584 
585835892 377 
585836269 89 
585836358 13 
585836371 5 
585836376 1933883 
587770259 121393 
587891652 46368 
587938020 2584 
587940604 377 
587940981 13 
587940994 832040 
588773034 75025 
588848059 10946 
588859005 1597 
588860602 377 
588860979 144 
588861123 34 
588861157 3 
588861160 1 
588861161 1191744 
590052905 121393 
590174298 2584 
590176882 377 
590177259 144 
590177403 55 
590177458 3 
590177461 1 
590177462 514229 
590691691 196418 
590888109 28657 
590916766 4181 
590920947 89 
590921036 21 
590921057 832040 
591753097 46368 
591799465 17711 
591817176 610 
591817786 55 
591817841 21 
591817862 8 
591817870 1933883 
593751753 514229 
594265982 46368 
594312350 17711 
594330061 987 
594331048 377 
594331425 89 
594331514 34 
594331548 5 
594331553 1 
594331554 514229 
594845783 196418 
595042201 17711 
595059912 2584 
595062496 89 
595062585 34 
595062619 13 
595062632 5 
595062637 1 
595062638 1191744 
596254382 196418 
596450800 75025 
596525825 28657 
596554482 10946 
596565428 4181 
596569609 377 
596569986 144 
596570130 21 
596570151 8 
596570159 1 
596570160 1933883 
598504043 514229 
599018272 196418 
599214690 75025 
599289715 610 
599290325 144 
599290469 8 
599290477 3 
599290480 1 
599290481 1836482 
601126963 28657 
601155620 4181 
601159801 1597 
601161398 233 
601161631 89 
601161720 13 
601161733 3 
601161736 1933883 
603095619 75025 
603170644 28657 
603199301 4181 
603203482 1597 
603205079 144 
603205223 55 
603205278 21 
603205299 8 
603205307 3 
603205310 1 
603205311 1518671 
604723982 196418 
604920400 46368 
604966768 17711 
604984479 4181 
604988660 610 
604989270 144 
604989414 2 
604989416 46368 
605035784 6765 
605042549 2584 
605045133 987 
605046120 1933883 
606980003 832040 
607812043 121393 
607933436 233 
607933669 55 
607933724 21 
607933745 3 
607933748 1 
607933749 1518671 
609452420 46368 
609498788 10946 
609509734 4181 
609513915 1597 
609515512 610 
609516122 144 
609516266 55 
609516321 21 
609516342 5 
609516347 2 
609516349 17711 
609534060 89 
609534149 34 
609534183 1191744 
610725927 121393 
610847320 28657 
610875977 6765 
610882742 2584 
610885326 377 
610885703 89 
610885792 13 
610885805 3 
610885808 1 
610885809 1836482 
612722291 28657 
612750948 10946 
612761894 4181 
612766075 987 
612767062 34 
612767096 13 
612767109 3 
612767112 317811 
613084923 46368 
613131291 10946 
613142237 4181 
613146418 1597 
613148015 233 
613148248 13 
613148261 5 
613148266 514229 
613662495 121393 
613783888 46368 
613830256 10946 
613841202 2584 
613843786 144 
613843930 34 
613843964 13 
613843977 3 
613843980 1 
613843981 832040 
614676021 28657 
614704678 10946 
614715624 4181 
614719805 1597 
614721402 377 
614721779 13 
614721792 2 
614721794 1933883 
616655677 46368 
616702045 10946 
616712991 2584 
616715575 233 
616715808 89 
616715897 34 
616715931 13 
616715944 5 
616715949 1 
616715950 3867761 
620583711 317811 
620901522 17711 
620919233 6765 
620925998 1597 
620927595 233 
620927828 55 
620927883 3 
620927886 1 
620927887 832040 
621759927 46368 
621806295 6765 
621813060 987 
621814047 144 
621814191 1 
621814192 1933883 
623748075 317811 
624065886 75025 
624140911 6765 
624147676 377 
624148053 55 
624148108 21 
624148129 1 
624148130 6765 
624154895 2584 
624157479 987 
624158466 144 
624158610 55 
624158665 21 
624158686 8 
624158694 3 
624158697 317811 
624476508 121393 
624597901 46368 
624644269 17711 
624661980 4181 
624666161 1597 
624667758 233 
624667991 89 
624668080 8 
624668088 3 
624668091 1933883 
626601974 1191744 
627793718 196418 
627990136 1597 
627991733 610 
627992343 144 
627992487 34 
627992521 3 
627992524 1 
627992525 1132140 
629124665 2584 
629127249 55 
629127304 13 
629127317 3 
629127320 1 
629127321 1191744 
630319065 6765 
630325830 610 
630326440 144 
630326584 34 
630326618 8 
630326626 3 
630326629 1933883 
632260512 1191744 
633452256 75025 
633527281 17711 
633544992 6765 
633551757 1597 
633553354 610 
633553964 144 
633554108 2 
633554110 317811 
633871921 121393 
633993314 46368 
634039682 6765 
634046447 987 
634047434 377 
634047811 144 
634047955 55 
634048010 8 
634048018 3 
634048021 1 
634048022 1933883 
635981905 121393 
636103298 10946 
636114244 987 
636115231 89 
636115320 1518671 
637633991 196418 
637830409 75025 
637905434 28657 
637934091 10946 
637945037 4181 
637949218 610 
637949828 55 
637949883 21 
637949904 3 
637949907 1 
637949908 317811 
638267719 121393 
638389112 10946 
638400058 4181 
638404239 144 
638404383 55 
638404438 2 
638404440 514229 
638918669 196418 
639115087 75025 
639190112 17711 
639207823 6765 
639214588 144 
639214732 34 
639214766 13 
639214779 3 
639214782 317811 
639532593 121393 
639653986 28657 
639682643 10946 
639693589 4181 
639697770 1597 
639699367 144 
639699511 55 
639699566 21 
639699587 1 
639699588 3867761 
643567349 317811 
643885160 121393 
644006553 28657 
644035210 10946 
644046156 1597 
644047753 377 
644048130 34 
644048164 1 
644048165 1103483 
645151648 17711 
645169359 4181 
645173540 1597 
645175137 13 
645175150 1 
645175151 1518671 
646693822 121393 
646815215 28657 
646843872 987 
646844859 377 
646845236 89 
646845325 34 
646845359 13 
646845372 5 
646845377 2 
646845379 1028458 
647873837 28657 
647902494 4181 
647906675 987 
647907662 377 
647908039 55 
647908094 21 
647908115 5 
647908120 317811 
648225931 121393 
648347324 17711 
648365035 2584 
648367619 377 
648367996 55 
648368051 1933883 
650301934 196418 
650498352 28657 
650527009 144 
650527153 55 
650527208 13 
650527221 5 
650527226 2 
650527228 1191744 
651718972 121393 
651840365 6765 
651847130 2584 
651849714 610 
651850324 89 
651850413 13 
651850426 5 
651850431 1933883 
653784314 514229 
654298543 121393 
654419936 46368 
654466304 4181 
654470485 1597 
654472082 233 
654472315 89 
654472404 21 
654472425 514229 
654986654 196418 
655183072 46368 
655229440 17711 
655247151 6765 
655253916 2584 
655256500 987 
655257487 377 
655257864 8 
655257872 3 
655257875 1 
655257876 832040 
656089916 28657 
656118573 4181 
656122754 987 
656123741 377 
656124118 89 
656124207 21 
656124228 3 
656124231 1518671 
657642902 28657 
657671559 10946 
657682505 2584 
657685089 377 
657685466 55 
657685521 21 
657685542 2 
657685544 1518671 
659204215 121393 
659325608 2584 
659328192 89 
659328281 21 
659328302 1 
659328303 1028458 
660356761 46368 
660403129 17711 
660420840 6765 
660427605 1597 
660429202 377 
660429579 55 
660429634 21 
660429655 8 
660429663 1 
660429664 1836482 
662266146 46368 
662312514 4181 
662316695 89 
662316784 21 
662316805 3 
662316808 1 
662316809 1933883 
664250692 121393 
664372085 10946 
664383031 2584 
664385615 987 
664386602 144 
664386746 5 
664386751 196418 
664583169 75025 
664658194 10946 
664669140 4181 
664673321 1597 
664674918 89 
664675007 8 
664675015 2 
664675017 1518671 
666193688 196418 
666390106 6765 
666396871 2584 
666399455 377 
666399832 89 
666399921 34 
666399955 8 
666399963 2 
666399965 1933883 
668333848 6765 
668340613 610 
668341223 233 
668341456 89 
668341545 13 
668341558 1 
668341559 1836482 
670178041 28657 
670206698 987 
670207685 144 
670207829 34 
670207863 13 
670207876 514229 
670722105 987 
670723092 377 
670723469 89 
670723558 34 
670723592 13 
670723605 3 
670723608 1933883 
672657491 514229 
673171720 75025 
673246745 10946 
673257691 1597 
673259288 233 
673259521 21 
673259542 5 
673259547 1933883 
675193430 317811 
675511241 75025 
675586266 28657 
675614923 6765 
675621688 610 
675622298 144 
675622442 21 
675622463 2 
675622465 1103483 
676725948 6765 
676732713 987 
676733700 377 
676734077 89 
676734166 34 
676734200 13 
676734213 5 
676734218 1 
676734219 832040 
677566259 17711 
677583970 6765 
677590735 1597 
677592332 377 
677592709 144 
677592853 1191744 
678784597 196418 
678981015 75025 
679056040 28657 
679084697 6765 
679091462 987 
679092449 233 
679092682 55 
679092737 8 
679092745 832040 
679924785 6765 
679931550 610 
679932160 144 
679932304 55 
679932359 1 
679932360 1933883 
681866243 46368 
681912611 6765 
681919376 987 
681920363 34 
681920397 5 
681920402 1 
681920403 1933883 
683854286 514229 
684368515 46368 
684414883 10946 
684425829 4181 
684430010 987 
684430997 144 
684431141 34 
684431175 1 
684431176 1028458 
685459634 28657 
685488291 10946 
685499237 233 
685499470 89 
685499559 34 
685499593 13 
685499606 5 
685499611 832040 
686331651 10946 
686342597 4181 
686346778 1597 
686348375 610 
686348985 34 
686349019 8 
686349027 514229 
686863256 121393 
686984649 6765 
686991414 2584 
686993998 987 
686994985 233 
686995218 89 
686995307 21 
686995328 5 
686995333 2 
686995335 1933883 
688929218 832040 
689761258 46368 
689807626 1597 
689809223 144 
689809367 55 
689809422 21 
689809443 3 
689809446 1191744 
691001190 196418 
691197608 17711 
691215319 6765 
691222084 2584 
691224668 987 
691225655 233 
691225888 13 
691225901 3 
691225904 1 
691225905 1191744 
692417649 196418 
692614067 75025 
692689092 987 
692690079 144 
692690223 34 
692690257 13 
692690270 5 
692690275 1933883 
694624158 317811 
694941969 46368 
694988337 17711 
695006048 6765 
695012813 2584 
695015397 144 
695015541 55 
695015596 13 
695015609 1 
695015610 514229 
695529839 75025 
695604864 17711 
695622575 6765 
695629340 987 
695630327 377 
695630704 144 
695630848 55 
695630903 13 
695630916 5 
695630921 1 
695630922 1933883 
697564805 317811 
697882616 75025 
697957641 28657 
697986298 6765 
697993063 1597 
697994660 610 
697995270 21 
697995291 1 
697995292 6765 
698002057 2584 
698004641 610 
698005251 89 
698005340 34 
698005374 13 
698005387 5 
698005392 1 
698005393 1518671 
699524064 196418 
699720482 75025 
699795507 17711 
699813218 2584 
699815802 377 
699816179 144 
699816323 55 
699816378 21 
699816399 8 
699816407 2 
699816409 1518671 
701335080 196418 
701531498 75025 
701606523 10946 
701617469 4181 
701621650 144 
701621794 5 
701621799 1 
701621800 514229 
702136029 75025 
702211054 4181 
702215235 1597 
702216832 233 
702217065 55 
702217120 21 
702217141 8 
702217149 3 
702217152 1 
702217153 1191744 
703408897 196418 
703605315 46368 
703651683 10946 
703662629 987 
703663616 13 
703663629 3 
703663632 1 
703663633 1518671 
705182304 121393 
705303697 17711 
705321408 4181 
705325589 987 
705326576 55 
705326631 21 
705326652 8 
705326660 1933883 
707260543 1191744 
708452287 121393 
708573680 28657 
708602337 2584 
708604921 987 
708605908 233 
708606141 13 
708606154 3 
708606157 1 
708606158 1103483 
709709641 2584 
709712225 610 
709712835 233 
709713068 55 
709713123 21 
709713144 8 
709713152 3 
709713155 1191744 
710904899 121393 
711026292 10946 
711037238 4181 
711041419 233 
711041652 5 
711041657 2 
711041659 514229 
711555888 46368 
711602256 17711 
711619967 2584 
711622551 987 
711623538 377 
711623915 144 
711624059 21 
711624080 5 
711624085 1933883 
713557968 196418 
713754386 75025 
713829411 28657 
713858068 10946 
713869014 89 
713869103 34 
713869137 8 
713869145 1933883 
715803028 317811 
716120839 28657 
716149496 10946 
716160442 1597 
716162039 610 
716162649 55 
716162704 21 
716162725 1 
716162726 1191744 
717354470 121393 
717475863 28657 
717504520 2584 
717507104 987 
717508091 55 
717508146 13 
717508159 5 
717508164 1 
717508165 317811 
717825976 75025 
717901001 6765 
717907766 2584 
717910350 987 
717911337 377 
717911714 55 
717911769 21 
717911790 8 
717911798 1 
717911799 1933883 
719845682 46368 
719892050 2584 
719894634 987 
719895621 377 
719895998 144 
719896142 34 
719896176 8 
719896184 2 
719896186 1191744 
721087930 75025 
721162955 17711 
721180666 987 
721181653 89 
721181742 5 
721181747 1933883 
723115630 317811 
723433441 6765 
723440206 1597 
723441803 377 
723442180 144 
723442324 21 
723442345 3 
723442348 1 
723442349 1028458 
724470807 46368 
724517175 1597 
724518772 610 
724519382 144 
724519526 13 
724519539 2 
724519541 1191744 
725711285 75025 
725786310 28657 
725814967 10946 
725825913 610 
725826523 233 
725826756 89 
725826845 21 
725826866 8 
725826874 3 
725826877 1836482 
727663359 17711 
727681070 2584 
727683654 89 
727683743 34 
727683777 8 
727683785 1191744 
728875529 196418 
729071947 28657 
729100604 6765 
729107369 377 
729107746 144 
729107890 34 
729107924 13 
729107937 5 
729107942 1 
729107943 46368 
729154311 6765 
729161076 2584 
729163660 987 
729164647 89 
729164736 34 
729164770 2 
729164772 1933883 
731098655 1140539 
732239194 6765 
732245959 2584 
732248543 987 
732249530 55 
732249585 21 
732249606 5 
732249611 121393 
732371004 17711 
732388715 1597 
732390312 377 
732390689 144 
732390833 34 
732390867 13 
732390880 1 
732390881 317811 
732708692 121393 
732830085 10946 
732841031 2584 
732843615 987 
732844602 233 
732844835 89 
732844924 5 
732844929 1933883 
734778812 1191744 
735970556 46368 
736016924 17711 
736034635 4181 
736038816 377 
736039193 55 
736039248 3 
736039251 1 
736039252 75025 
736114277 1597 
736115874 610 
736116484 144 
736116628 55 
736116683 13 
736116696 5 
736116701 2 
736116703 1933883 
738050586 1140539 
739191125 144 
739191269 55 
739191324 3 
739191327 1518671 
740709998 75025 
740785023 28657 
740813680 10946 
740824626 4181 
740828807 1597 
740830404 233 
740830637 89 
740830726 8 
740830734 1 
740830735 832040 
741662775 46368 
741709143 17711 
741726854 6765 
741733619 610 
741734229 233 
741734462 5 
741734467 1 
741734468 196418 
741930886 17711 
741948597 6765 
741955362 2584 
741957946 233 
741958179 89 
741958268 13 
741958281 2 
741958283 3867761 
745826044 121393 
745947437 46368 
745993805 10946 
746004751 2584 
746007335 610 
746007945 144 
746008089 8 
746008097 1 
746008098 1028458 
747036556 17711 
747054267 987 
747055254 233 
747055487 55 
747055542 21 
747055563 8 
747055571 1 
747055572 1518671 
748574243 121393 
748695636 17711 
748713347 6765 
748720112 1597 
748721709 144 
748721853 55 
748721908 3 
748721911 1 
748721912 514229 
749236141 28657 
749264798 6765 
749271563 987 
749272550 233 
749272783 89 
749272872 13 
749272885 5 
749272890 2 
749272892 1933883 
751206775 514229 
751721004 28657 
751749661 1597 
751751258 144 
751751402 34 
751751436 13 
751751449 3 
751751452 317811 
752069263 75025 
752144288 10946 
752155234 4181 
752159415 987 
752160402 377 
752160779 13 
752160792 1 
752160793 46368 
752207161 10946 
752218107 4181 
752222288 1597 
752223885 8 
752223893 1933883 
754157776 1191744 
755349520 121393 
755470913 46368 
755517281 10946 
755528227 4181 
755532408 987 
755533395 377 
755533772 144 
755533916 55 
755533971 21 
755533992 832040 
756366032 75025 
756441057 28657 
756469714 10946 
756480660 4181 
756484841 1597 
756486438 55 
756486493 2 
756486495 1933883 
758420378 317811 
758738189 75025 
758813214 17711 
758830925 377 
758831302 34 
758831336 13 
758831349 2 
758831351 1933883 
760765234 317811 
761083045 121393 
761204438 17711 
761222149 6765 
761228914 1597 
761230511 89 
761230600 34 
761230634 5 
761230639 1 
761230640 121393 
761352033 46368 
761398401 6765 
761405166 1597 
761406763 144 
761406907 5 
761406912 1518671 
762925583 196418 
763122001 75025 
763197026 28657 
763225683 6765 
763232448 2584 
763235032 610 
763235642 144 
763235786 55 
763235841 13 
763235854 3 
763235857 1 
763235858 1933883 
765169741 317811 
765487552 75025 
765562577 2584 
765565161 987 
765566148 377 
765566525 144 
765566669 55 
765566724 8 
765566732 1 
765566733 196418 
765763151 75025 
765838176 17711 
765855887 4181 
765860068 610 
765860678 233 
765860911 13 
765860924 5 
765860929 1933883 
767794812 196418 
767991230 46368 
768037598 4181 
768041779 987 
768042766 144 
768042910 5 
768042915 1 
768042916 1836482 
769879398 46368 
769925766 17711 
769943477 4181 
769947658 610 
769948268 144 
769948412 34 
769948446 3 
769948449 75025 
770023474 17711 
770041185 4181 
770045366 144 
770045510 55 
770045565 8 
770045573 3 
770045576 1 
770045577 1191744 
771237321 196418 
771433739 17711 
771451450 2584 
771454034 233 
771454267 89 
771454356 13 
771454369 2 
771454371 1518671 
772973042 196418 
773169460 28657 
773198117 10946 
773209063 1597 
773210660 34 
773210694 8 
773210702 1518671 
774729373 17711 
774747084 4181 
774751265 1597 
774752862 233 
774753095 89 
774753184 21 
774753205 8 
774753213 3 
774753216 1 
774753217 1933883 
776687100 832040 
777519140 46368 
777565508 10946 
777576454 4181 
777580635 1597 
777582232 34 
777582266 1 
777582267 1191744 
778774011 75025 
778849036 28657 
778877693 610 
778878303 144 
778878447 5 
778878452 2 
778878454 317811 
779196265 121393 
779317658 46368 
779364026 17711 
779381737 1597 
779383334 233 
779383567 34 
779383601 13 
779383614 3 
779383617 1 
779383618 317811 
779701429 121393 
779822822 610 
779823432 34 
779823466 13 
779823479 1933883 
781757362 832040 
782589402 121393 
782710795 46368 
782757163 10946 
782768109 4181 
782772290 610 
782772900 144 
782773044 13 
782773057 1 
782773058 317811 
783090869 28657 
783119526 4181 
783123707 987 
783124694 377 
783125071 144 
783125215 13 
783125228 196418 
783321646 75025 
783396671 17711 
783414382 6765 
783421147 1597 
783422744 233 
783422977 89 
783423066 21 
783423087 5 
783423092 1 
783423093 1933883 
785356976 1191744 
786548720 75025 
786623745 17711 
786641456 987 
786642443 377 
786642820 34 
786642854 13 
786642867 514229 
787157096 75025 
787232121 10946 
787243067 2584 
787245651 377 
787246028 89 
787246117 1933883 
789180000 832040 
790012040 121393 
790133433 46368 
790179801 10946 
790190747 4181 
790194928 610 
790195538 144 
790195682 55 
790195737 5 
790195742 1 
790195743 196418 
790392161 46368 
790438529 6765 
790445294 1597 
790446891 233 
790447124 55 
790447179 5 
790447184 1 
790447185 514229 
790961414 75025 
791036439 6765 
791043204 1597 
791044801 233 
791045034 89 
791045123 21 
791045144 2 
791045146 1933883 
792979029 1518671 
794497700 121393 
794619093 10946 
794630039 4181 
794634220 987 
794635207 377 
794635584 89 
794635673 21 
794635694 5 
794635699 2 
794635701 46368 
794682069 6765 
794688834 1597 
794690431 144 
794690575 55 
794690630 21 
794690651 5 
794690656 2 
794690658 832040 
795522698 46368 
795569066 377 
795569443 55 
795569498 13 
795569511 2 
795569513 1933883 
797503396 1836482 
799339878 17711 
799357589 6765 
799364354 2584 
799366938 610 
799367548 55 
799367603 1140539 
800508142 17711 
800525853 4181 
800530034 377 
800530411 89 
800530500 2 
800530502 1933883 
802464385 121393 
802585778 17711 
802603489 6765 
802610254 2584 
802612838 987 
802613825 233 
802614058 34 
802614092 13 
802614105 5 
802614110 1 
802614111 514229 
803128340 196418 
803324758 75025 
803399783 17711 
803417494 6765 
803424259 610 
803424869 144 
803425013 55 
803425068 13 
803425081 1 
803425082 1933883 
805358965 75025 
805433990 17711 
805451701 6765 
805458466 2584 
805461050 610 
805461660 233 
805461893 55 
805461948 13 
805461961 5 
805461966 1 
805461967 1518671 
806980638 196418 
807177056 75025 
807252081 6765 
807258846 2584 
807261430 610 
807262040 34 
807262074 514229 
807776303 46368 
807822671 4181 
807826852 1597 
807828449 610 
807829059 8 
807829067 2 
807829069 1933883 
809762952 75025 
809837977 17711 
809855688 4181 
809859869 987 
809860856 377 
809861233 34 
809861267 5 
809861272 2 
809861274 1028458 
810889732 46368 
810936100 17711 
810953811 4181 
810957992 1597 
810959589 610 
810960199 233 
810960432 89 
810960521 8 
810960529 1 
810960530 832040 
811792570 46368 
811838938 610 
811839548 233 
811839781 89 
811839870 3 
811839873 1933883 
813773756 196418 
813970174 75025 
814045199 2584 
814047783 377 
814048160 144 
814048304 34 
814048338 8 
814048346 3 
814048349 1 
814048350 1518671 
815567021 196418 
815763439 46368 
815809807 2584 
815812391 55 
815812446 21 
815812467 8 
815812475 1191744 
817004219 75025 
817079244 28657 
817107901 6765 
817114666 1597 
817116263 610 
817116873 55 
817116928 21 
817116949 3 
817116952 1 
817116953 1191744 
818308697 121393 
818430090 46368 
818476458 4181 
818480639 1597 
818482236 377 
818482613 144 
818482757 21 
818482778 8 
818482786 3 
818482789 1 
818482790 514229 
818997019 196418 
819193437 10946 
819204383 2584 
819206967 233 
819207200 89 
819207289 34 
819207323 13 
819207336 5 
819207341 2 
819207343 1933883 
821141226 832040 
821973266 4181 
821977447 377 
821977824 89 
821977913 13 
821977926 5 
821977931 1933883 
823911814 121393 
824033207 17711 
824050918 4181 
824055099 377 
824055476 89 
824055565 34 
824055599 514229 
824569828 196418 
824766246 75025 
824841271 4181 
824845452 233 
824845685 89 
824845774 5 
824845779 2 
824845781 75025 
824920806 10946 
824931752 4181 
824935933 1597 
824937530 377 
824937907 21 
824937928 1 
824937929 196418 
825134347 75025 
825209372 2584 
825211956 610 
825212566 144 
825212710 55 
825212765 2 
825212767 3867761 
829080528 1103483 
830184011 17711 
830201722 6765 
830208487 1597 
830210084 233 
830210317 55 
830210372 5 
830210377 1 
830210378 1191744 
831402122 196418 
831598540 75025 
831673565 28657 
831702222 10946 
831713168 4181 
831717349 377 
831717726 34 
831717760 8 
831717768 514229 
832231997 46368 
832278365 2584 
832280949 377 
832281326 34 
832281360 514229 
832795589 46368 
832841957 10946 
832852903 2584 
832855487 987 
832856474 377 
832856851 144 
832856995 21 
832857016 8 
832857024 3 
832857027 1933883 
834790910 46368 
834837278 6765 
834844043 2584 
834846627 377 
834847004 89 
834847093 13 
834847106 2 
834847108 1028458 
835875566 17711 
835893277 4181 
835897458 89 
835897547 21 
835897568 8 
835897576 3 
835897579 1 
835897580 514229 
836411809 75025 
836486834 28657 
836515491 2584 
836518075 987 
836519062 377 
836519439 2 
836519441 1933883 
838453324 514229 
838967553 121393 
839088946 46368 
839135314 17711 
839153025 2584 
839155609 987 
839156596 377 
839156973 89 
839157062 21 
839157083 5 
839157088 1191744 
840348832 4181 
840353013 1597 
840354610 144 
840354754 34 
840354788 5 
840354793 2 
840354795 196418 
840551213 28657 
840579870 1597 
840581467 377 
840581844 1 
840581845 1518671 
842100516 196418 
842296934 75025 
842371959 17711 
842389670 6765 
842396435 1597 
842398032 377 
842398409 89 
842398498 13 
842398511 1518671 
843917182 121393 
844038575 46368 
844084943 4181 
844089124 377 
844089501 89 
844089590 21 
844089611 8 
844089619 1933883 
846023502 1191744 
847215246 196418 
847411664 75025 
847486689 17711 
847504400 4181 
847508581 377 
847508958 144 
847509102 21 
847509123 8 
847509131 1 
847509132 1933883 
849443015 317811 
849760826 6765 
849767591 2584 
849770175 987 
849771162 233 
849771395 13 
849771408 5 
849771413 2 
849771415 1191744 
850963159 196418 
851159577 28657 
851188234 2584 
851190818 610 
851191428 233 
851191661 13 
851191674 3 
851191677 514229 
851705906 196418 
851902324 28657 
851930981 987 
851931968 377 
851932345 89 
851932434 1191744 
853124178 121393 
853245571 6765 
853252336 987 
853253323 89 
853253412 5 
853253417 317811 
853571228 121393 
853692621 28657 
853721278 10946 
853732224 2584 
853734808 610 
853735418 233 
853735651 55 
853735706 21 
853735727 8 
853735735 1 
853735736 1191744 
854927480 75025 
855002505 10946 
855013451 4181 
855017632 987 
855018619 233 
855018852 8 
855018860 2 
855018862 1518671 
856537533 17711 
856555244 2584 
856557828 987 
856558815 144 
856558959 55 
856559014 13 
856559027 1911507 
858470534 4181 
858474715 144 
858474859 34 
858474893 13 
858474906 5 
858474911 2 
858474913 1933883 
860408796 514229 
860923025 75025 
860998050 10946 
861008996 1597 
861010593 233 
861010826 89 
861010915 34 
861010949 5 
861010954 1 
861010955 196418 
861207373 28657 
861236030 4181 
861240211 1597 
861241808 610 
861242418 144 
861242562 55 
861242617 5 
861242622 1191744 
862434366 196418 
862630784 46368 
862677152 10946 
862688098 2584 
862690682 144 
862690826 55 
862690881 13 
862690894 3 
862690897 1 
862690898 1933883 
864624781 75025 
864699806 6765 
864706571 1597 
864708168 89 
864708257 13 
864708270 1518671 
866226941 75025 
866301966 28657 
866330623 10946 
866341569 1597 
866343166 610 
866343776 144 
866343920 55 
866343975 21 
866343996 3 
866343999 1 
866344000 832040 
867176040 121393 
867297433 28657 
867326090 10946 
867337036 2584 
867339620 610 
867340230 233 
867340463 89 
867340552 34 
867340586 13 
867340599 5 
867340604 1933883 
869274487 1597 
869276084 610 
869276694 55 
869276749 5 
869276754 1 
869276755 1191744 
870468499 75025 
870543524 28657 
870572181 4181 
870576362 1597 
870577959 610 
870578569 144 
870578713 21 
870578734 8 
870578742 3 
870578745 317811 
870896556 121393 
871017949 46368 
871064317 17711 
871082028 610 
871082638 144 
871082782 34 
871082816 13 
871082829 3 
871082832 1 
871082833 317811 
871400644 75025 
871475669 10946 
871486615 4181 
871490796 377 
871491173 55 
871491228 1 
871491229 3867761 
875358990 1191744 
876550734 196418 
876747152 46368 
876793520 17711 
876811231 377 
876811608 144 
876811752 34 
876811786 13 
876811799 5 
876811804 1 
876811805 832040 
877643845 121393 
877765238 46368 
877811606 17711 
877829317 4181 
877833498 1597 
877835095 89 
877835184 34 
877835218 5 
877835223 2 
877835225 121393 
877956618 17711 
877974329 6765 
877981094 2584 
877983678 55 
877983733 21 
877983754 5 
877983759 1933883 
879917642 832040 
880749682 121393 
880871075 17711 
880888786 6765 
880895551 1597 
880897148 377 
880897525 8 
880897533 3 
880897536 1 
880897537 514229 
881411766 75025 
881486791 4181 
881490972 610 
881491582 34 
881491616 5 
881491621 1 
881491622 1933883 
883425505 832040 
884257545 28657 
884286202 4181 
884290383 987 
884291370 34 
884291404 3 
884291407 196418 
884487825 75025 
884562850 28657 
884591507 2584 
884594091 377 
884594468 1933883 
886528351 514229 
887042580 196418 
887238998 75025 
887314023 1597 
887315620 377 
887315997 55 
887316052 13 
887316065 5 
887316070 317811 
887633881 121393 
887755274 46368 
887801642 10946 
887812588 4181 
887816769 1597 
887818366 144 
887818510 21 
887818531 8 
887818539 2 
887818541 1836482 
889655023 1597 
889656620 55 
889656675 13 
889656688 1 
889656689 317811 
889974500 17711 
889992211 6765 
889998976 610 
889999586 34 
889999620 13 
889999633 1 
889999634 1933883 
891933517 317811 
892251328 121393 
892372721 46368 
892419089 10946 
892430035 4181 
892434216 1597 
892435813 610 
892436423 233 
892436656 89 
892436745 34 
892436779 13 
892436792 3 
892436795 1 
892436796 832040 
893268836 6765 
893275601 377 
893275978 144 
893276122 34 
893276156 3 
893276159 1933883 
895210042 317811 
895527853 75025 
895602878 6765 
895609643 2584 
895612227 89 
895612316 2 
895612318 514229 
896126547 17711 
896144258 6765 
896151023 233 
896151256 21 
896151277 5 
896151282 1518671 
897669953 121393 
897791346 46368 
897837714 377 
897838091 8 
897838099 3 
897838102 1836482 
899674584 28657 
899703241 2584 
899705825 987 
899706812 144 
899706956 34 
899706990 1 
899706991 1518671 
901225662 121393 
901347055 46368 
901393423 6765 
901400188 610 
901400798 144 
901400942 55 
901400997 21 
901401018 8 
901401026 3 
901401029 1518671 
902919700 196418 
903116118 75025 
903191143 17711 
903208854 1597 
903210451 377 
903210828 144 
903210972 13 
903210985 2 
903210987 1518671 
904729658 987 
904730645 377 
904731022 89 
904731111 5 
904731116 832040 
905563156 121393 
905684549 2584 
905687133 610 
905687743 55 
905687798 21 
905687819 1 
905687820 832040 
906519860 75025 
906594885 28657 
906623542 6765 
906630307 2584 
906632891 610 
906633501 144 
906633645 55 
906633700 1 
906633701 1933883 
908567584 1191744 
909759328 121393 
909880721 6765 
909887486 1597 
909889083 233 
909889316 89 
909889405 1 
909889406 514229 
910403635 75025 
910478660 10946 
910489606 1597 
910491203 610 
910491813 233 
910492046 34 
910492080 1933883 
912425963 75025 
912500988 6765 
912507753 1597 
912509350 610 
912509960 89 
912510049 34 
912510083 5 
912510088 2 
912510090 1191744 
913701834 75025 
913776859 28657 
913805516 10946 
913816462 2584 
913819046 987 
913820033 55 
913820088 21 
913820109 3 
913820112 1191744 
915011856 121393 
915133249 4181 
915137430 1597 
915139027 89 
915139116 2 
915139118 121393 
915260511 10946 
915271457 2584 
915274041 144 
915274185 55 
915274240 13 
915274253 1933883 
917208136 1518671 
918726807 121393 
918848200 10946 
918859146 4181 
918863327 1597 
918864924 610 
918865534 144 
918865678 21 
918865699 8 
918865707 1 
918865708 514229 
919379937 196418 
919576355 75025 
919651380 17711 
919669091 2584 
919671675 377 
919672052 21 
919672073 5 
919672078 1191744 
920863822 121393 
920985215 10946 
920996161 1597 
920997758 610 
920998368 233 
920998601 89 
920998690 34 
920998724 13 
920998737 3 
920998740 514229 
921512969 196418 
921709387 75025 
921784412 28657 
921813069 6765 
921819834 987 
921820821 377 
921821198 2 
921821200 1103483 
922924683 610 
922925293 89 
922925382 5 
922925387 514229 
923439616 196418 
923636034 4181 
923640215 1597 
923641812 55 
923641867 5 
923641872 1 
923641873 514229 
924156102 28657 
924184759 10946 
924195705 2584 
924198289 610 
924198899 233 
924199132 55 
924199187 13 
924199200 3 
924199203 3867761 
928066964 1028458 
929095422 46368 
929141790 6765 
929148555 987 
929149542 377 
929149919 8 
929149927 1 
929149928 1191744 
930341672 17711 
930359383 4181 
930363564 987 
930364551 377 
930364928 55 
930364983 21 
930365004 3 
930365007 1 
930365008 1191744 
931556752 75025 
931631777 28657 
931660434 10946 
931671380 233 
931671613 8 
931671621 514229 
932185850 121393 
932307243 46368 
932353611 6765 
932360376 1597 
932361973 377 
932362350 144 
932362494 55 
932362549 13 
932362562 2 
932362564 1933883 
934296447 317811 
934614258 17711 
934631969 610 
934632579 233 
934632812 3 
934632815 1 
934632816 832040 
935464856 75025 
935539881 28657 
935568538 10946 
935579484 2584 
935582068 610 
935582678 55 
935582733 21 
935582754 5 
935582759 2 
935582761 1933883 
937516644 121393 
937638037 10946 
937648983 610 
937649593 144 
937649737 34 
937649771 8 
937649779 832040 
938481819 28657 
938510476 10946 
938521422 1597 
938523019 610 
938523629 34 
938523663 3 
938523666 1 
938523667 1933883 
940457550 317811 
940775361 75025 
940850386 2584 
940852970 610 
940853580 55 
940853635 21 
940853656 5 
940853661 2 
940853663 46368 
940900031 17711 
940917742 6765 
940924507 2584 
940927091 610 
940927701 233 
940927934 89 
940928023 13 
940928036 514229 
941442265 75025 
941517290 17711 
941535001 2584 
941537585 987 
941538572 377 
941538949 144 
941539093 1 
941539094 1933883 
943472977 196418 
943669395 28657 
943698052 4181 
943702233 610 
943702843 144 
943702987 34 
943703021 5 
943703026 1191744 
944894770 196418 
945091188 28657 
945119845 10946 
945130791 2584 
945133375 987 
945134362 233 
945134595 89 
945134684 13 
945134697 3 
945134700 1933883 
947068583 121393 
947189976 46368 
947236344 17711 
947254055 6765 
947260820 2584 
947263404 987 
947264391 144 
947264535 34 
947264569 13 
947264582 2 
947264584 1518671 
948783255 196418 
948979673 46368 
949026041 4181 
949030222 1597 
949031819 377 
949032196 144 
949032340 514229 
949546569 121393 
949667962 46368 
949714330 144 
949714474 55 
949714529 1933883 
951648412 1518671 
953167083 75025 
953242108 28657 
953270765 6765 
953277530 1597 
953279127 377 
953279504 89 
953279593 1 
953279594 832040 
954111634 75025 
954186659 28657 
954215316 89 
954215405 34 
954215439 13 
954215452 5 
954215457 2 
954215459 196418 
954411877 10946 
954422823 987 
954423810 377 
954424187 144 
954424331 55 
954424386 21 
954424407 8 
954424415 3 
954424418 1933883 
956358301 514229 
956872530 10946 
956883476 2584 
956886060 987 
956887047 233 
956887280 13 
956887293 5 
956887298 1 
956887299 1191744 
958079043 75025 
958154068 6765 
958160833 987 
958161820 233 
958162053 3 
958162056 1 
958162057 1933883 
960095940 514229 
960610169 196418 
960806587 75025 
960881612 28657 
960910269 987 
960911256 233 
960911489 89 
960911578 21 
960911599 8 
960911607 2 
960911609 514229 
961425838 75025 
961500863 10946 
961511809 987 
961512796 233 
961513029 13 
961513042 196418 
961709460 46368 
961755828 987 
961756815 144 
961756959 34 
961756993 13 
961757006 5 
961757011 1 
961757012 1933883 
963690895 1518671 
965209566 121393 
965330959 28657 
965359616 6765 
965366381 1597 
965367978 377 
965368355 21 
965368376 8 
965368384 3 
965368387 1191744 
966560131 46368 
966606499 10946 
966617445 4181 
966621626 987 
966622613 377 
966622990 55 
966623045 13 
966623058 1 
966623059 832040 
967455099 46368 
967501467 17711 
967519178 144 
967519322 34 
967519356 5 
967519361 1191744 
968711105 196418 
968907523 28657 
968936180 6765 
968942945 2584 
968945529 987 
968946516 144 
968946660 13 
968946673 2 
968946675 1028458 
969975133 28657 
970003790 10946 
970014736 2584 
970017320 377 
970017697 144 
970017841 34 
970017875 13 
970017888 1 
970017889 1191744 
971209633 75025 
971284658 10946 
971295604 4181 
971299785 377 
971300162 89 
971300251 21 
971300272 5 
971300277 1 
971300278 1518671 
972818949 75025 
972893974 10946 
972904920 2584 
972907504 55 
972907559 8 
972907567 1933883 
974841450 1028458 
975869908 28657 
975898565 10946 
975909511 2584 
975912095 610 
975912705 144 
975912849 55 
975912904 5 
975912909 2 
975912911 196418 
976109329 46368 
976155697 17711 
976173408 6765 
976180173 1597 
976181770 144 
976181914 13 
976181927 1933883 
978115810 196418 
978312228 75025 
978387253 4181 
978391434 610 
978392044 233 
978392277 21 
978392298 1191744 
979584042 196418 
979780460 28657 
979809117 2584 
979811701 987 
979812688 377 
979813065 34 
979813099 1 
979813100 1138905 
980952005 987 
980952992 377 
980953369 21 
980953390 8 
980953398 1 
980953399 1191744 
982145143 196418 
982341561 28657 
982370218 610 
982370828 233 
982371061 89 
982371150 13 
982371163 5 
982371168 2 
982371170 1191744 
983562914 75025 
983637939 17711 
983655650 987 
983656637 377 
983657014 55 
983657069 13 
983657082 3 
983657085 1 
983657086 1933883 
985590969 514229 
986105198 196418 
986301616 28657 
986330273 34 
986330307 3 
986330310 832040 
987162350 28657 
987191007 987 
987191994 233 
987192227 8 
987192235 317811 
987510046 121393 
987631439 17711 
987649150 6765 
987655915 2584 
987658499 987 
987659486 233 
987659719 89 
987659808 13 
987659821 2 
987659823 1518671 
989178494 121393 
989299887 10946 
989310833 987 
989311820 377 
989312197 13 
989312210 3 
989312213 1 
989312214 1933883 
991246097 317811 
991563908 46368 
991610276 17711 
991627987 6765 
991634752 233 
991634985 55 
991635040 21 
991635061 5 
991635066 2 
991635068 317811 
991952879 121393 
992074272 6765 
992081037 1597 
992082634 144 
992082778 5 
992082783 317811 
992400594 17711 
992418305 987 
992419292 377 
992419669 144 
992419813 13 
992419826 3 
992419829 3867761 
996287590 28657 
996316247 10946 
996327193 2584 
996329777 610 
996330387 233 
996330620 55 
996330675 21 
996330696 3 
996330699 1 
996330700 46368 
996377068 10946 
996388014 987 
996389001 377 
996389378 89 
996389467 34 
996389501 5 
996389506 1 
996389507 1933883 
998323390 514229 
998837619 75025 
998912644 17711 
998930355 6765 
998937120 1597 
998938717 144 
998938861 34 
998938895 13 
998938908 5 
