6673
1 1 
2 1 
3 2 
5 3 
8 5 
13 8 
21 13 
34 21 
55 34 
89 55 
144 89 
233 144 
377 233 
610 377 
987 610 
1597 987 
2584 1597 
4181 2584 
6765 4181 
10946 6765 
17711 10946 
28657 17711 
46368 17711 
64079 2584 
66663 377 
67040 55 
67095 21 
67116 1 
67117 28657 
95774 10946 
106720 4181 
110901 610 
111511 233 
111744 55 
111799 21 
111820 1 
111821 111820 
223641 111821 
335462 17711 
353173 6765 
359938 610 
360548 233 
360781 89 
360870 21 
360891 8 
360899 1 
360900 17711 
378611 1597 
380208 34 
380242 5 
380247 1 
380248 111821 
492069 67117 
559186 17711 
576897 4181 
581078 987 
582065 377 
582442 55 
582497 13 
582510 1 
582511 17711 
600222 4181 
604403 610 
605013 233 
605246 34 
605280 8 
605288 3 
605291 6765 
612056 1597 
613653 610 
614263 89 
614352 21 
614373 5 
614378 2 
614380 223641 
838021 95774 
933795 6765 
940560 987 
941547 233 
941780 21 
941801 5 
941806 1 
941807 46368 
988175 2584 
990759 987 
991746 377 
992123 144 
992267 55 
992322 8 
992330 46368 
1038698 5 
1038703 2 
1038705 1597 
1040302 144 
1040446 34 
1040480 8 
1040488 28657 
1069145 10946 
1080091 4181 
1084272 987 
1085259 144 
1085403 21 
1085424 5 
1085429 2 
1085431 95774 
1181205 4181 
1185386 1597 
1186983 21 
1187004 3 
1187007 223641 
1410648 46368 
1457016 6765 
1463781 2584 
1466365 987 
1467352 377 
1467729 144 
1467873 2 
1467875 111821 
1579696 67117 
1646813 17711 
1664524 987 
1665511 233 
1665744 13 
1665757 5 
1665762 1 
1665763 111821 
1777584 17711 
1795295 987 
1796282 377 
1796659 89 
1796748 34 
1796782 8 
1796790 3 
1796793 223641 
2020434 46368 
2066802 10946 
2077748 610 
2078358 233 
2078591 89 
2078680 21 
2078701 223641 
2302342 106720 
2409062 610 
2409672 233 
2409905 55 
2409960 2 
2409962 67117 
2477079 6765 
2483844 89 
2483933 34 
2483967 8 
2483975 3 
2483978 111821 
2595799 111511 
2707310 144 
2707454 55 
2707509 21 
2707530 5 
2707535 1 
2707536 111821 
2819357 28657 
2848014 6765 
2854779 5 
2854784 2 
2854786 17711 
2872497 987 
2873484 233 
2873717 55 
2873772 13 
2873785 2 
2873787 46368 
2920155 4181 
2924336 233 
2924569 55 
2924624 21 
2924645 8 
2924653 3 
2924656 4181 
2928837 987 
2929824 144 
2929968 21 
2929989 8 
2929997 3 
2930000 1 
2930001 111821 
3041822 46368 
3088190 1597 
3089787 377 
3090164 55 
3090219 8 
3090227 10946 
3101173 4181 
3105354 1597 
3106951 377 
3107328 89 
3107417 2 
3107419 111821 
3219240 4181 
3223421 1597 
3225018 610 
3225628 34 
3225662 8 
3225670 1 
3225671 28657 
3254328 6765 
3261093 1597 
3262690 377 
3263067 144 
3263211 21 
3263232 3 
3263235 67117 
3330352 610 
3330962 233 
3331195 89 
3331284 34 
3331318 13 
3331331 2 
3331333 4181 
3335514 1597 
3337111 144 
3337255 21 
3337276 8 
3337284 3 
3337287 1 
3337288 10946 
3348234 4181 
3352415 987 
3353402 377 
3353779 34 
3353813 13 
3353826 5 
3353831 46368 
3400199 10946 
3411145 610 
3411755 233 
3411988 5 
3411993 2 
3411995 223641 
3635636 17711 
3653347 987 
3654334 377 
3654711 89 
3654800 28657 
3683457 4181 
3687638 233 
3687871 89 
3687960 2 
3687962 111821 
3799783 10946 
3810729 2584 
3813313 610 
3813923 144 
3814067 55 
3814122 21 
3814143 8 
3814151 3 
3814154 17711 
3831865 6765 
3838630 1597 
3840227 21 
3840248 3 
3840251 28657 
3868908 10946 
3879854 4181 
3884035 1597 
3885632 377 
3886009 89 
3886098 34 
3886132 13 
3886145 5 
3886150 1 
3886151 46368 
3932519 6765 
3939284 987 
3940271 377 
3940648 89 
3940737 3 
3940740 1 
3940741 111821 
4052562 28657 
4081219 610 
4081829 233 
4082062 55 
4082117 6765 
4088882 2584 
4091466 89 
4091555 21 
4091576 8 
4091584 67117 
4158701 4181 
4162882 233 
4163115 55 
4163170 2 
4163172 106720 
4269892 2584 
4272476 233 
4272709 34 
4272743 111821 
4384564 46368 
4430932 6765 
4437697 2584 
4440281 610 
4440891 233 
4441124 13 
4441137 5 
4441142 2 
4441144 223641 
4664785 6765 
4671550 1597 
4673147 144 
4673291 55 
4673346 21 
4673367 5 
4673372 2 
4673374 6765 
4680139 2584 
4682723 377 
4683100 89 
4683189 34 
4683223 3 
4683226 1 
4683227 46368 
4729595 10946 
4740541 4181 
4744722 987 
4745709 89 
4745798 34 
4745832 8 
4745840 1 
4745841 67117 
4812958 10946 
4823904 55 
4823959 21 
4823980 3 
4823983 1 
4823984 67117 
4891101 17711 
4908812 1597 
4910409 377 
4910786 34 
4910820 8 
4910828 3 
4910831 111821 
5022652 67117 
5089769 4181 
5093950 1597 
5095547 233 
5095780 89 
5095869 8 
5095877 3 
5095880 46368 
5142248 4181 
5146429 987 
5147416 55 
5147471 5 
5147476 2 
5147478 17711 
5165189 1597 
5166786 67117 
5233903 6765 
5240668 1597 
5242265 233 
5242498 34 
5242532 5 
5242537 2 
5242539 111821 
5354360 64079 
5418439 987 
5419426 377 
5419803 144 
5419947 55 
5420002 21 
5420023 67117 
5487140 17711 
5504851 377 
5505228 144 
5505372 55 
5505427 13 
5505440 3 
5505443 111821 
5617264 4181 
5621445 1597 
5623042 610 
5623652 55 
5623707 5 
5623712 1 
5623713 4181 
5627894 1597 
5629491 233 
5629724 89 
5629813 34 
5629847 13 
5629860 3 
5629863 1 
5629864 111821 
5741685 64079 
5805764 1597 
5807361 377 
5807738 89 
5807827 13 
5807840 2 
5807842 223641 
6031483 95774 
6127257 6765 
6134022 2584 
6136606 610 
6137216 144 
6137360 8 
6137368 67117 
6204485 2584 
6207069 610 
6207679 233 
6207912 89 
6208001 34 
6208035 13 
6208048 1 
6208049 1597 
6209646 89 
6209735 8 
6209743 3 
6209746 17711 
6227457 6765 
6234222 2584 
6236806 34 
6236840 13 
6236853 1 
6236854 223641 
6460495 67117 
6527612 10946 
6538558 1597 
6540155 610 
6540765 233 
6540998 89 
6541087 34 
6541121 8 
6541129 3 
6541132 67117 
6608249 17711 
6625960 4181 
6630141 987 
6631128 377 
6631505 144 
6631649 34 
6631683 13 
6631696 5 
6631701 2 
6631703 67117 
6698820 4181 
6703001 1597 
6704598 610 
6705208 144 
6705352 21 
6705373 8 
6705381 3 
6705384 223641 
6929025 28657 
6957682 610 
6958292 34 
6958326 8 
6958334 64079 
7022413 610 
7023023 233 
7023256 55 
7023311 21 
7023332 5 
7023337 1 
7023338 17711 
7041049 6765 
7047814 1597 
7049411 144 
7049555 13 
7049568 3 
7049571 28657 
7078228 10946 
7089174 4181 
7093355 1597 
7094952 610 
7095562 233 
7095795 21 
7095816 8 
7095824 1 
7095825 4181 
7100006 610 
7100616 144 
7100760 21 
7100781 8 
7100789 223641 
7324430 67117 
7391547 17711 
7409258 4181 
7413439 987 
7414426 34 
7414460 2 
7414462 17711 
7432173 6765 
7438938 987 
7439925 144 
7440069 8 
7440077 1 
7440078 46368 
7486446 377 
7486823 89 
7486912 34 
7486946 13 
7486959 5 
7486964 1 
7486965 28657 
7515622 10946 
7526568 144 
7526712 55 
7526767 8 
7526775 3 
7526778 1 
7526779 67117 
7593896 10946 
7604842 4181 
7609023 1597 
7610620 233 
7610853 55 
7610908 21 
7610929 8 
7610937 3 
7610940 1 
7610941 111821 
7722762 46368 
7769130 10946 
7780076 2584 
7782660 987 
7783647 377 
7784024 89 
7784113 2 
7784115 223641 
8007756 67117 
8074873 10946 
8085819 987 
8086806 233 
8087039 89 
8087128 3 
8087131 1 
8087132 6765 
8093897 2584 
8096481 610 
8097091 233 
8097324 55 
8097379 21 
8097400 3 
8097403 1 
8097404 111821 
8209225 95774 
8304999 6765 
8311764 1597 
8313361 610 
8313971 233 
8314204 55 
8314259 2 
8314261 559186 
8873447 10946 
8884393 1597 
8885990 377 
8886367 144 
8886511 34 
8886545 5 
8886550 1 
8886551 10946 
8897497 4181 
8901678 233 
8901911 5 
8901916 1 
8901917 17711 
8919628 2584 
8922212 987 
8923199 377 
8923576 89 
8923665 21 
8923686 5 
8923691 67117 
8990808 2584 
8993392 610 
8994002 233 
8994235 1 
8994236 223641 
9217877 10946 
9228823 4181 
9233004 377 
9233381 144 
9233525 55 
9233580 8 
9233588 3 
9233591 1 
9233592 17711 
9251303 4181 
9255484 1597 
9257081 34 
9257115 13 
9257128 1 
9257129 223641 
9480770 28657 
9509427 10946 
9520373 4181 
9524554 1597 
9526151 610 
9526761 55 
9526816 21 
9526837 111821 
9638658 6765 
9645423 2584 
9648007 610 
9648617 233 
9648850 5 
9648855 2 
9648857 6765 
9655622 610 
9656232 89 
9656321 21 
9656342 8 
9656350 3 
9656353 1 
9656354 46368 
9702722 10946 
9713668 2584 
9716252 13 
9716265 3 
9716268 28657 
9744925 10946 
9755871 4181 
9760052 377 
9760429 55 
9760484 13 
9760497 1 
9760498 67117 
9827615 10946 
9838561 55 
9838616 2 
9838618 67117 
9905735 10946 
9916681 987 
9917668 377 
9918045 55 
9918100 21 
9918121 8 
9918129 1 
9918130 46368 
9964498 6765 
9971263 2584 
9973847 987 
9974834 377 
9975211 89 
9975300 21 
9975321 8 
9975329 3 
9975332 4181 
9979513 233 
9979746 55 
9979801 5 
9979806 1 
9979807 17711 
9997518 6765 
10004283 13 
10004296 3 
10004299 6765 
10011064 2584 
10013648 987 
10014635 144 
10014779 2 
10014781 17711 
10032492 6765 
10039257 987 
10040244 89 
10040333 21 
10040354 5 
10040359 67117 
10107476 6765 
10114241 2584 
10116825 34 
10116859 8 
10116867 3 
10116870 95774 
10212644 2584 
10215228 987 
10216215 34 
10216249 13 
10216262 3 
10216265 1 
10216266 111821 
10328087 28657 
10356744 610 
10357354 34 
10357388 5 
10357393 46368 
10403761 2584 
10406345 987 
10407332 89 
10407421 21 
10407442 8 
10407450 2 
10407452 95774 
10503226 4181 
10507407 377 
10507784 34 
10507818 5 
10507823 1 
10507824 360900 
10868724 10946 
10879670 377 
10880047 144 
10880191 5 
10880196 2 
10880198 67117 
10947315 17711 
10965026 2584 
10967610 987 
10968597 55 
10968652 5 
10968657 1 
10968658 28657 
10997315 10946 
11008261 2584 
11010845 987 
11011832 144 
11011976 21 
11011997 5 
11012002 1 
11012003 46368 
11058371 4181 
11062552 1597 
11064149 610 
11064759 89 
11064848 21 
11064869 1 
11064870 223641 
11288511 17711 
11306222 2584 
11308806 987 
11309793 89 
11309882 34 
11309916 5 
11309921 46368 
11356289 10946 
11367235 233 
11367468 55 
11367523 5 
11367528 1 
11367529 111821 
11479350 67117 
11546467 10946 
11557413 4181 
11561594 987 
11562581 377 
11562958 89 
11563047 13 
11563060 1 
11563061 111821 
11674882 64079 
11738961 1597 
11740558 610 
11741168 89 
11741257 34 
11741291 8 
11741299 1 
11741300 17711 
11759011 6765 
11765776 2584 
11768360 610 
11768970 55 
11769025 21 
11769046 8 
11769054 2 
11769056 28657 
11797713 4181 
11801894 1597 
11803491 610 
11804101 144 
11804245 6765 
11811010 610 
11811620 144 
11811764 21 
11811785 5 
11811790 223641 
12035431 28657 
12064088 6765 
12070853 2584 
12073437 233 
12073670 21 
12073691 8 
12073699 3 
12073702 233 
12073935 89 
12074024 34 
12074058 13 
12074071 67117 
12141188 1597 
12142785 3 
12142788 67117 
12209905 10946 
12220851 1597 
12222448 610 
12223058 144 
12223202 55 
12223257 13 
12223270 3 
12223273 28657 
12251930 10946 
12262876 1597 
12264473 144 
12264617 55 
12264672 21 
12264693 8 
12264701 1 
12264702 377 
12265079 144 
12265223 21 
12265244 1 
12265245 111821 
12377066 95774 
12472840 1597 
12474437 89 
12474526 34 
12474560 3 
12474563 223641 
12698204 28657 
12726861 10946 
12737807 4181 
12741988 987 
12742975 89 
12743064 21 
12743085 8 
12743093 1 
12743094 67117 
12810211 987 
12811198 377 
12811575 55 
12811630 21 
12811651 3 
12811654 1 
12811655 223641 
13035296 46368 
13081664 1597 
13083261 144 
13083405 55 
13083460 8 
13083468 3 
13083471 1 
13083472 95774 
13179246 6765 
13186011 2584 
13188595 377 
13188972 13 
13188985 3 
13188988 67117 
13256105 10946 
13267051 4181 
13271232 1597 
13272829 233 
13273062 21 
13273083 3 
13273086 1 
13273087 28657 
13301744 6765 
13308509 144 
13308653 13 
13308666 1 
13308667 67117 
13375784 17711 
13393495 2584 
13396079 144 
13396223 55 
13396278 8 
13396286 3 
13396289 1 
13396290 111821 
13508111 28657 
13536768 10946 
13547714 610 
13548324 233 
13548557 89 
13548646 21 
13548667 5 
13548672 2 
13548674 111821 
13660495 67117 
13727612 4181 
13731793 377 
13732170 8 
13732178 3 
13732181 1 
13732182 95774 
13827956 4181 
13832137 1597 
13833734 377 
13834111 144 
13834255 55 
13834310 21 
13834331 5 
13834336 2 
13834338 67117 
13901455 10946 
13912401 4181 
13916582 1597 
13918179 610 
13918789 89 
13918878 34 
13918912 8 
13918920 2 
13918922 28657 
13947579 10946 
13958525 4181 
13962706 377 
13963083 13 
13963096 223641 
14186737 46368 
14233105 6765 
14239870 1597 
14241467 233 
14241700 89 
14241789 34 
14241823 8 
14241831 1 
14241832 28657 
14270489 6765 
14277254 377 
14277631 34 
14277665 2 
14277667 46368 
14324035 10946 
14334981 987 
14335968 233 
14336201 13 
14336214 5 
14336219 10946 
14347165 2584 
14349749 377 
14350126 144 
14350270 34 
14350304 3 
14350307 1 
14350308 111821 
14462129 28657 
14490786 6765 
14497551 2584 
14500135 233 
14500368 21 
14500389 5 
14500394 1 
14500395 223641 
14724036 95774 
14819810 6765 
14826575 987 
14827562 233 
14827795 89 
14827884 13 
14827897 5 
14827902 46368 
14874270 10946 
14885216 4181 
14889397 1597 
14890994 233 
14891227 13 
14891240 3 
14891243 67117 
14958360 10946 
14969306 4181 
14973487 1597 
14975084 610 
14975694 144 
14975838 34 
14975872 3 
14975875 10946 
14986821 1597 
14988418 144 
14988562 21 
14988583 1 
14988584 17711 
15006295 610 
15006905 233 
15007138 89 
15007227 21 
15007248 5 
15007253 233 
15007486 34 
15007520 13 
15007533 5 
15007538 1 
15007539 6765 
15014304 2584 
15016888 987 
15017875 233 
15018108 55 
15018163 8 
15018171 17711 
15035882 4181 
15040063 610 
15040673 233 
15040906 89 
15040995 13 
15041008 5 
15041013 1 
15041014 111821 
15152835 4181 
15157016 1597 
15158613 610 
15159223 34 
15159257 5 
15159262 2 
15159264 111821 
15271085 10946 
15282031 2584 
15284615 610 
15285225 144 
15285369 55 
15285424 1 
15285425 111821 
15397246 46368 
15443614 10946 
15454560 610 
15455170 144 
15455314 13 
15455327 3 
15455330 1 
15455331 17711 
15473042 6765 
15479807 2584 
15482391 987 
15483378 89 
15483467 21 
15483488 3 
15483491 1 
15483492 28657 
15512149 6765 
15518914 2584 
15521498 144 
15521642 55 
15521697 13 
15521710 5 
15521715 1 
15521716 67117 
15588833 17711 
15606544 987 
15607531 377 
15607908 144 
15608052 34 
15608086 13 
15608099 17711 
15625810 6765 
15632575 2584 
15635159 233 
15635392 55 
15635447 21 
15635468 5 
15635473 111821 
15747294 28657 
15775951 10946 
15786897 4181 
15791078 89 
15791167 34 
15791201 8 
15791209 3 
15791212 1 
15791213 223641 
16014854 4181 
16019035 610 
16019645 233 
16019878 8 
16019886 1 
16019887 111821 
16131708 10946 
16142654 4181 
16146835 377 
16147212 144 
16147356 34 
16147390 13 
16147403 5 
16147408 1 
16147409 223641 
16371050 67117 
16438167 1597 
16439764 144 
16439908 55 
16439963 5 
16439968 2 
16439970 111799 
16551769 13 
16551782 5 
16551787 2 
16551789 6765 
16558554 2584 
16561138 987 
16562125 377 
16562502 21 
16562523 2 
16562525 223641 
16786166 4181 
16790347 987 
16791334 144 
16791478 3 
16791481 10946 
16802427 4181 
16806608 610 
16807218 233 
16807451 89 
16807540 223641 
17031181 28657 
17059838 10946 
17070784 377 
17071161 144 
17071305 34 
17071339 8 
17071347 3 
17071350 1 
17071351 111821 
17183172 6765 
17189937 1597 
17191534 377 
17191911 89 
17192000 34 
17192034 5 
17192039 2 
17192041 66663 
17258704 144 
17258848 55 
17258903 13 
17258916 3 
17258919 17711 
17276630 4181 
17280811 987 
17281798 377 
17282175 144 
17282319 55 
17282374 21 
17282395 3 
17282398 17711 
17300109 6765 
17306874 1597 
17308471 233 
17308704 89 
17308793 21 
17308814 3 
17308817 28657 
17337474 4181 
17341655 377 
17342032 89 
17342121 13 
17342134 5 
17342139 2 
17342141 111821 
17453962 10946 
17464908 610 
17465518 3 
17465521 67117 
17532638 17711 
17550349 4181 
17554530 610 
17555140 55 
17555195 21 
17555216 5 
17555221 17711 
17572932 6765 
17579697 1597 
17581294 233 
17581527 55 
17581582 21 
17581603 5 
17581608 1 
17581609 28657 
17610266 610 
17610876 13 
17610889 5 
17610894 2 
17610896 66663 
17677559 233 
17677792 89 
17677881 223641 
17901522 17711 
17919233 987 
17920220 377 
17920597 34 
17920631 13 
17920644 2 
17920646 46368 
17967014 6765 
17973779 610 
17974389 34 
17974423 5 
17974428 1 
17974429 67117 
18041546 2584 
18044130 233 
18044363 34 
18044397 8 
18044405 2 
18044407 380248 
18424655 95774 
18520429 6765 
18527194 2584 
18529778 987 
18530765 89 
18530854 21 
18530875 8 
18530883 3 
18530886 111821 
18642707 10946 
18653653 2584 
18656237 89 
18656326 21 
18656347 8 
18656355 3 
18656358 111821 
18768179 17711 
18785890 6765 
18792655 2584 
18795239 987 
18796226 377 
18796603 144 
18796747 21 
18796768 8 
18796776 111821 
18908597 6765 
18915362 1597 
18916959 610 
18917569 144 
18917713 34 
18917747 13 
18917760 46368 
18964128 6765 
18970893 987 
18971880 377 
18972257 144 
18972401 55 
18972456 8 
18972464 3 
18972467 1 
18972468 223641 
19196109 4181 
19200290 987 
19201277 377 
19201654 89 
19201743 3 
19201746 1 
19201747 492069 
19693816 2584 
19696400 987 
19697387 377 
19697764 144 
19697908 1 
19697909 111821 
19809730 67117 
19876847 987 
19877834 21 
19877855 2 
19877857 67117 
19944974 17711 
19962685 6765 
19969450 89 
19969539 3 
19969542 1 
19969543 46368 
20015911 10946 
20026857 1597 
20028454 233 
20028687 8 
20028695 28657 
20057352 4181 
20061533 1597 
20063130 377 
20063507 144 
20063651 34 
20063685 5 
20063690 1 
20063691 111821 
20175512 46368 
20221880 1597 
20223477 610 
20224087 233 
20224320 5 
20224325 1 
20224326 67117 
20291443 17711 
20309154 6765 
20315919 377 
20316296 144 
20316440 5 
20316445 17711 
20334156 6765 
20340921 144 
20341065 34 
20341099 8 
20341107 2 
20341109 111821 
20452930 28657 
20481587 2584 
20484171 144 
20484315 34 
20484349 1 
20484350 353173 
20837523 1597 
20839120 233 
20839353 34 
20839387 13 
20839400 1 
20839401 67117 
20906518 6765 
20913283 89 
20913372 21 
20913393 8 
20913401 2 
20913403 614380 
21527783 6765 
21534548 2584 
21537132 987 
21538119 144 
21538263 55 
21538318 21 
21538339 1 
21538340 223641 
21761981 6765 
21768746 2584 
21771330 377 
21771707 144 
21771851 34 
21771885 2 
21771887 10946 
21782833 144 
21782977 34 
21783011 28657 
21811668 987 
21812655 144 
21812799 21 
21812820 2 
21812822 67117 
21879939 17711 
21897650 610 
21898260 144 
21898404 8 
21898412 2 
21898414 111821 
22010235 46368 
22056603 4181 
22060784 987 
22061771 89 
22061860 34 
22061894 13 
22061907 3 
22061910 1 
22061911 6765 
22068676 2584 
22071260 233 
22071493 89 
22071582 34 
22071616 13 
22071629 5 
22071634 2 
22071636 380248 
22451884 10946 
22462830 4181 
22467011 987 
22467998 144 
22468142 5 
22468147 28657 
22496804 10946 
22507750 2584 
22510334 987 
22511321 55 
22511376 3 
22511379 46368 
22557747 233 
22557980 55 
22558035 8 
22558043 2 
22558045 95774 
22653819 2584 
22656403 377 
22656780 144 
22656924 21 
22656945 46368 
22703313 6765 
22710078 144 
22710222 55 
22710277 21 
22710298 1 
22710299 17711 
22728010 6765 
22734775 2584 
22737359 144 
22737503 34 
22737537 17711 
22755248 610 
22755858 233 
22756091 89 
22756180 34 
22756214 28657 
22784871 10946 
22795817 4181 
22799998 1597 
22801595 233 
22801828 34 
22801862 13 
22801875 5 
22801880 1 
22801881 111821 
22913702 28657 
22942359 10946 
22953305 987 
22954292 377 
22954669 34 
22954703 5 
22954708 1 
22954709 67117 
23021826 10946 
23032772 4181 
23036953 377 
23037330 89 
23037419 8 
23037427 1 
23037428 111821 
23149249 95774 
23245023 21 
23245044 8 
23245052 3 
23245055 17711 
23262766 6765 
23269531 610 
23270141 34 
23270175 13 
23270188 46368 
23316556 10946 
23327502 1597 
23329099 233 
23329332 89 
23329421 21 
23329442 8 
23329450 3 
23329453 1 
23329454 17711 
23347165 6765 
23353930 987 
23354917 89 
23355006 3 
23355009 1 
23355010 10946 
23365956 2584 
23368540 987 
23369527 55 
23369582 13 
23369595 5 
23369600 111821 
23481421 10946 
23492367 1597 
23493964 377 
23494341 144 
23494485 55 
23494540 8 
23494548 3 
23494551 1 
23494552 28657 
23523209 10946 
23534155 4181 
23538336 610 
23538946 144 
23539090 55 
23539145 3 
23539148 1 
23539149 111821 
23650970 67117 
23718087 2584 
23720671 610 
23721281 233 
23721514 21 
23721535 8 
23721543 3 
23721546 223641 
23945187 28657 
23973844 1597 
23975441 610 
23976051 89 
23976140 34 
23976174 8 
23976182 3 
23976185 95774 
24071959 2584 
24074543 987 
24075530 144 
24075674 55 
24075729 8 
24075737 1 
24075738 95774 
24171512 4181 
24175693 1597 
24177290 610 
24177900 8 
24177908 10946 
24188854 4181 
24193035 1597 
24194632 610 
24195242 55 
24195297 21 
24195318 8 
24195326 1 
24195327 67117 
24262444 17711 
24280155 4181 
24284336 1597 
24285933 377 
24286310 144 
24286454 34 
24286488 13 
24286501 3 
24286504 1 
24286505 46368 
24332873 10946 
24343819 2584 
24346403 610 
24347013 89 
24347102 21 
24347123 8 
24347131 111821 
24458952 67117 
24526069 4181 
24530250 1597 
24531847 610 
24532457 144 
24532601 34 
24532635 5 
24532640 2 
24532642 46368 
24579010 10946 
24589956 4181 
24594137 987 
24595124 144 
24595268 55 
24595323 8 
24595331 28657 
24623988 10946 
24634934 4181 
24639115 987 
24640102 144 
24640246 55 
24640301 13 
24640314 3 
24640317 10946 
24651263 4181 
24655444 610 
24656054 233 
24656287 55 
24656342 13 
24656355 3 
24656358 1 
24656359 46368 
24702727 2584 
24705311 233 
24705544 89 
24705633 34 
24705667 5 
24705672 1 
24705673 4181 
24709854 610 
24710464 8 
24710472 3 
24710475 67117 
24777592 987 
24778579 233 
24778812 21 
24778833 5 
24778838 2 
24778840 380248 
25159088 46368 
25205456 10946 
25216402 1597 
25217999 89 
25218088 34 
25218122 13 
25218135 360900 
25579035 4181 
25583216 987 
25584203 377 
25584580 144 
25584724 34 
25584758 8 
25584766 46368 
25631134 10946 
25642080 4181 
25646261 987 
25647248 377 
25647625 89 
25647714 34 
25647748 5 
25647753 2 
25647755 67117 
25714872 4181 
25719053 144 
25719197 55 
25719252 3 
25719255 1 
25719256 67117 
25786373 4181 
25790554 377 
25790931 144 
25791075 55 
25791130 13 
25791143 2 
25791145 111821 
25902966 67117 
25970083 10946 
25981029 987 
25982016 144 
25982160 8 
25982168 6765 
25988933 2584 
25991517 610 
25992127 233 
25992360 89 
25992449 34 
25992483 8 
25992491 46368 
26038859 4181 
26043040 1597 
26044637 377 
26045014 55 
26045069 2 
26045071 46368 
26091439 10946 
26102385 4181 
26106566 610 
26107176 144 
26107320 34 
26107354 13 
26107367 3 
26107370 1 
26107371 111821 
26219192 610 
26219802 144 
26219946 55 
26220001 21 
26220022 5 
26220027 1 
26220028 67117 
26287145 17711 
26304856 4181 
26309037 1597 
26310634 21 
26310655 8 
26310663 2 
26310665 64079 
26374744 1597 
26376341 610 
26376951 233 
26377184 89 
26377273 34 
26377307 13 
26377320 5 
26377325 111821 
26489146 64079 
26553225 1597 
26554822 610 
26555432 233 
26555665 8 
26555673 2 
26555675 67117 
26622792 17711 
26640503 1597 
26642100 377 
26642477 144 
26642621 55 
26642676 13 
26642689 5 
26642694 2 
26642696 223641 
26866337 17711 
26884048 4181 
26888229 1597 
26889826 233 
26890059 55 
26890114 8 
26890122 1 
26890123 67117 
26957240 4181 
26961421 1597 
26963018 89 
26963107 13 
26963120 2 
26963122 492069 
27455191 17711 
27472902 987 
27473889 377 
27474266 21 
27474287 2 
27474289 377 
27474666 144 
27474810 55 
27474865 21 
27474886 3 
27474889 67117 
27542006 17711 
27559717 144 
27559861 34 
27559895 8 
27559903 2 
27559905 67117 
27627022 17711 
27644733 2584 
27647317 610 
27647927 89 
27648016 3 
27648019 67117 
27715136 4181 
27719317 233 
27719550 34 
27719584 5 
27719589 1 
27719590 223641 
27943231 46368 
27989599 1597 
27991196 610 
27991806 89 
27991895 34 
27991929 8 
27991937 3 
27991940 1 
27991941 223641 
28215582 17711 
28233293 4181 
28237474 610 
28238084 89 
28238173 34 
28238207 13 
28238220 1 
28238221 10946 
28249167 4181 
28253348 1597 
28254945 610 
28255555 233 
28255788 55 
28255843 13 
28255856 111821 
28367677 610 
28368287 233 
28368520 13 
28368533 3 
28368536 111821 
28480357 67117 
28547474 4181 
28551655 987 
28552642 233 
28552875 3 
28552878 2584 
28555462 55 
28555517 5 
28555522 1 
28555523 2584 
28558107 377 
28558484 144 
28558628 1 
28558629 111821 
28670450 67117 
28737567 10946 
28748513 1597 
28750110 89 
28750199 8 
28750207 1 
28750208 67117 
28817325 17711 
28835036 2584 
28837620 987 
28838607 377 
28838984 89 
28839073 34 
28839107 5 
28839112 2 
28839114 111821 
28950935 67117 
29018052 17711 
29035763 4181 
29039944 1597 
29041541 377 
29041918 34 
29041952 111821 
29153773 46368 
29200141 10946 
29211087 987 
29212074 377 
29212451 55 
29212506 13 
29212519 5 
29212524 1 
29212525 111821 
29324346 4181 
29328527 1597 
29330124 55 
29330179 13 
29330192 4181 
29334373 1597 
29335970 144 
29336114 3 
29336117 28657 
29364774 6765 
29371539 2584 
29374123 987 
29375110 377 
29375487 89 
29375576 5 
29375581 95774 
29471355 6765 
29478120 2584 
29480704 987 
29481691 377 
29482068 89 
29482157 34 
29482191 5 
29482196 1 
29482197 335462 
29817659 2584 
29820243 233 
29820476 89 
29820565 34 
29820599 8 
29820607 2 
29820609 2584 
29823193 987 
29824180 233 
29824413 34 
29824447 3 
29824450 95774 
29920224 610 
29920834 144 
29920978 55 
29921033 3 
29921036 67117 
29988153 10946 
29999099 2584 
30001683 610 
30002293 233 
30002526 89 
30002615 1 
30002616 223641 
30226257 28657 
30254914 4181 
30259095 1597 
30260692 377 
30261069 144 
30261213 8 
30261221 3 
30261224 1 
30261225 64079 
30325304 987 
30326291 144 
30326435 28657 
30355092 10946 
30366038 2584 
30368622 610 
30369232 21 
30369253 67117 
30436370 17711 
30454081 4181 
30458262 34 
30458296 8 
30458304 10946 
30469250 610 
30469860 144 
30470004 55 
30470059 13 
30470072 5 
30470077 1 
30470078 111821 
30581899 95774 
30677673 4181 
30681854 987 
30682841 377 
30683218 144 
30683362 55 
30683417 13 
30683430 5 
30683435 2 
30683437 6765 
30690202 987 
30691189 144 
30691333 21 
30691354 8 
30691362 1 
30691363 111821 
30803184 6765 
30809949 987 
30810936 233 
30811169 34 
30811203 3 
30811206 111821 
30923027 67117 
30990144 6765 
30996909 610 
30997519 233 
30997752 55 
30997807 13 
30997820 1 
30997821 2584 
31000405 233 
31000638 55 
31000693 3 
31000696 111821 
31112517 1597 
31114114 610 
31114724 233 
31114957 89 
31115046 8 
31115054 2 
31115056 10946 
31126002 2584 
31128586 89 
31128675 2 
31128677 28657 
31157334 2584 
31159918 233 
31160151 55 
31160206 13 
31160219 5 
31160224 1 
31160225 46368 
31206593 4181 
31210774 1597 
31212371 610 
31212981 233 
31213214 55 
31213269 21 
31213290 2 
31213292 28657 
31241949 2584 
31244533 377 
31244910 144 
31245054 34 
31245088 1 
31245089 223641 
31468730 4181 
31472911 987 
31473898 377 
31474275 34 
31474309 13 
31474322 2 
31474324 233 
31474557 8 
31474565 1 
31474566 46368 
31520934 6765 
31527699 1597 
31529296 377 
31529673 144 
31529817 55 
31529872 21 
31529893 8 
31529901 1 
31529902 111821 
31641723 17711 
31659434 1597 
31661031 377 
31661408 13 
31661421 3 
31661424 1 
31661425 28657 
31690082 10946 
31701028 4181 
31705209 610 
31705819 144 
31705963 34 
31705997 13 
31706010 5 
31706015 17711 
31723726 6765 
31730491 55 
31730546 8 
31730554 3 
31730557 1 
31730558 17711 
31748269 6765 
31755034 2584 
31757618 610 
31758228 144 
31758372 8 
31758380 1 
31758381 111821 
31870202 46368 
31916570 987 
31917557 233 
31917790 21 
31917811 8 
31917819 2 
31917821 111821 
32029642 10946 
32040588 1597 
32042185 233 
32042418 89 
32042507 13 
32042520 3 
32042523 28657 
32071180 4181 
32075361 987 
32076348 233 
32076581 89 
32076670 8 
32076678 1 
32076679 380248 
32456927 46368 
32503295 6765 
32510060 987 
32511047 34 
32511081 13 
32511094 3 
32511097 1 
32511098 17711 
32528809 987 
32529796 377 
32530173 144 
32530317 34 
32530351 3 
32530354 1 
32530355 67117 
32597472 2584 
32600056 377 
32600433 144 
32600577 55 
32600632 21 
32600653 8 
32600661 3 
32600664 46368 
32647032 2584 
32649616 377 
32649993 89 
32650082 2 
32650084 223641 
32873725 46368 
32920093 4181 
32924274 1597 
32925871 144 
32926015 34 
32926049 13 
32926062 95774 
33021836 2584 
33024420 610 
33025030 89 
33025119 21 
33025140 8 
33025148 1 
33025149 10946 
33036095 987 
33037082 144 
33037226 21 
33037247 5 
33037252 223641 
33260893 10946 
33271839 2584 
33274423 610 
33275033 233 
33275266 89 
33275355 5 
33275360 17711 
33293071 987 
33294058 144 
33294202 8 
33294210 2 
33294212 111821 
33406033 28657 
33434690 2584 
33437274 987 
33438261 377 
33438638 89 
33438727 34 
33438761 13 
33438774 5 
33438779 1 
33438780 17711 
33456491 6765 
33463256 1597 
33464853 233 
33465086 8 
33465094 3 
33465097 1 
33465098 1597 
33466695 610 
33467305 233 
33467538 2 
33467540 17711 
33485251 6765 
33492016 610 
33492626 89 
33492715 8 
33492723 3 
33492726 1 
33492727 111821 
33604548 28657 
33633205 1597 
33634802 233 
33635035 21 
33635056 8 
33635064 2 
33635066 28657 
33663723 4181 
33667904 1597 
33669501 55 
33669556 2 
33669558 106720 
33776278 2584 
33778862 3 
33778865 1 
33778866 111821 
33890687 46368 
33937055 6765 
33943820 610 
33944430 233 
33944663 13 
33944676 3 
33944679 1 
33944680 111821 
34056501 17711 
34074212 6765 
34080977 987 
34081964 8 
34081972 3 
34081975 1 
34081976 111821 
34193797 46368 
34240165 6765 
34246930 1597 
34248527 377 
34248904 144 
34249048 13 
34249061 3 
34249064 1 
34249065 28657 
34277722 10946 
34288668 377 
34289045 89 
34289134 34 
34289168 8 
34289176 2 
34289178 95774 
34384952 2584 
34387536 89 
34387625 34 
34387659 3 
34387662 10946 
34398608 4181 
34402789 89 
34402878 34 
34402912 5 
34402917 1 
34402918 111821 
34514739 67117 
34581856 987 
34582843 89 
34582932 13 
34582945 3 
34582948 1 
34582949 111821 
34694770 67117 
34761887 17711 
34779598 987 
34780585 233 
34780818 89 
34780907 21 
34780928 8 
34780936 1 
34780937 17711 
34798648 610 
34799258 610 
34799868 233 
34800101 89 
34800190 8 
34800198 111821 
34912019 4181 
34916200 610 
34916810 89 
34916899 34 
34916933 13 
34916946 2 
34916948 46368 
34963316 987 
34964303 89 
34964392 3 
34964395 1 
34964396 28657 
34993053 4181 
34997234 610 
34997844 144 
34997988 55 
34998043 13 
34998056 3 
34998059 1 
34998060 10946 
35009006 2584 
35011590 987 
35012577 377 
35012954 34 
35012988 13 
35013001 5 
35013006 2 
35013008 377 
35013385 55 
35013440 21 
35013461 3 
35013464 6765 
35020229 987 
35021216 89 
35021305 13 
35021318 2 
35021320 111821 
35133141 6765 
35139906 2584 
35142490 377 
35142867 21 
35142888 5 
35142893 2 
35142895 28657 
35171552 6765 
35178317 1597 
35179914 144 
35180058 55 
35180113 13 
35180126 3 
35180129 67117 
35247246 610 
35247856 5 
35247861 46368 
35294229 10946 
35305175 987 
35306162 144 
35306306 34 
35306340 46368 
35352708 10946 
35363654 2584 
35366238 987 
35367225 89 
35367314 21 
35367335 5 
35367340 2584 
35369924 89 
35370013 21 
35370034 5 
35370039 28657 
35398696 10946 
35409642 4181 
35413823 1597 
35415420 610 
35416030 89 
35416119 21 
35416140 8 
35416148 17711 
35433859 6765 
35440624 610 
35441234 89 
35441323 13 
35441336 3 
35441339 1 
35441340 144 
35441484 8 
35441492 3 
35441495 111821 
35553316 2584 
35555900 377 
35556277 89 
35556366 34 
35556400 13 
35556413 2 
35556415 6765 
35563180 1597 
35564777 377 
35565154 144 
35565298 34 
35565332 8 
35565340 2 
35565342 4181 
35569523 1597 
35571120 610 
35571730 233 
35571963 34 
35571997 3 
35572000 67117 
35639117 4181 
35643298 1597 
35644895 610 
35645505 233 
35645738 55 
35645793 21 
35645814 3 
35645817 1 
35645818 610 
35646428 233 
35646661 55 
35646716 21 
35646737 8 
35646745 1 
35646746 67117 
35713863 17711 
35731574 1597 
35733171 377 
35733548 144 
35733692 34 
35733726 223641 
35957367 46368 
36003735 6765 
36010500 987 
36011487 144 
36011631 55 
36011686 13 
36011699 6765 
36018464 2584 
36021048 377 
36021425 144 
36021569 67117 
36088686 17711 
36106397 4181 
36110578 1597 
36112175 377 
36112552 144 
36112696 55 
36112751 13 
36112764 2 
36112766 28657 
36141423 10946 
36152369 4181 
36156550 610 
36157160 233 
36157393 21 
36157414 3 
36157417 1 
36157418 10946 
36168364 4181 
36172545 987 
36173532 233 
36173765 34 
36173799 13 
36173812 3 
36173815 28657 
36202472 10946 
36213418 1597 
36215015 610 
36215625 144 
36215769 34 
36215803 13 
36215816 46368 
36262184 6765 
36268949 1597 
36270546 377 
36270923 21 
36270944 8 
36270952 3 
36270955 1597 
36272552 610 
36273162 89 
36273251 8 
36273259 28657 
36301916 2584 
36304500 377 
36304877 89 
36304966 34 
36305000 13 
36305013 2 
36305015 2584 
36307599 233 
36307832 89 
36307921 8 
36307929 10946 
36318875 4181 
36323056 1597 
36324653 233 
36324886 89 
36324975 34 
36325009 8 
36325017 17711 
36342728 1597 
36344325 89 
36344414 34 
36344448 13 
36344461 28657 
36373118 10946 
36384064 987 
36385051 377 
36385428 89 
36385517 8 
36385525 1 
36385526 28657 
36414183 4181 
36418364 144 
36418508 21 
36418529 2 
36418531 10946 
36429477 4181 
36433658 1597 
36435255 55 
36435310 13 
36435323 3 
36435326 1 
36435327 46368 
36481695 10946 
36492641 4181 
36496822 610 
36497432 89 
36497521 34 
36497555 8 
36497563 1 
36497564 111821 
36609385 28657 
36638042 6765 
36644807 987 
36645794 34 
36645828 3 
36645831 1 
36645832 17711 
36663543 6765 
36670308 2584 
36672892 987 
36673879 34 
36673913 3 
36673916 1 
36673917 17711 
36691628 1597 
36693225 377 
36693602 144 
36693746 55 
36693801 13 
36693814 1 
36693815 46368 
36740183 10946 
36751129 4181 
36755310 987 
36756297 377 
36756674 144 
36756818 5 
36756823 28657 
36785480 4181 
36789661 610 
36790271 3 
36790274 67117 
36857391 10946 
36868337 4181 
36872518 144 
36872662 55 
36872717 8 
36872725 3 
36872728 111821 
36984549 17711 
37002260 2584 
37004844 89 
37004933 8 
37004941 2 
37004943 46368 
37051311 10946 
37062257 2584 
37064841 144 
37064985 55 
37065040 21 
37065061 2 
37065063 223641 
37288704 67117 
37355821 6765 
37362586 1597 
37364183 377 
37364560 144 
37364704 13 
37364717 6765 
37371482 610 
37372092 233 
37372325 21 
37372346 8 
37372354 2 
37372356 67117 
37439473 10946 
37450419 2584 
37453003 610 
37453613 89 
37453702 21 
37453723 5 
37453728 2 
37453730 1597 
37455327 377 
37455704 89 
37455793 34 
37455827 13 
37455840 1 
37455841 46368 
37502209 6765 
37508974 1597 
37510571 233 
37510804 55 
37510859 21 
37510880 2 
37510882 987 
37511869 377 
37512246 144 
37512390 34 
37512424 5 
37512429 2 
37512431 111821 
37624252 28657 
37652909 10946 
37663855 2584 
37666439 987 
37667426 8 
37667434 2 
37667436 335462 
38002898 10946 
38013844 2584 
38016428 144 
38016572 21 
38016593 8 
38016601 3 
38016604 46368 
38062972 10946 
38073918 1597 
38075515 144 
38075659 55 
38075714 3 
38075717 28657 
38104374 10946 
38115320 987 
38116307 233 
38116540 34 
38116574 13 
38116587 3 
38116590 67117 
38183707 17711 
38201418 4181 
38205599 1597 
38207196 233 
38207429 89 
38207518 13 
38207531 5 
38207536 2 
38207538 17711 
38225249 6765 
38232014 1597 
38233611 610 
38234221 2 
38234223 67117 
38301340 17711 
38319051 1597 
38320648 34 
38320682 5 
38320687 1 
38320688 223641 
38544329 95774 
38640103 6765 
38646868 2584 
38649452 610 
38650062 233 
38650295 21 
38650316 8 
38650324 2 
38650326 223641 
38873967 28657 
38902624 10946 
38913570 2584 
38916154 610 
38916764 34 
38916798 3 
38916801 28657 
38945458 233 
38945691 89 
38945780 13 
38945793 2584 
38948377 144 
38948521 8 
38948529 1 
38948530 6765 
38955295 2584 
38957879 987 
38958866 13 
38958879 5 
38958884 2 
38958886 64079 
39022965 377 
39023342 144 
39023486 5 
39023491 67117 
39090608 17711 
39108319 2584 
39110903 377 
39111280 89 
39111369 13 
39111382 67117 
39178499 10946 
39189445 4181 
39193626 1597 
39195223 377 
39195600 34 
39195634 13 
39195647 5 
39195652 1 
39195653 111821 
39307474 46368 
39353842 10946 
39364788 4181 
39368969 987 
39369956 233 
39370189 5 
39370194 67117 
39437311 17711 
39455022 6765 
39461787 2584 
39464371 987 
39465358 377 
39465735 8 
39465743 3 
39465746 223641 
39689387 67117 
39756504 10946 
39767450 1597 
39769047 377 
39769424 89 
39769513 34 
39769547 5 
39769552 2 
39769554 111821 
39881375 46368 
39927743 6765 
39934508 2584 
39937092 610 
39937702 144 
39937846 3 
39937849 1 
39937850 106720 
40044570 1597 
40046167 8 
40046175 1 
40046176 111821 
40157997 6765 
40164762 2584 
40167346 233 
40167579 89 
40167668 3 
40167671 106720 
40274391 987 
40275378 233 
40275611 89 
40275700 34 
40275734 1 
40275735 17711 
40293446 2584 
40296030 377 
40296407 34 
40296441 5 
40296446 2 
40296448 28657 
40325105 6765 
40331870 2584 
40334454 5 
40334459 1 
40334460 111821 
40446281 28657 
40474938 2584 
40477522 377 
40477899 89 
40477988 8 
40477996 3 
40477999 1 
40478000 46368 
40524368 2584 
40526952 233 
40527185 34 
40527219 3 
40527222 1 
40527223 95774 
40622997 6765 
40629762 2584 
40632346 144 
40632490 55 
40632545 21 
40632566 8 
40632574 3 
40632577 111821 
40744398 46368 
40790766 6765 
40797531 144 
40797675 13 
40797688 1 
40797689 2584 
40800273 987 
40801260 377 
40801637 89 
40801726 1 
40801727 111821 
40913548 67117 
40980665 17711 
40998376 4181 
41002557 987 
41003544 233 
41003777 89 
41003866 34 
41003900 111821 
41115721 28657 
41144378 1597 
41145975 55 
41146030 13 
41146043 3 
41146046 64079 
41210125 1597 
41211722 144 
41211866 34 
41211900 13 
41211913 3 
41211916 1 
41211917 106720 
41318637 1597 
41320234 144 
41320378 21 
41320399 5 
41320404 28657 
41349061 10946 
41360007 2584 
41362591 987 
41363578 89 
41363667 21 
41363688 8 
41363696 3 
41363699 111821 
41475520 46368 
41521888 4181 
41526069 987 
41527056 233 
41527289 21 
41527310 8 
41527318 3 
41527321 1 
41527322 360900 
41888222 610 
41888832 55 
41888887 13 
41888900 5 
41888905 1 
41888906 28657 
41917563 987 
41918550 377 
41918927 144 
41919071 55 
41919126 13 
41919139 3 
41919142 111821 
42030963 67117 
42098080 17711 
42115791 4181 
42119972 1597 
42121569 377 
42121946 21 
42121967 5 
42121972 28657 
42150629 10946 
42161575 4181 
42165756 610 
42166366 89 
42166455 5 
42166460 2 
42166462 28657 
42195119 89 
42195208 13 
42195221 3 
42195224 6765 
42201989 2584 
42204573 610 
42205183 233 
42205416 89 
42205505 5 
42205510 2 
42205512 17711 
42223223 6765 
42229988 987 
42230975 144 
42231119 8 
42231127 2 
42231129 67117 
42298246 17711 
42315957 4181 
42320138 1597 
42321735 377 
42322112 89 
42322201 13 
42322214 3 
42322217 111821 
42434038 10946 
42444984 2584 
42447568 233 
42447801 89 
42447890 21 
42447911 2 
42447913 111821 
42559734 10946 
42570680 1597 
42572277 610 
42572887 34 
42572921 13 
42572934 95774 
42668708 4181 
42672889 1597 
42674486 377 
42674863 13 
42674876 1 
42674877 111821 
42786698 28657 
42815355 4181 
42819536 1597 
42821133 377 
42821510 89 
42821599 34 
42821633 2 
42821635 28657 
42850292 10946 
42861238 2584 
42863822 55 
42863877 8 
42863885 380248 
43244133 28657 
43272790 10946 
43283736 4181 
43287917 610 
43288527 233 
43288760 34 
43288794 2 
43288796 111821 
43400617 67117 
43467734 17711 
43485445 6765 
43492210 2584 
43494794 987 
43495781 377 
43496158 89 
43496247 34 
43496281 13 
43496294 3 
43496297 1 
43496298 111821 
43608119 66663 
43674782 233 
43675015 34 
43675049 8 
43675057 3 
43675060 1 
43675061 28657 
43703718 6765 
43710483 1597 
43712080 610 
43712690 89 
43712779 13 
43712792 5 
43712797 1 
43712798 987 
43713785 233 
43714018 89 
43714107 34 
43714141 1 
43714142 17711 
43731853 1597 
43733450 610 
43734060 233 
43734293 55 
43734348 1 
43734349 380248 
44114597 28657 
44143254 10946 
44154200 1597 
44155797 377 
44156174 89 
44156263 34 
44156297 3 
44156300 46368 
44202668 6765 
44209433 1597 
44211030 3 
44211033 1 
44211034 67117 
44278151 6765 
44284916 2584 
44287500 987 
44288487 144 
44288631 8 
44288639 1 
44288640 987 
44289627 377 
44290004 144 
44290148 13 
44290161 2 
44290163 17711 
44307874 6765 
44314639 1597 
44316236 377 
44316613 55 
44316668 21 
44316689 28657 
44345346 10946 
44356292 4181 
44360473 987 
44361460 233 
44361693 55 
44361748 13 
44361761 5 
44361766 2 
44361768 28657 
44390425 6765 
44397190 1597 
44398787 610 
44399397 144 
44399541 21 
44399562 5 
44399567 66663 
44466230 144 
44466374 55 
44466429 5 
44466434 2 
44466436 111821 
44578257 67117 
44645374 10946 
44656320 2584 
44658904 610 
44659514 233 
44659747 34 
44659781 5 
44659786 2 
44659788 380248 
45040036 46368 
45086404 10946 
45097350 610 
45097960 144 
45098104 34 
45098138 2 
45098140 223641 
45321781 17711 
45339492 2584 
45342076 610 
45342686 144 
45342830 55 
45342885 3 
45342888 111821 
45454709 17711 
45472420 4181 
45476601 1597 
45478198 377 
45478575 55 
45478630 21 
45478651 5 
45478656 1 
45478657 111821 
45590478 4181 
45594659 1597 
45596256 610 
45596866 144 
45597010 13 
45597023 3 
45597026 1 
45597027 10946 
45607973 4181 
45612154 987 
45613141 233 
45613374 55 
45613429 13 
45613442 5 
45613447 1 
45613448 17711 
45631159 6765 
45637924 1597 
45639521 377 
45639898 55 
45639953 8 
45639961 3 
45639964 28657 
45668621 2584 
45671205 377 
45671582 13 
45671595 3 
45671598 1 
45671599 492069 
46163668 2584 
46166252 377 
46166629 8 
46166637 1 
46166638 111821 
46278459 28657 
46307116 6765 
46313881 1597 
46315478 610 
46316088 233 
46316321 55 
46316376 21 
46316397 8 
46316405 3 
46316408 1 
46316409 28657 
46345066 10946 
46356012 2584 
46358596 34 
46358630 8 
46358638 3 
46358641 1 
46358642 111821 
46470463 28657 
46499120 10946 
46510066 4181 
46514247 1597 
46515844 377 
46516221 89 
46516310 34 
46516344 13 
46516357 3 
46516360 111821 
46628181 106720 
46734901 2584 
46737485 610 
46738095 89 
46738184 34 
46738218 8 
46738226 3 
46738229 64079 
46802308 377 
46802685 89 
46802774 34 
46802808 8 
46802816 3 
46802819 1 
46802820 46368 
46849188 4181 
46853369 1597 
46854966 610 
46855576 233 
46855809 5 
46855814 1 
46855815 111821 
46967636 46368 
47014004 10946 
47024950 4181 
47029131 1597 
47030728 89 
47030817 21 
47030838 46368 
47077206 10946 
47088152 2584 
47090736 377 
47091113 34 
47091147 8 
47091155 67117 
47158272 10946 
47169218 4181 
47173399 987 
47174386 144 
47174530 34 
47174564 1 
47174565 111821 
47286386 67117 
47353503 2584 
47356087 987 
47357074 377 
47357451 89 
47357540 34 
47357574 360900 
47718474 4181 
47722655 1597 
47724252 610 
47724862 233 
47725095 55 
47725150 21 
47725171 8 
47725179 2 
47725181 6765 
47731946 1597 
47733543 610 
47734153 144 
47734297 34 
47734331 3 
47734334 1 
47734335 17711 
47752046 4181 
47756227 610 
47756837 233 
47757070 89 
47757159 21 
47757180 3 
47757183 111821 
47869004 28657 
47897661 6765 
47904426 2584 
47907010 610 
47907620 144 
47907764 34 
47907798 1 
47907799 111821 
48019620 17711 
48037331 4181 
48041512 1597 
48043109 610 
48043719 233 
48043952 55 
48044007 21 
48044028 5 
48044033 2 
48044035 28657 
48072692 10946 
48083638 4181 
48087819 377 
48088196 34 
48088230 3 
48088233 1597 
48089830 610 
48090440 89 
48090529 111821 
48202350 67117 
48269467 6765 
48276232 233 
48276465 89 
48276554 5 
48276559 2 
48276561 67117 
48343678 6765 
48350443 1597 
48352040 610 
48352650 55 
48352705 21 
48352726 2 
48352728 610 
48353338 55 
48353393 13 
48353406 5 
48353411 1 
48353412 95774 
48449186 2584 
48451770 987 
48452757 233 
48452990 34 
48453024 13 
48453037 5 
48453042 2 
48453044 111821 
48564865 46368 
48611233 4181 
48615414 610 
48616024 89 
48616113 21 
48616134 46368 
48662502 6765 
48669267 1597 
48670864 89 
48670953 34 
48670987 5 
48670992 1 
48670993 10946 
48681939 233 
48682172 55 
48682227 21 
48682248 5 
48682253 2 
48682255 111821 
48794076 4181 
48798257 610 
48798867 233 
48799100 13 
48799113 67117 
48866230 10946 
48877176 4181 
48881357 1597 
48882954 610 
48883564 233 
48883797 89 
48883886 13 
48883899 1 
48883900 106720 
48990620 610 
48991230 13 
48991243 3 
48991246 111821 
49103067 46368 
49149435 10946 
49160381 610 
49160991 89 
49161080 67117 
49228197 10946 
49239143 610 
49239753 144 
49239897 21 
49239918 8 
49239926 111821 
49351747 67117 
49418864 6765 
49425629 1597 
49427226 610 
49427836 144 
49427980 13 
49427993 1 
49427994 10946 
49438940 1597 
49440537 610 
49441147 55 
49441202 21 
49441223 46368 
49487591 6765 
49494356 1597 
49495953 610 
49496563 144 
49496707 2 
49496709 67117 
49563826 17711 
49581537 987 
49582524 377 
49582901 55 
49582956 5 
49582961 2 
49582963 67117 
49650080 17711 
49667791 2584 
49670375 987 
49671362 89 
49671451 2 
49671453 6765 
49678218 987 
49679205 233 
49679438 55 
49679493 13 
49679506 3 
49679509 1 
49679510 46368 
49725878 1597 
49727475 610 
49728085 233 
49728318 89 
49728407 8 
49728415 2 
49728417 67117 
49795534 17711 
49813245 987 
49814232 233 
49814465 89 
49814554 34 
49814588 13 
49814601 3 
49814604 1 
49814605 111821 
49926426 95774 
50022200 6765 
50028965 1597 
50030562 610 
50031172 233 
50031405 21 
50031426 8 
50031434 3 
50031437 1 
50031438 46368 
50077806 6765 
50084571 1597 
50086168 610 
50086778 233 
50087011 21 
50087032 8 
50087040 3 
50087043 1 
50087044 46368 
50133412 10946 
50144358 2584 
50146942 987 
50147929 377 
50148306 89 
50148395 34 
50148429 13 
50148442 1 
50148443 987 
50149430 377 
50149807 89 
50149896 34 
50149930 8 
50149938 3 
50149941 106720 
50256661 377 
50257038 89 
50257127 21 
50257148 3 
50257151 10946 
50268097 4181 
50272278 233 
50272511 13 
50272524 5 
50272529 2 
50272531 28657 
50301188 4181 
50305369 1597 
50306966 89 
50307055 34 
50307089 1 
50307090 987 
50308077 377 
50308454 13 
50308467 5 
50308472 1 
50308473 111821 
50420294 46368 
50466662 6765 
50473427 233 
50473660 55 
50473715 8 
50473723 1 
50473724 10946 
50484670 4181 
50488851 233 
50489084 89 
50489173 5 
50489178 46368 
50535546 10946 
50546492 4181 
50550673 1597 
50552270 233 
50552503 55 
50552558 21 
50552579 8 
50552587 3 
50552590 223641 
50776231 106720 
50882951 2584 
50885535 144 
50885679 55 
50885734 13 
50885747 67117 
50952864 17711 
50970575 610 
50971185 144 
50971329 34 
50971363 13 
50971376 3 
50971379 17711 
50989090 4181 
50993271 987 
50994258 144 
50994402 55 
50994457 21 
50994478 8 
50994486 4181 
50998667 987 
50999654 377 
51000031 55 
51000086 21 
51000107 8 
51000115 3 
51000118 1 
51000119 111821 
51111940 28657 
51140597 987 
51141584 89 
51141673 13 
51141686 1 
51141687 28657 
51170344 4181 
51174525 1597 
51176122 233 
51176355 8 
51176363 3 
51176366 987 
51177353 377 
51177730 144 
51177874 55 
51177929 8 
51177937 3 
51177940 111821 
51289761 6765 
51296526 1597 
51298123 377 
51298500 144 
51298644 55 
51298699 3 
51298702 17711 
51316413 2584 
51318997 987 
51319984 377 
51320361 55 
51320416 5 
51320421 2 
51320423 106720 
51427143 2584 
51429727 987 
51430714 144 
51430858 55 
51430913 3 
51430916 223641 
51654557 2584 
51657141 987 
51658128 233 
51658361 5 
51658366 2 
51658368 46368 
51704736 10946 
51715682 2584 
51718266 987 
51719253 233 
51719486 55 
51719541 13 
51719554 3 
51719557 1 
51719558 46368 
51765926 610 
51766536 55 
51766591 21 
51766612 8 
51766620 3 
51766623 1 
51766624 46368 
51812992 10946 
51823938 4181 
51828119 1597 
51829716 610 
51830326 89 
51830415 34 
51830449 13 
51830462 5 
51830467 2 
51830469 64079 
51894548 1597 
51896145 233 
51896378 2 
51896380 67117 
51963497 2584 
51966081 610 
51966691 144 
51966835 34 
51966869 13 
51966882 2 
51966884 95774 
52062658 987 
52063645 377 
52064022 21 
52064043 5 
52064048 1 
52064049 28657 
52092706 6765 
52099471 1597 
52101068 377 
52101445 89 
52101534 21 
52101555 3 
52101558 1 
52101559 4181 
52105740 987 
52106727 233 
52106960 21 
52106981 8 
52106989 3 
52106992 1 
52106993 17711 
52124704 6765 
52131469 1597 
52133066 377 
52133443 144 
52133587 55 
52133642 3 
52133645 1 
52133646 28657 
52162303 6765 
52169068 987 
52170055 21 
52170076 8 
52170084 6765 
52176849 2584 
52179433 610 
52180043 89 
52180132 21 
52180153 8 
52180161 3 
52180164 1 
52180165 17711 
52197876 2584 
52200460 987 
52201447 55 
52201502 21 
52201523 5 
52201528 2 
52201530 46368 
52247898 610 
52248508 89 
52248597 8 
52248605 1 
52248606 223641 
52472247 6765 
52479012 1597 
52480609 610 
52481219 233 
52481452 34 
52481486 13 
52481499 3 
52481502 1 
52481503 67117 
52548620 10946 
52559566 2584 
52562150 987 
52563137 144 
52563281 1 
52563282 67117 
52630399 17711 
52648110 6765 
52654875 987 
52655862 377 
52656239 89 
52656328 8 
52656336 95774 
52752110 6765 
52758875 2584 
52761459 2 
52761461 28657 
52790118 987 
52791105 89 
52791194 13 
52791207 28657 
52819864 10946 
52830810 1597 
52832407 377 
52832784 55 
52832839 3 
52832842 28657 
52861499 10946 
52872445 2584 
52875029 987 
52876016 377 
52876393 144 
52876537 13 
52876550 5 
52876555 1 
52876556 95774 
52972330 6765 
52979095 1597 
52980692 233 
52980925 21 
52980946 8 
52980954 2 
52980956 4181 
52985137 1597 
52986734 610 
52987344 144 
52987488 13 
52987501 5 
52987506 2 
52987508 111821 
53099329 2584 
53101913 987 
53102900 89 
53102989 13 
53103002 2 
53103004 67117 
53170121 10946 
53181067 4181 
53185248 987 
53186235 233 
53186468 21 
53186489 8 
53186497 10946 
53197443 1597 
53199040 377 
53199417 55 
53199472 21 
53199493 8 
53199501 3 
53199504 28657 
53228161 6765 
53234926 987 
53235913 377 
53236290 55 
53236345 8 
53236353 1 
53236354 223641 
53459995 4181 
53464176 987 
53465163 144 
53465307 55 
53465362 3 
53465365 67117 
53532482 10946 
53543428 1597 
53545025 610 
53545635 34 
53545669 13 
53545682 1 
53545683 223641 
53769324 67117 
53836441 17711 
53854152 4181 
53858333 610 
53858943 144 
53859087 55 
53859142 8 
53859150 2 
53859152 10946 
53870098 1597 
53871695 610 
53872305 89 
53872394 21 
53872415 5 
53872420 46368 
53918788 377 
53919165 21 
53919186 8 
53919194 10946 
53930140 1597 
53931737 89 
53931826 8 
53931834 3 
53931837 46368 
53978205 6765 
53984970 1597 
53986567 144 
53986711 21 
53986732 8 
53986740 3 
53986743 2584 
53989327 34 
53989361 13 
53989374 380248 
54369622 4181 
54373803 610 
54374413 55 
54374468 21 
54374489 5 
54374494 2 
54374496 28657 
54403153 4181 
54407334 144 
54407478 13 
54407491 1 
54407492 111821 
54519313 6765 
54526078 987 
54527065 144 
54527209 5 
54527214 1 
54527215 111821 
54639036 610 
54639646 13 
54639659 3 
54639662 67117 
54706779 6765 
54713544 2584 
54716128 144 
54716272 21 
54716293 1 
54716294 6765 
54723059 2584 
54725643 610 
54726253 233 
54726486 89 
54726575 13 
54726588 5 
54726593 1 
54726594 223641 
54950235 28657 
54978892 10946 
54989838 4181 
54994019 1597 
54995616 233 
54995849 89 
54995938 34 
54995972 380248 
55376220 67117 
55443337 610 
55443947 89 
55444036 3 
55444039 1 
55444040 46368 
55490408 6765 
55497173 1597 
55498770 89 
55498859 34 
55498893 380248 
55879141 66663 
55945804 5 
55945809 46368 
55992177 4181 
55996358 610 
55996968 144 
55997112 3 
55997115 67117 
56064232 987 
56065219 233 
56065452 89 
56065541 21 
56065562 5 
56065567 2 
56065569 67117 
56132686 17711 
56150397 4181 
56154578 1597 
56156175 377 
56156552 55 
56156607 21 
56156628 8 
56156636 2 
56156638 46368 
56203006 610 
56203616 55 
56203671 13 
56203684 5 
56203689 28657 
56232346 10946 
56243292 1597 
56244889 377 
56245266 34 
56245300 1 
56245301 95774 
56341075 987 
56342062 89 
56342151 34 
56342185 3 
56342188 1 
56342189 6765 
56348954 2584 
56351538 987 
56352525 377 
56352902 21 
56352923 8 
56352931 1 
56352932 111821 
56464753 28657 
56493410 4181 
56497591 1597 
56499188 233 
56499421 55 
56499476 21 
56499497 1 
56499498 28657 
56528155 10946 
56539101 2584 
56541685 987 
56542672 377 
56543049 144 
56543193 55 
56543248 21 
56543269 3 
56543272 1 
56543273 95774 
56639047 6765 
56645812 1597 
56647409 610 
56648019 89 
56648108 3 
56648111 1 
56648112 17711 
56665823 4181 
56670004 1597 
56671601 233 
56671834 55 
56671889 21 
56671910 8 
56671918 1 
56671919 67117 
56739036 2584 
56741620 610 
56742230 144 
56742374 3 
56742377 1 
56742378 17711 
56760089 6765 
56766854 2584 
56769438 34 
56769472 13 
56769485 2 
56769487 95774 
56865261 2584 
56867845 987 
56868832 233 
56869065 55 
56869120 13 
56869133 5 
56869138 1 
56869139 67117 
56936256 17711 
56953967 2584 
56956551 377 
56956928 144 
56957072 55 
56957127 13 
56957140 5 
56957145 2 
56957147 223641 
57180788 46368 
57227156 6765 
57233921 1597 
57235518 377 
57235895 89 
57235984 21 
57236005 8 
57236013 3 
57236016 1 
57236017 64079 
57300096 1597 
57301693 89 
57301782 34 
57301816 5 
57301821 2 
57301823 67117 
57368940 2584 
57371524 233 
57371757 34 
57371791 13 
57371804 111821 
57483625 377 
57484002 144 
57484146 55 
57484201 8 
57484209 3 
57484212 1 
57484213 17711 
57501924 6765 
57508689 2584 
57511273 987 
57512260 89 
57512349 21 
57512370 17711 
57530081 4181 
57534262 987 
57535249 144 
57535393 34 
57535427 5 
57535432 2 
57535434 223641 
57759075 2584 
57761659 610 
57762269 144 
57762413 55 
57762468 8 
57762476 1 
57762477 10946 
57773423 4181 
57777604 987 
57778591 34 
57778625 8 
57778633 3 
57778636 111821 
57890457 17711 
57908168 377 
57908545 144 
57908689 55 
57908744 21 
57908765 1 
57908766 111821 
58020587 67117 
58087704 610 
58088314 89 
58088403 13 
58088416 5 
58088421 1 
58088422 64079 
58152501 1597 
58154098 233 
58154331 89 
58154420 13 
58154433 380248 
58534681 28657 
58563338 10946 
58574284 987 
58575271 89 
58575360 8 
58575368 2 
58575370 111821 
58687191 106720 
58793911 1597 
58795508 610 
58796118 34 
58796152 13 
58796165 5 
58796170 2 
58796172 1597 
58797769 233 
58798002 55 
58798057 8 
58798065 3 
58798068 1 
58798069 28657 
58826726 6765 
58833491 2584 
58836075 987 
58837062 233 
58837295 89 
58837384 34 
58837418 5 
58837423 67117 
58904540 6765 
58911305 610 
58911915 233 
58912148 55 
58912203 13 
58912216 3 
58912219 1 
58912220 111821 
59024041 28657 
59052698 4181 
59056879 610 
59057489 233 
59057722 89 
59057811 21 
59057832 5 
59057837 1 
59057838 380248 
59438086 95774 
59533860 2584 
59536444 610 
59537054 89 
59537143 34 
59537177 8 
59537185 46368 
59583553 987 
59584540 34 
59584574 8 
59584582 2 
59584584 377 
59584961 55 
59585016 21 
59585037 3 
59585040 1 
59585041 28657 
59613698 10946 
59624644 4181 
59628825 987 
59629812 21 
59629833 3 
59629836 28657 
59658493 2584 
59661077 987 
59662064 233 
59662297 89 
59662386 5 
59662391 67117 
59729508 17711 
59747219 6765 
59753984 2584 
59756568 610 
59757178 21 
59757199 46368 
59803567 10946 
59814513 2584 
59817097 610 
59817707 144 
59817851 21 
59817872 3 
59817875 1 
59817876 223641 
60041517 10946 
60052463 2584 
60055047 89 
60055136 13 
60055149 5 
60055154 2 
60055156 67117 
60122273 10946 
60133219 2584 
60135803 610 
60136413 144 
60136557 55 
60136612 13 
60136625 3 
60136628 1 
60136629 111821 
60248450 28657 
60277107 1597 
60278704 610 
60279314 89 
60279403 21 
60279424 5 
60279429 1 
60279430 111821 
60391251 95774 
60487025 4181 
60491206 377 
60491583 144 
60491727 34 
60491761 8 
60491769 1 
60491770 67117 
60558887 17711 
60576598 1597 
60578195 64079 
60642274 987 
60643261 233 
60643494 55 
60643549 21 
60643570 8 
60643578 3 
60643581 1 
60643582 28657 
60672239 6765 
60679004 2584 
60681588 89 
60681677 34 
60681711 13 
60681724 5 
60681729 1 
60681730 6765 
60688495 2584 
60691079 987 
60692066 144 
60692210 5 
60692215 2 
60692217 28657 
60720874 10946 
60731820 377 
60732197 1 
60732198 111821 
60844019 28657 
60872676 1597 
60874273 377 
60874650 34 
60874684 8 
60874692 111821 
60986513 10946 
60997459 377 
60997836 89 
60997925 34 
60997959 2 
60997961 111821 
61109782 28657 
61138439 4181 
61142620 1597 
61144217 610 
61144827 144 
61144971 13 
61144984 3 
61144987 17711 
61162698 4181 
61166879 1597 
61168476 610 
61169086 233 
61169319 55 
61169374 21 
61169395 8 
61169403 3 
61169406 1 
61169407 6765 
61176172 1597 
61177769 610 
61178379 144 
61178523 55 
61178578 8 
61178586 3 
61178589 1 
61178590 28657 
61207247 10946 
61218193 377 
61218570 89 
61218659 34 
61218693 13 
61218706 1 
61218707 46368 
61265075 10946 
61276021 1597 
61277618 377 
61277995 89 
61278084 34 
61278118 5 
61278123 2 
61278125 223641 
61501766 10946 
61512712 2584 
61515296 987 
61516283 144 
61516427 55 
61516482 13 
61516495 6765 
61523260 2584 
61525844 144 
61525988 21 
61526009 3 
61526012 1 
61526013 17711 
61543724 2584 
61546308 233 
61546541 55 
61546596 21 
61546617 5 
61546622 46368 
61592990 6765 
61599755 1597 
61601352 55 
61601407 21 
61601428 8 
61601436 2 
61601438 111821 
61713259 46368 
61759627 2584 
61762211 987 
61763198 144 
61763342 55 
61763397 21 
61763418 8 
61763426 1 
61763427 46368 
61809795 1597 
61811392 377 
61811769 34 
61811803 13 
61811816 1 
61811817 28657 
61840474 10946 
61851420 4181 
61855601 610 
61856211 55 
61856266 21 
61856287 8 
61856295 1 
61856296 67117 
61923413 17711 
61941124 6765 
61947889 2584 
61950473 610 
61951083 89 
61951172 34 
61951206 8 
61951214 1 
61951215 6765 
61957980 144 
61958124 34 
61958158 3 
61958161 17711 
61975872 2584 
61978456 610 
61979066 89 
61979155 1 
61979156 111821 
62090977 46368 
62137345 10946 
62148291 1597 
62149888 377 
62150265 13 
62150278 5 
62150283 1 
62150284 6765 
62157049 1597 
62158646 377 
62159023 55 
62159078 21 
62159099 3 
62159102 1 
62159103 10946 
62170049 2584 
62172633 987 
62173620 89 
62173709 8 
62173717 3 
62173720 111821 
62285541 4181 
62289722 610 
62290332 89 
62290421 21 
62290442 17711 
62308153 4181 
62312334 377 
62312711 34 
62312745 13 
62312758 17711 
62330469 987 
62331456 233 
62331689 34 
62331723 13 
62331736 1 
62331737 67117 
62398854 10946 
62409800 4181 
62413981 987 
62414968 13 
62414981 1 
62414982 28657 
62443639 4181 
62447820 377 
62448197 55 
62448252 21 
62448273 8 
62448281 3 
62448284 67117 
62515401 10946 
62526347 4181 
62530528 610 
62531138 144 
62531282 21 
62531303 5 
62531308 2 
62531310 4181 
62535491 987 
62536478 377 
62536855 144 
62536999 55 
62537054 5 
62537059 28657 
62565716 10946 
62576662 987 
62577649 89 
62577738 8 
62577746 3 
62577749 1597 
62579346 377 
62579723 55 
62579778 3 
62579781 1 
62579782 111821 
62691603 67117 
62758720 4181 
62762901 987 
62763888 233 
62764121 89 
62764210 13 
62764223 5 
62764228 2 
62764230 10946 
62775176 987 
62776163 144 
62776307 55 
62776362 8 
62776370 3 
62776373 1 
62776374 1597 
62777971 610 
62778581 8 
62778589 2 
62778591 111821 
62890412 6765 
62897177 2584 
62899761 144 
62899905 8 
62899913 1 
62899914 28657 
62928571 10946 
62939517 4181 
62943698 987 
62944685 233 
62944918 21 
62944939 5 
62944944 1 
62944945 111821 
63056766 28657 
63085423 6765 
63092188 987 
63093175 377 
63093552 34 
63093586 8 
63093594 2 
63093596 223641 
63317237 4181 
63321418 610 
63322028 89 
63322117 13 
63322130 5 
63322135 2 
63322137 223641 
63545778 46368 
63592146 10946 
63603092 233 
63603325 34 
63603359 8 
63603367 1 
63603368 95774 
63699142 6765 
63705907 1597 
63707504 610 
63708114 34 
63708148 13 
63708161 5 
63708166 2584 
63710750 987 
63711737 233 
63711970 8 
63711978 6765 
63718743 377 
63719120 89 
63719209 21 
63719230 10946 
63730176 987 
63731163 144 
63731307 55 
63731362 13 
63731375 2 
63731377 46368 
63777745 233 
63777978 89 
63778067 34 
63778101 5 
63778106 2 
63778108 111821 
63889929 46368 
63936297 6765 
63943062 55 
63943117 21 
63943138 3 
63943141 1 
63943142 360781 
64303923 21 
64303944 3 
64303947 111821 
64415768 95774 
64511542 1597 
64513139 610 
64513749 89 
64513838 21 
64513859 5 
64513864 111821 
64625685 2584 
64628269 610 
64628879 144 
64629023 55 
64629078 13 
64629091 2 
64629093 111821 
64740914 10946 
64751860 4181 
64756041 987 
64757028 144 
64757172 34 
64757206 13 
64757219 5 
64757224 380248 
65137472 17711 
65155183 233 
65155416 13 
65155429 5 
65155434 2 
65155436 987 
65156423 377 
65156800 144 
65156944 34 
65156978 13 
65156991 1 
65156992 46368 
65203360 4181 
65207541 987 
65208528 377 
65208905 144 
65209049 55 
65209104 21 
65209125 3 
65209128 67117 
65276245 987 
65277232 233 
65277465 21 
65277486 1 
65277487 67117 
65344604 6765 
65351369 144 
65351513 55 
65351568 8 
65351576 3 
65351579 987 
65352566 89 
65352655 8 
65352663 46368 
65399031 2584 
65401615 610 
65402225 144 
65402369 55 
65402424 13 
65402437 3 
65402440 1 
65402441 111821 
65514262 10946 
65525208 4181 
65529389 1597 
65530986 89 
65531075 3 
65531078 67117 
65598195 987 
65599182 377 
65599559 55 
65599614 13 
65599627 3 
65599630 4181 
65603811 1597 
65605408 610 
65606018 233 
65606251 3 
65606254 106720 
65712974 1597 
65714571 144 
65714715 55 
65714770 13 
65714783 2 
65714785 28657 
65743442 6765 
65750207 2584 
65752791 233 
65753024 21 
65753045 5 
65753050 1 
65753051 10946 
65763997 4181 
65768178 233 
65768411 34 
65768445 8 
65768453 3 
65768456 1 
65768457 95774 
65864231 4181 
65868412 1597 
65870009 377 
65870386 144 
65870530 55 
65870585 3 
65870588 1 
65870589 111821 
65982410 6765 
65989175 2584 
65991759 987 
65992746 377 
65993123 144 
65993267 55 
65993322 13 
65993335 10946 
66004281 610 
66004891 89 
66004980 21 
66005001 8 
66005009 3 
66005012 1 
66005013 380248 
66385261 67117 
66452378 17711 
66470089 987 
66471076 89 
66471165 13 
66471178 5 
66471183 2 
66471185 111821 
66583006 46368 
66629374 4181 
66633555 987 
66634542 34 
66634576 13 
66634589 2 
66634591 987 
66635578 233 
66635811 55 
66635866 1 
66635867 10946 
66646813 1597 
66648410 89 
66648499 34 
66648533 13 
66648546 1 
66648547 28657 
66677204 10946 
66688150 4181 
66692331 1597 
66693928 144 
66694072 34 
66694106 8 
66694114 1 
66694115 46368 
66740483 1597 
66742080 610 
66742690 34 
66742724 3 
66742727 95774 
66838501 4181 
66842682 144 
66842826 13 
66842839 2 
66842841 95774 
66938615 6765 
66945380 987 
66946367 233 
66946600 21 
66946621 5 
66946626 2 
66946628 144 
66946772 8 
66946780 380248 
67327028 10946 
67337974 1597 
67339571 233 
67339804 34 
67339838 13 
67339851 5 
67339856 1 
67339857 67117 
67406974 17711 
67424685 6765 
67431450 2584 
67434034 987 
67435021 233 
67435254 13 
67435267 3 
67435270 1 
67435271 28657 
67463928 10946 
67474874 2584 
67477458 987 
67478445 144 
67478589 34 
67478623 5 
67478628 10946 
67489574 4181 
67493755 987 
67494742 144 
67494886 34 
67494920 8 
67494928 67117 
67562045 10946 
67572991 610 
67573601 144 
67573745 13 
67573758 5 
67573763 1 
67573764 111821 
67685585 28657 
67714242 10946 
67725188 610 
67725798 233 
67726031 89 
67726120 21 
67726141 8 
67726149 1 
67726150 67117 
67793267 17711 
67810978 6765 
67817743 1597 
67819340 610 
67819950 233 
67820183 89 
67820272 34 
67820306 8 
67820314 1 
67820315 28657 
67848972 10946 
67859918 2584 
67862502 377 
67862879 144 
67863023 8 
67863031 3 
67863034 1 
67863035 67117 
67930152 17711 
67947863 987 
67948850 233 
67949083 21 
67949104 3 
67949107 1 
67949108 95774 
68044882 2584 
68047466 21 
68047487 2 
68047489 28657 
68076146 10946 
68087092 2584 
68089676 144 
68089820 55 
68089875 21 
68089896 3 
68089899 1 
68089900 4181 
68094081 610 
68094691 144 
68094835 34 
68094869 3 
68094872 1 
68094873 111821 
68206694 17711 
68224405 6765 
68231170 2584 
68233754 610 
68234364 89 
68234453 21 
68234474 8 
68234482 3 
68234485 1 
68234486 111821 
68346307 46368 
68392675 6765 
68399440 2584 
68402024 21 
68402045 1 
68402046 28657 
68430703 10946 
68441649 1597 
68443246 233 
68443479 21 
68443500 8 
68443508 3 
68443511 46368 
68489879 4181 
68494060 377 
68494437 89 
68494526 21 
68494547 5 
68494552 2 
68494554 28657 
68523211 987 
68524198 233 
68524431 34 
68524465 46368 
68570833 2584 
68573417 987 
68574404 233 
68574637 21 
68574658 111821 
68686479 28657 
68715136 4181 
68719317 233 
68719550 89 
68719639 13 
68719652 111821 
68831473 95774 
68927247 987 
68928234 144 
68928378 34 
68928412 67117 
68995529 17711 
69013240 4181 
69017421 377 
69017798 89 
69017887 2 
69017889 111821 
69129710 6765 
69136475 1597 
69138072 233 
69138305 89 
69138394 21 
69138415 8 
69138423 2 
69138425 67117 
69205542 1597 
69207139 377 
69207516 55 
69207571 13 
69207584 5 
69207589 111821 
69319410 28657 
69348067 6765 
69354832 2584 
69357416 89 
69357505 5 
69357510 2 
69357512 223641 
69581153 6765 
69587918 1597 
69589515 610 
69590125 233 
69590358 55 
69590413 13 
69590426 5 
69590431 67117 
69657548 6765 
69664313 2584 
69666897 610 
69667507 55 
69667562 8 
69667570 2 
69667572 28657 
69696229 10946 
69707175 4181 
69711356 377 
69711733 89 
69711822 21 
69711843 8 
69711851 3 
69711854 111821 
69823675 10946 
69834621 2584 
69837205 377 
69837582 144 
69837726 55 
69837781 21 
69837802 5 
69837807 10946 
69848753 233 
69848986 3 
69848989 223641 
70072630 46368 
70118998 2584 
70121582 610 
70122192 144 
70122336 13 
70122349 3 
70122352 10946 
70133298 4181 
70137479 144 
70137623 55 
70137678 8 
70137686 3 
70137689 10946 
70148635 1597 
70150232 89 
70150321 34 
70150355 8 
70150363 1 
70150364 2584 
70152948 987 
70153935 377 
70154312 55 
70154367 8 
70154375 2 
70154377 67117 
70221494 6765 
70228259 2584 
70230843 610 
70231453 144 
70231597 34 
70231631 13 
70231644 2 
70231646 223641 
70455287 46368 
70501655 2584 
70504239 610 
70504849 233 
70505082 89 
70505171 34 
70505205 8 
70505213 28657 
70533870 987 
70534857 377 
70535234 144 
70535378 21 
70535399 8 
70535407 3 
70535410 10946 
70546356 2584 
70548940 89 
70549029 34 
70549063 13 
70549076 5 
70549081 111821 
70660902 67117 
70728019 4181 
70732200 987 
70733187 144 
70733331 3 
70733334 46368 
70779702 10946 
70790648 4181 
70794829 55 
70794884 13 
70794897 5 
70794902 2 
70794904 111821 
70906725 28657 
70935382 6765 
70942147 610 
70942757 233 
70942990 89 
70943079 21 
70943100 8 
70943108 2 
70943110 111821 
71054931 67117 
71122048 10946 
71132994 610 
71133604 144 
71133748 21 
71133769 8 
71133777 3 
71133780 17711 
71151491 6765 
71158256 1597 
71159853 610 
71160463 144 
71160607 55 
71160662 5 
71160667 2 
71160669 10946 
71171615 2584 
71174199 610 
71174809 13 
71174822 28657 
71203479 10946 
71214425 1597 
71216022 233 
71216255 34 
71216289 10946 
71227235 4181 
71231416 377 
71231793 89 
71231882 13 
71231895 5 
71231900 2 
71231902 67117 
71299019 17711 
71316730 4181 
71320911 1597 
71322508 21 
71322529 8 
71322537 3 
71322540 1 
71322541 17711 
71340252 6765 
71347017 1597 
71348614 233 
71348847 89 
71348936 8 
71348944 1 
71348945 46368 
71395313 10946 
71406259 377 
71406636 34 
71406670 13 
71406683 5 
71406688 2 
71406690 67117 
71473807 17711 
71491518 6765 
71498283 2584 
71500867 55 
71500922 8 
71500930 17711 
71518641 6765 
71525406 377 
71525783 89 
71525872 21 
71525893 8 
71525901 3 
71525904 111821 
71637725 10946 
71648671 4181 
71652852 987 
71653839 2 
71653841 111821 
71765662 10946 
71776608 377 
71776985 380248 
72157233 17711 
72174944 4181 
72179125 1597 
72180722 233 
72180955 89 
72181044 13 
72181057 67117 
72248174 17711 
72265885 2584 
72268469 987 
72269456 377 
72269833 89 
72269922 5 
72269927 46368 
72316295 10946 
72327241 4181 
72331422 377 
72331799 144 
72331943 55 
72331998 21 
72332019 8 
72332027 1 
72332028 46368 
72378396 10946 
72389342 1597 
72390939 377 
72391316 55 
72391371 5 
72391376 1 
72391377 111821 
72503198 46368 
72549566 10946 
72560512 1597 
72562109 144 
72562253 55 
72562308 21 
72562329 3 
72562332 1 
72562333 28657 
72590990 4181 
72595171 1597 
72596768 377 
72597145 13 
72597158 5 
72597163 2 
72597165 95774 
72692939 6765 
72699704 2584 
72702288 377 
72702665 3 
72702668 46368 
72749036 987 
72750023 21 
72750044 5 
72750049 1 
72750050 111821 
72861871 67117 
72928988 17711 
72946699 55 
72946754 13 
72946767 1 
72946768 111821 
73058589 17711 
73076300 4181 
73080481 144 
73080625 34 
73080659 67117 
73147776 6765 
73154541 610 
73155151 144 
73155295 3 
73155298 111821 
73267119 4181 
73271300 987 
73272287 233 
73272520 89 
73272609 34 
73272643 13 
73272656 3 
73272659 28657 
73301316 6765 
73308081 987 
73309068 233 
73309301 2 
73309303 95774 
73405077 6765 
73411842 1597 
73413439 144 
73413583 55 
73413638 13 
73413651 28657 
73442308 4181 
73446489 1597 
73448086 55 
73448141 13 
73448154 5 
73448159 2 
73448161 6765 
73454926 987 
73455913 377 
73456290 89 
73456379 21 
73456400 5 
73456405 1 
73456406 28657 
73485063 4181 
73489244 377 
73489621 144 
73489765 21 
73489786 8 
73489794 67117 
73556911 10946 
73567857 1597 
73569454 610 
73570064 21 
73570085 5 
73570090 1 
73570091 4181 
73574272 1597 
73575869 377 
73576246 89 
73576335 13 
73576348 1 
73576349 95774 
73672123 4181 
73676304 1597 
73677901 610 
73678511 13 
73678524 1 
73678525 28657 
73707182 10946 
73718128 2584 
73720712 144 
73720856 55 
73720911 3 
73720914 1 
73720915 110901 
73831816 377 
73832193 89 
73832282 21 
73832303 5 
73832308 6765 
73839073 2584 
73841657 233 
73841890 8 
73841898 3 
73841901 67117 
73909018 6765 
73915783 987 
73916770 233 
73917003 34 
73917037 3 
73917040 1 
73917041 67117 
73984158 17711 
74001869 6765 
74008634 2584 
74011218 610 
74011828 144 
74011972 34 
74012006 13 
74012019 3 
74012022 1 
74012023 67117 
74079140 2584 
74081724 144 
74081868 1 
74081869 67117 
74148986 610 
74149596 144 
74149740 21 
74149761 8 
74149769 3 
74149772 46368 
74196140 1597 
74197737 377 
74198114 144 
74198258 55 
74198313 21 
74198334 5 
74198339 2 
74198341 67117 
74265458 6765 
74272223 1597 
74273820 89 
74273909 13 
74273922 1 
74273923 111821 
74385744 28657 
74414401 10946 
74425347 377 
74425724 55 
74425779 21 
74425800 8 
74425808 1 
74425809 28657 
74454466 10946 
74465412 2584 
74467996 89 
74468085 34 
74468119 5 
74468124 1 
74468125 2584 
74470709 987 
74471696 233 
74471929 89 
74472018 34 
74472052 17711 
74489763 4181 
74493944 89 
74494033 34 
74494067 111821 
74605888 46368 
74652256 987 
74653243 89 
74653332 34 
74653366 13 
74653379 3 
74653382 95774 
74749156 6765 
74755921 2584 
74758505 610 
74759115 233 
74759348 55 
74759403 3 
74759406 17711 
74777117 4181 
74781298 377 
74781675 21 
74781696 380248 
75161944 6765 
75168709 1597 
75170306 610 
75170916 233 
75171149 55 
75171204 21 
75171225 5 
75171230 67117 
75238347 17711 
75256058 4181 
75260239 1597 
75261836 377 
75262213 144 
75262357 34 
75262391 8 
75262399 111821 
75374220 17711 
75391931 2584 
75394515 34 
75394549 2 
75394551 106720 
75501271 377 
75501648 144 
75501792 13 
75501805 5 
75501810 28657 
75530467 10946 
75541413 1597 
75543010 610 
75543620 233 
75543853 21 
75543874 2 
75543876 10946 
75554822 610 
75555432 55 
75555487 13 
75555500 2 
75555502 67117 
75622619 17711 
75640330 2584 
75642914 610 
75643524 144 
75643668 55 
75643723 13 
75643736 5 
75643741 1 
75643742 10946 
75654688 2584 
75657272 987 
75658259 233 
75658492 34 
75658526 1 
75658527 111821 
75770348 67117 
75837465 1597 
75839062 377 
75839439 144 
75839583 34 
75839617 5 
75839622 2 
75839624 46368 
75885992 4181 
75890173 610 
75890783 233 
75891016 34 
75891050 8 
75891058 6765 
75897823 233 
75898056 34 
75898090 13 
75898103 1 
75898104 10946 
75909050 233 
75909283 89 
75909372 2 
75909374 17711 
75927085 6765 
75933850 2584 
75936434 89 
75936523 5 
75936528 2 
75936530 111821 
76048351 46368 
76094719 10946 
76105665 2584 
76108249 377 
76108626 89 
76108715 21 
76108736 3 
76108739 223641 
76332380 46368 
76378748 6765 
76385513 2584 
76388097 987 
76389084 233 
76389317 3 
76389320 1 
76389321 1597 
76390918 610 
76391528 21 
76391549 3 
76391552 46368 
76437920 6765 
76444685 1597 
76446282 233 
76446515 21 
76446536 1 
76446537 111821 
76558358 17711 
76576069 4181 
76580250 987 
76581237 377 
76581614 144 
76581758 13 
76581771 3 
76581774 1 
76581775 111821 
76693596 67117 
76760713 6765 
76767478 610 
76768088 144 
76768232 5 
76768237 17711 
76785948 4181 
76790129 610 
76790739 34 
76790773 5 
76790778 2 
76790780 17711 
76808491 6765 
76815256 2584 
76817840 987 
76818827 377 
76819204 34 
76819238 13 
76819251 1 
76819252 1597 
76820849 610 
76821459 89 
76821548 13 
76821561 5 
76821566 2 
76821568 111821 
76933389 46368 
76979757 610 
76980367 55 
76980422 5 
76980427 1 
76980428 46368 
77026796 610 
77027406 55 
77027461 21 
77027482 8 
77027490 3 
77027493 28657 
77056150 4181 
77060331 34 
77060365 46368 
77106733 4181 
77110914 1597 
77112511 610 
77113121 144 
77113265 55 
77113320 8 
77113328 2 
77113330 2584 
77115914 89 
77116003 28657 
77144660 6765 
77151425 2584 
77154009 233 
77154242 89 
77154331 8 
77154339 4181 
77158520 1597 
77160117 610 
77160727 55 
77160782 8 
77160790 3 
77160793 111821 
77272614 610 
77273224 34 
77273258 13 
77273271 5 
77273276 111821 
77385097 95774 
77480871 6765 
77487636 2584 
77490220 987 
77491207 233 
77491440 89 
77491529 21 
77491550 5 
77491555 1 
77491556 67117 
77558673 4181 
77562854 377 
77563231 89 
77563320 21 
77563341 3 
77563344 28657 
77592001 10946 
77602947 4181 
77607128 987 
77608115 233 
77608348 8 
77608356 3 
77608359 95774 
77704133 4181 
77708314 1597 
77709911 610 
77710521 144 
77710665 13 
77710678 3 
77710681 64079 
77774760 987 
77775747 233 
77775980 55 
77776035 5 
77776040 1 
77776041 111821 
77887862 46368 
77934230 4181 
77938411 233 
77938644 89 
77938733 21 
77938754 1 
77938755 28657 
77967412 10946 
77978358 2584 
77980942 144 
77981086 21 
77981107 5 
77981112 1 
77981113 614380 
78595493 10946 
78606439 2584 
78609023 987 
78610010 377 
78610387 144 
78610531 21 
78610552 2 
78610554 17711 
78628265 987 
78629252 55 
78629307 21 
78629328 8 
78629336 2 
78629338 67117 
78696455 4181 
78700636 987 
78701623 233 
78701856 13 
78701869 5 
78701874 1 
78701875 360900 
79062775 6765 
79069540 21 
79069561 2 
79069563 380248 
79449811 95774 
79545585 4181 
79549766 987 
79550753 89 
79550842 21 
79550863 8 
79550871 3 
79550874 1 
79550875 111821 
79662696 17711 
79680407 6765 
79687172 377 
79687549 55 
79687604 8 
79687612 28657 
79716269 377 
79716646 89 
79716735 34 
79716769 8 
79716777 2 
79716779 111821 
79828600 28657 
79857257 6765 
79864022 2584 
79866606 987 
79867593 377 
79867970 55 
79868025 21 
79868046 6765 
79874811 2584 
79877395 987 
79878382 13 
79878395 2 
79878397 67117 
79945514 17711 
79963225 987 
79964212 144 
79964356 55 
79964411 8 
79964419 1 
79964420 111821 
80076241 28657 
80104898 4181 
80109079 1597 
80110676 55 
80110731 8 
80110739 28657 
80139396 6765 
80146161 1597 
80147758 610 
80148368 233 
80148601 34 
80148635 5 
80148640 1 
80148641 111821 
80260462 106720 
80367182 1597 
80368779 377 
80369156 144 
80369300 21 
80369321 8 
80369329 2 
80369331 6765 
80376096 2584 
80378680 987 
80379667 233 
80379900 89 
80379989 21 
80380010 5 
80380015 1 
80380016 111821 
80491837 46368 
80538205 10946 
80549151 1597 
80550748 377 
80551125 144 
80551269 55 
80551324 13 
80551337 5 
80551342 17711 
80569053 6765 
80575818 987 
80576805 233 
80577038 1 
80577039 111821 
80688860 10946 
80699806 2584 
80702390 610 
80703000 34 
80703034 13 
80703047 5 
80703052 1 
80703053 6765 
80709818 377 
80710195 144 
80710339 55 
80710394 8 
80710402 223641 
80934043 1597 
80935640 377 
80936017 55 
80936072 21 
80936093 8 
80936101 1 
80936102 111821 
81047923 13 
81047936 5 
81047941 1 
81047942 111821 
81159763 28657 
81188420 4181 
81192601 144 
81192745 55 
81192800 8 
81192808 1 
81192809 111821 
81304630 46368 
81350998 2584 
81353582 610 
81354192 21 
81354213 46368 
81400581 10946 
81411527 4181 
81415708 610 
81416318 233 
81416551 89 
81416640 34 
81416674 13 
81416687 5 
81416692 111821 
81528513 46368 
81574881 6765 
81581646 610 
81582256 233 
81582489 89 
81582578 21 
81582599 17711 
81600310 4181 
81604491 610 
81605101 3 
81605104 1 
81605105 111821 
81716926 28657 
81745583 610 
81746193 233 
81746426 55 
81746481 13 
81746494 5 
81746499 2 
81746501 223641 
81970142 46368 
82016510 4181 
82020691 1597 
82022288 610 
82022898 233 
82023131 55 
82023186 21 
82023207 8 
82023215 3 
82023218 111821 
82135039 67117 
82202156 10946 
82213102 233 
82213335 89 
82213424 34 
82213458 2 
82213460 67117 
82280577 10946 
82291523 1597 
82293120 144 
82293264 34 
82293298 5 
82293303 1 
82293304 28657 
82321961 10946 
82332907 4181 
82337088 610 
82337698 144 
82337842 3 
82337845 1 
82337846 67117 
82404963 17711 
82422674 610 
82423284 233 
82423517 89 
82423606 13 
82423619 3 
82423622 1 
82423623 2584 
82426207 55 
82426262 8 
82426270 111821 
82538091 28657 
82566748 6765 
82573513 377 
82573890 144 
82574034 55 
82574089 21 
82574110 5 
82574115 2 
82574117 17711 
82591828 233 
82592061 55 
82592116 5 
82592121 2 
82592123 28657 
82620780 10946 
82631726 4181 
82635907 1597 
82637504 610 
82638114 233 
82638347 55 
82638402 21 
82638423 46368 
82684791 2584 
82687375 987 
82688362 55 
82688417 21 
82688438 1 
82688439 111821 
82800260 17711 
82817971 6765 
82824736 233 
82824969 89 
82825058 34 
82825092 8 
82825100 67117 
82892217 6765 
82898982 233 
82899215 34 
82899249 8 
82899257 67117 
82966374 987 
82967361 377 
82967738 89 
82967827 34 
82967861 8 
82967869 3 
82967872 1 
82967873 67117 
83034990 10946 
83045936 2584 
83048520 144 
83048664 5 
83048669 17711 
83066380 4181 
83070561 377 
83070938 21 
83070959 5 
83070964 2 
83070966 111821 
83182787 987 
83183774 377 
83184151 34 
83184185 13 
83184198 3 
83184201 1 
83184202 111821 
83296023 28657 
83324680 4181 
83328861 1597 
83330458 610 
83331068 21 
83331089 2 
83331091 10946 
83342037 4181 
83346218 1597 
83347815 377 
83348192 144 
83348336 55 
83348391 8 
83348399 3 
83348402 1 
83348403 2584 
83350987 89 
83351076 1 
83351077 28657 
83379734 6765 
83386499 2584 
83389083 233 
83389316 34 
83389350 8 
83389358 1 
83389359 28657 
83418016 10946 
83428962 2584 
83431546 610 
83432156 144 
83432300 34 
83432334 13 
83432347 1 
83432348 67117 
83499465 6765 
83506230 2584 
83508814 13 
83508827 5 
83508832 1 
83508833 46368 
83555201 10946 
83566147 610 
83566757 233 
83566990 55 
83567045 21 
83567066 5 
83567071 106720 
83673791 2584 
83676375 987 
83677362 233 
83677595 13 
83677608 3 
83677611 1 
83677612 2584 
83680196 144 
83680340 55 
83680395 21 
83680416 5 
83680421 2 
83680423 111821 
83792244 46368 
83838612 4181 
83842793 1597 
83844390 233 
83844623 55 
83844678 3 
83844681 1 
83844682 223641 
84068323 46368 
84114691 6765 
84121456 1597 
84123053 89 
84123142 21 
84123163 3 
84123166 1 
84123167 10946 
84134113 2584 
84136697 233 
84136930 34 
84136964 5 
84136969 2 
84136971 28657 
84165628 10946 
84176574 1597 
84178171 610 
84178781 144 
84178925 55 
84178980 8 
84178988 1 
84178989 1597 
84180586 610 
84181196 8 
84181204 1 
84181205 111821 
84293026 17711 
84310737 6765 
84317502 987 
84318489 144 
84318633 21 
84318654 5 
84318659 1 
84318660 111821 
84430481 46368 
84476849 10946 
84487795 1597 
84489392 89 
84489481 34 
84489515 3 
84489518 1 
84489519 28657 
84518176 10946 
84529122 8 
84529130 1 
84529131 6765 
84535896 2584 
84538480 377 
84538857 55 
84538912 21 
84538933 8 
84538941 1 
84538942 223641 
84762583 17711 
84780294 4181 
84784475 377 
84784852 144 
84784996 34 
84785030 5 
84785035 223641 
85008676 28657 
85037333 10946 
85048279 89 
85048368 34 
85048402 13 
85048415 1 
85048416 46368 
85094784 2584 
85097368 610 
85097978 233 
85098211 21 
85098232 8 
85098240 3 
85098243 10946 
85109189 1597 
85110786 377 
85111163 55 
85111218 21 
85111239 5 
85111244 4181 
85115425 1597 
85117022 610 
85117632 144 
85117776 3 
85117779 111821 
85229600 46368 
85275968 6765 
85282733 2584 
85285317 987 
85286304 233 
85286537 89 
85286626 1 
85286627 67117 
85353744 17711 
85371455 6765 
85378220 2584 
85380804 34 
85380838 8 
85380846 2 
85380848 67117 
85447965 6765 
85454730 987 
85455717 89 
85455806 21 
85455827 3 
85455830 67117 
85522947 6765 
85529712 377 
85530089 21 
85530110 5 
85530115 1 
85530116 6765 
85536881 1597 
85538478 610 
85539088 233 
85539321 89 
85539410 2 
85539412 67117 
85606529 17711 
85624240 2584 
85626824 89 
85626913 34 
85626947 13 
85626960 5 
85626965 67117 
85694082 17711 
85711793 2584 
85714377 987 
85715364 89 
85715453 13 
85715466 5 
85715471 67117 
85782588 987 
85783575 233 
85783808 55 
85783863 28657 
85812520 10946 
85823466 377 
85823843 144 
85823987 13 
85824000 3 
85824003 95774 
85919777 89 
85919866 13 
85919879 3 
85919882 1 
85919883 28657 
85948540 10946 
85959486 2584 
85962070 34 
85962104 5 
85962109 1 
85962110 67117 
86029227 2584 
86031811 987 
86032798 377 
86033175 89 
86033264 21 
86033285 8 
86033293 1 
86033294 111821 
86145115 28657 
86173772 6765 
86180537 2584 
86183121 987 
86184108 377 
86184485 55 
86184540 21 
86184561 1 
86184562 223641 
86408203 10946 
86419149 55 
86419204 223641 
86642845 67117 
86709962 10946 
86720908 1597 
86722505 610 
86723115 34 
86723149 8 
86723157 3 
86723160 67117 
86790277 6765 
86797042 1597 
86798639 377 
86799016 13 
86799029 2 
86799031 67117 
86866148 6765 
86872913 2584 
86875497 610 
86876107 55 
86876162 8 
86876170 3 
86876173 28657 
86904830 1597 
86906427 144 
86906571 21 
86906592 28657 
86935249 4181 
86939430 1597 
86941027 233 
86941260 89 
86941349 34 
86941383 13 
86941396 5 
86941401 111821 
87053222 46368 
87099590 4181 
87103771 610 
87104381 89 
87104470 13 
87104483 5 
87104488 2 
87104490 4181 
87108671 1597 
87110268 610 
87110878 233 
87111111 21 
87111132 5 
87111137 2 
87111139 111821 
87222960 46368 
87269328 4181 
87273509 1597 
87275106 89 
87275195 13 
87275208 111821 
87387029 28657 
87415686 10946 
87426632 1597 
87428229 377 
87428606 89 
87428695 21 
87428716 8 
87428724 3 
87428727 1 
87428728 10946 
87439674 1597 
87441271 610 
87441881 144 
87442025 55 
87442080 8 
87442088 1 
87442089 95774 
87537863 1597 
87539460 377 
87539837 144 
87539981 13 
87539994 5 
87539999 1 
87540000 95774 
87635774 987 
87636761 377 
87637138 55 
87637193 13 
87637206 2 
87637208 17711 
87654919 6765 
87661684 1597 
87663281 233 
87663514 21 
87663535 3 
87663538 1 
87663539 111821 
87775360 46368 
87821728 2584 
87824312 987 
87825299 377 
87825676 144 
87825820 55 
87825875 13 
87825888 5 
87825893 2 
87825895 17711 
87843606 610 
87844216 144 
87844360 34 
87844394 13 
87844407 67117 
87911524 1597 
87913121 610 
87913731 233 
87913964 89 
87914053 17711 
87931764 6765 
87938529 377 
87938906 55 
87938961 111821 
88050782 46368 
88097150 4181 
88101331 1597 
88102928 377 
88103305 3 
88103308 1 
88103309 111821 
88215130 10946 
88226076 2584 
88228660 987 
88229647 89 
88229736 21 
88229757 2 
88229759 95774 
88325533 2584 
88328117 233 
88328350 89 
88328439 5 
88328444 106720 
88435164 2584 
88437748 610 
88438358 144 
88438502 55 
88438557 3 
88438560 1 
88438561 10946 
88449507 4181 
88453688 987 
88454675 144 
88454819 55 
88454874 13 
88454887 1 
88454888 67117 
88522005 17711 
88539716 4181 
88543897 377 
88544274 144 
88544418 3 
88544421 111821 
88656242 6765 
88663007 1597 
88664604 610 
88665214 144 
88665358 55 
88665413 21 
88665434 3 
88665437 67117 
88732554 17711 
88750265 2584 
88752849 987 
88753836 89 
88753925 34 
88753959 8 
88753967 28657 
88782624 377 
88783001 55 
88783056 21 
88783077 8 
88783085 6765 
88789850 1597 
88791447 233 
88791680 34 
88791714 5 
88791719 1 
88791720 64079 
88855799 1597 
88857396 144 
88857540 55 
88857595 5 
88857600 1 
88857601 10946 
88868547 610 
88869157 144 
88869301 21 
88869322 8 
88869330 1 
88869331 111821 
88981152 10946 
88992098 987 
88993085 233 
88993318 34 
88993352 8 
88993360 67117 
89060477 10946 
89071423 4181 
89075604 1597 
89077201 377 
89077578 144 
89077722 34 
89077756 8 
89077764 3 
89077767 67117 
89144884 17711 
89162595 6765 
89169360 1597 
89170957 377 
89171334 144 
89171478 55 
89171533 8 
89171541 46368 
89217909 10946 
89228855 1597 
89230452 610 
89231062 144 
89231206 21 
89231227 3 
89231230 10946 
89242176 377 
89242553 144 
89242697 21 
89242718 5 
89242723 67117 
89309840 10946 
89320786 4181 
89324967 987 
89325954 377 
89326331 89 
89326420 5 
89326425 1 
89326426 67117 
89393543 6765 
89400308 610 
89400918 89 
89401007 34 
89401041 46368 
89447409 2584 
89449993 610 
89450603 13 
89450616 3 
89450619 67117 
89517736 6765 
89524501 233 
89524734 34 
89524768 67117 
89591885 6765 
89598650 377 
89599027 34 
89599061 13 
89599074 2 
89599076 67117 
89666193 10946 
89677139 610 
89677749 233 
89677982 55 
89678037 13 
89678050 5 
89678055 2 
89678057 10946 
89689003 2584 
89691587 987 
89692574 233 
89692807 89 
89692896 5 
89692901 1 
89692902 67117 
89760019 6765 
89766784 1597 
89768381 144 
89768525 21 
89768546 8 
89768554 3 
89768557 28657 
89797214 10946 
89808160 4181 
89812341 987 
89813328 34 
89813362 8 
89813370 1 
89813371 111821 
89925192 46368 
89971560 10946 
89982506 144 
89982650 21 
89982671 8 
89982679 2 
89982681 987 
89983668 233 
89983901 55 
89983956 8 
89983964 2 
89983966 67117 
90051083 6765 
90057848 2584 
90060432 987 
90061419 144 
90061563 55 
90061618 21 
90061639 5 
90061644 1 
90061645 28657 
90090302 6765 
90097067 233 
90097300 89 
90097389 21 
90097410 2 
90097412 111821 
90209233 4181 
90213414 1597 
90215011 610 
90215621 34 
90215655 13 
90215668 1 
90215669 28657 
90244326 10946 
90255272 987 
90256259 377 
90256636 89 
90256725 13 
90256738 2 
90256740 67117 
90323857 17711 
90341568 2584 
90344152 987 
90345139 233 
90345372 55 
90345427 13 
90345440 2 
90345442 111821 
90457263 67117 
90524380 2584 
90526964 233 
90527197 55 
90527252 21 
90527273 2 
90527275 17711 
90544986 2584 
90547570 144 
90547714 34 
90547748 5 
90547753 1 
90547754 10946 
90558700 2584 
90561284 610 
90561894 34 
90561928 13 
90561941 3 
90561944 1 
90561945 28657 
90590602 10946 
90601548 4181 
90605729 987 
90606716 377 
90607093 144 
90607237 34 
90607271 13 
90607284 5 
90607289 2 
90607291 111821 
90719112 4181 
90723293 1597 
90724890 610 
90725500 233 
90725733 89 
90725822 34 
90725856 1 
90725857 380248 
91106105 46368 
91152473 6765 
91159238 987 
91160225 144 
91160369 34 
91160403 13 
91160416 3 
91160419 67117 
91227536 10946 
91238482 4181 
91242663 987 
91243650 377 
91244027 144 
91244171 55 
91244226 13 
91244239 2 
91244241 28657 
91272898 1597 
91274495 610 
91275105 34 
91275139 8 
91275147 3 
91275150 1 
91275151 95774 
91370925 6765 
91377690 1597 
91379287 610 
91379897 233 
91380130 55 
91380185 2 
91380187 492069 
91872256 28657 
91900913 1597 
91902510 610 
91903120 34 
91903154 13 
91903167 2 
91903169 64079 
91967248 1597 
91968845 55 
91968900 21 
91968921 3 
91968924 46368 
92015292 10946 
92026238 610 
92026848 55 
92026903 8 
92026911 3 
92026914 28657 
92055571 10946 
92066517 377 
92066894 144 
92067038 34 
92067072 8 
92067080 1 
92067081 6765 
92073846 1597 
92075443 610 
92076053 55 
92076108 8 
92076116 3 
92076119 28657 
92104776 6765 
92111541 2584 
92114125 987 
92115112 377 
92115489 144 
92115633 5 
92115638 2 
92115640 67117 
92182757 17711 
92200468 2584 
92203052 610 
92203662 233 
92203895 89 
92203984 34 
92204018 13 
92204031 1 
92204032 28657 
92232689 10946 
92243635 4181 
92247816 377 
92248193 89 
92248282 8 
92248290 2 
92248292 46368 
92294660 6765 
92301425 987 
92302412 377 
92302789 55 
92302844 13 
92302857 3 
92302860 46368 
92349228 6765 
92355993 987 
92356980 144 
92357124 1 
92357125 67117 
92424242 987 
92425229 34 
92425263 13 
92425276 5 
92425281 2 
92425283 4181 
92429464 987 
92430451 89 
92430540 34 
92430574 8 
92430582 3 
92430585 1 
92430586 28657 
92459243 10946 
92470189 2584 
92472773 233 
92473006 55 
92473061 13 
92473074 3 
92473077 111821 
92584898 28657 
92613555 10946 
92624501 377 
92624878 144 
92625022 21 
92625043 8 
92625051 3 
92625054 1 
92625055 67117 
92692172 4181 
92696353 1597 
92697950 610 
92698560 55 
92698615 111821 
92810436 6765 
92817201 1597 
92818798 377 
92819175 89 
92819264 8 
92819272 3 
92819275 144 
92819419 55 
92819474 3 
92819477 67117 
92886594 10946 
92897540 4181 
92901721 1597 
92903318 610 
92903928 233 
92904161 21 
92904182 8 
92904190 1 
92904191 223641 
93127832 17711 
93145543 6765 
93152308 1597 
93153905 610 
93154515 233 
93154748 55 
93154803 21 
93154824 8 
93154832 2 
93154834 111821 
93266655 67117 
93333772 10946 
93344718 1597 
93346315 89 
93346404 2 
93346406 111821 
93458227 6765 
93464992 2584 
93467576 233 
93467809 34 
93467843 13 
93467856 3 
93467859 1 
93467860 28657 
93496517 10946 
93507463 987 
93508450 233 
93508683 34 
93508717 6765 
93515482 233 
93515715 55 
93515770 21 
93515791 8 
93515799 1 
93515800 64079 
93579879 1597 
93581476 610 
93582086 233 
93582319 21 
93582340 5 
93582345 95774 
93678119 6765 
93684884 2584 
93687468 377 
93687845 89 
93687934 21 
93687955 8 
93687963 3 
93687966 111821 
93799787 46368 
93846155 10946 
93857101 4181 
93861282 987 
93862269 8 
93862277 3 
93862280 17711 
93879991 987 
93880978 377 
93881355 144 
93881499 55 
93881554 13 
93881567 5 
93881572 10946 
93892518 4181 
93896699 1597 
93898296 89 
93898385 21 
93898406 8 
93898414 6765 
93905179 1597 
93906776 610 
93907386 233 
93907619 89 
93907708 34 
93907742 1 
93907743 838021 
94745764 28657 
94774421 610 
94775031 233 
94775264 34 
94775298 2 
94775300 46368 
94821668 6765 
94828433 1597 
94830030 610 
94830640 233 
94830873 89 
94830962 34 
94830996 13 
94831009 17711 
94848720 4181 
94852901 987 
94853888 377 
94854265 89 
94854354 8 
94854362 3 
94854365 1 
94854366 223641 
95078007 28657 
95106664 2584 
95109248 610 
95109858 89 
95109947 34 
95109981 360900 
95470881 1597 
95472478 610 
95473088 21 
95473109 8 
95473117 2 
95473119 17711 
95490830 4181 
95495011 987 
95495998 377 
95496375 89 
95496464 8 
95496472 2 
95496474 67117 
95563591 17711 
95581302 4181 
95585483 1597 
95587080 144 
95587224 34 
95587258 1 
95587259 111821 
95699080 46368 
95745448 1597 
95747045 233 
95747278 89 
95747367 5 
95747372 111821 
95859193 28657 
95887850 4181 
95892031 1597 
95893628 89 
95893717 8 
95893725 3 
95893728 46368 
95940096 4181 
95944277 1597 
95945874 610 
95946484 34 
95946518 13 
95946531 1 
95946532 17711 
95964243 4181 
95968424 610 
95969034 233 
95969267 21 
95969288 8 
95969296 95774 
96065070 6765 
96071835 987 
96072822 233 
96073055 3 
96073058 1 
96073059 233 
96073292 55 
96073347 8 
96073355 3 
96073358 1 
96073359 95774 
96169133 610 
96169743 34 
96169777 5 
96169782 223641 
96393423 17711 
96411134 4181 
96415315 377 
96415692 144 
96415836 55 
96415891 3 
96415894 1 
96415895 6765 
96422660 610 
96423270 144 
96423414 8 
96423422 2 
96423424 223641 
96647065 67117 
96714182 17711 
96731893 4181 
96736074 987 
96737061 144 
96737205 13 
96737218 6765 
96743983 987 
96744970 55 
96745025 8 
96745033 3 
96745036 1 
96745037 28657 
96773694 4181 
96777875 144 
96778019 34 
96778053 13 
96778066 1 
96778067 95774 
96873841 610 
96874451 89 
96874540 21 
96874561 8 
96874569 1 
96874570 17711 
96892281 6765 
96899046 987 
96900033 377 
96900410 144 
96900554 55 
96900609 21 
96900630 2 
96900632 111821 
97012453 17711 
97030164 6765 
97036929 1597 
97038526 233 
97038759 89 
97038848 34 
97038882 13 
97038895 5 
97038900 2 
97038902 360900 
97399802 6765 
97406567 1597 
97408164 144 
97408308 3 
97408311 28657 
97436968 377 
97437345 55 
97437400 21 
97437421 8 
97437429 3 
97437432 1 
97437433 111821 
97549254 46368 
97595622 6765 
97602387 2584 
97604971 610 
97605581 233 
97605814 89 
97605903 5 
97605908 2 
97605910 17711 
97623621 987 
97624608 144 
97624752 55 
97624807 8 
97624815 106720 
97731535 2584 
97734119 610 
97734729 144 
97734873 34 
97734907 2 
97734909 106720 
97841629 1597 
97843226 89 
97843315 8 
97843323 46368 
97889691 10946 
97900637 4181 
97904818 377 
97905195 89 
97905284 13 
97905297 5 
97905302 1 
97905303 28657 
97933960 2584 
97936544 987 
97937531 144 
97937675 34 
97937709 13 
97937722 5 
97937727 223641 
98161368 66663 
98228031 55 
98228086 21 
98228107 8 
98228115 2 
98228117 111821 
98339938 67117 
98407055 17711 
98424766 4181 
98428947 1597 
98430544 610 
98431154 144 
98431298 55 
98431353 2 
98431355 492069 
98923424 46368 
98969792 10946 
98980738 610 
98981348 233 
98981581 55 
98981636 13 
98981649 2 
98981651 111821 
99093472 6765 
99100237 1597 
99101834 610 
99102444 233 
99102677 89 
99102766 34 
99102800 13 
99102813 5 
99102818 2 
99102820 28657 
99131477 4181 
99135658 1597 
99137255 3 
99137258 1 
99137259 111821 
99249080 67117 
99316197 4181 
99320378 21 
99320399 8 
99320407 2 
99320409 46368 
99366777 10946 
99377723 377 
99378100 21 
99378121 2 
99378123 67117 
99445240 4181 
99449421 1597 
99451018 144 
99451162 34 
99451196 5 
99451201 10946 
99462147 4181 
99466328 55 
99466383 13 
99466396 28657 
99495053 4181 
99499234 1597 
99500831 610 
99501441 144 
99501585 5 
99501590 1 
99501591 67117 
99568708 17711 
99586419 2584 
99589003 987 
99589990 233 
99590223 5 
99590228 46368 
99636596 987 
99637583 377 
99637960 2 
99637962 111821 
99749783 46368 
99796151 10946 
99807097 987 
99808084 377 
99808461 144 
99808605 55 
99808660 13 
99808673 3 
99808676 1 
99808677 46368 
99855045 10946 
99865991 4181 
99870172 610 
99870782 55 
99870837 13 
