4540
1 1 
2 1 
3 2 
5 3 
8 5 
13 8 
21 13 
34 21 
55 34 
89 55 
144 89 
233 144 
377 144 
521 55 
576 1 
577 233 
810 89 
899 34 
933 13 
946 2 
948 89 
1037 34 
1071 13 
1084 1 
1085 1071 
2156 1 
2157 377 
2534 89 
2623 34 
2657 13 
2670 3 
2673 21 
2694 5 
2699 2 
2701 233 
2934 55 
2989 21 
3010 8 
3018 1 
3019 233 
3252 21 
3273 13 
3286 2 
3288 948 
4236 21 
4257 8 
4265 3 
4268 1 
4269 233 
4502 89 
4591 34 
4625 1085 
5710 810 
6520 55 
6575 13 
6588 3 
6591 3 
6594 8 
6602 3 
6605 1 
6606 233 
6839 34 
6873 5 
6878 233 
7111 89 
7200 34 
7234 13 
7247 5 
7252 7247 
14499 4502 
19001 34 
19035 2 
19037 7252 
26289 1085 
27374 377 
27751 5 
27756 2 
27758 14499 
42257 577 
42834 144 
42978 19037 
62015 948 
62963 55 
63018 13 
63031 19037 
82068 1085 
83153 89 
83242 13 
83255 5 
83260 1 
83261 7252 
90513 1085 
91598 377 
91975 89 
92064 8 
92072 3 
92075 1 
92076 7252 
99328 5710 
105038 377 
105415 89 
105504 13 
105517 1 
105518 1085 
106603 377 
106980 89 
107069 34 
107103 13 
107116 5 
107121 2 
107123 14499 
121622 144 
121766 55 
121821 21 
121842 8 
121850 2 
121852 19037 
140889 5710 
146599 377 
146976 89 
147065 34 
147099 1 
147100 2157 
149257 233 
149490 8 
149498 3 
149501 1 
149502 4625 
154127 233 
154360 55 
154415 5 
154420 810 
155230 34 
155264 5 
155269 1 
155270 14499 
169769 377 
170146 89 
170235 34 
170269 3 
170272 1 
170273 144 
170417 55 
170472 21 
170493 3 
170496 4269 
174765 19037 
193802 7252 
201054 1085 
202139 55 
202194 13 
202207 3 
202210 2701 
204911 89 
205000 21 
205021 3 
205024 1 
205025 7252 
212277 577 
212854 21 
212875 8 
212883 8 
212891 2 
212893 5710 
218603 233 
218836 1 
218837 14499 
233336 4269 
237605 144 
237749 55 
237804 13 
237817 3 
237820 521 
238341 6606 
244947 89 
245036 34 
245070 8 
245078 577 
245655 89 
245744 34 
245778 8 
245786 3 
245789 1085 
246874 521 
247395 2 
247397 7252 
254649 948 
255597 1 
255598 4625 
260223 948 
261171 55 
261226 13 
261239 2 
261241 19037 
280278 4625 
284903 577 
285480 89 
285569 3 
285572 1085 
286657 233 
286890 89 
286979 5 
286984 2 
286986 4625 
291611 577 
292188 13 
292201 3 
292204 2534 
294738 55 
294793 8 
294801 3 
294804 27758 
322562 1085 
323647 948 
324595 34 
324629 8 
324637 1 
324638 7252 
331890 3288 
335178 233 
335411 55 
335466 13 
335479 5 
335484 1 
335485 19037 
354522 377 
354899 89 
354988 21 
355009 3 
355012 1 
355013 7252 
362265 3288 
365553 89 
365642 21 
365663 7252 
372915 2934 
375849 21 
375870 8 
375878 3 
375881 1 
375882 19037 
394919 6606 
401525 144 
401669 55 
401724 21 
401745 2 
401747 521 
402268 34 
402302 5 
402307 1 
402308 14499 
416807 2673 
419480 1 
419481 7252 
426733 1085 
427818 1037 
428855 21 
428876 8 
428884 7252 
436136 5710 
441846 577 
442423 144 
442567 55 
442622 8 
442630 3 
442633 1 
442634 7252 
449886 948 
450834 21 
450855 5 
450860 3288 
454148 810 
454958 21 
454979 1 
454980 7252 
462232 810 
463042 21 
463063 8 
463071 3 
463074 1 
463075 4625 
467700 899 
468599 13 
468612 3 
468615 14499 
483114 2701 
485815 144 
485959 21 
485980 8 
485988 1 
485989 2701 
488690 7252 
495942 1085 
497027 899 
497926 5 
497931 2 
497933 7252 
505185 1085 
506270 377 
506647 13 
506660 5 
506665 7252 
513917 6878 
520795 144 
520939 21 
520960 8 
520968 2 
520970 6606 
527576 144 
527720 34 
527754 13 
527767 3 
527770 7252 
535022 1085 
536107 1037 
537144 5 
537149 2 
537151 7252 
544403 377 
544780 55 
544835 8 
544843 3 
544846 1 
544847 19037 
563884 34 
563918 1 
563919 7252 
571171 1085 
572256 577 
572833 34 
572867 13 
572880 5 
572885 1 
572886 26289 
599175 233 
599408 8 
599416 2 
599418 7252 
606670 4625 
611295 89 
611384 5 
611389 27758 
639147 7252 
646399 1085 
647484 577 
648061 144 
648205 55 
648260 21 
648281 8 
648289 3 
648292 1 
648293 7252 
655545 2157 
657702 144 
657846 21 
657867 8 
657875 3 
657878 1 
657879 1071 
658950 2 
658952 7252 
666204 4502 
670706 2 
670708 7252 
677960 3288 
681248 521 
681769 34 
681803 8 
681811 1 
681812 5710 
687522 233 
687755 89 
687844 8 
687852 3 
687855 1 
687856 2157 
690013 144 
690157 8 
690165 233 
690398 89 
690487 34 
690521 13 
690534 1 
690535 27758 
718293 7252 
725545 4625 
730170 144 
730314 34 
730348 13 
730361 577 
730938 34 
730972 5 
730977 1 
730978 19037 
750015 4625 
754640 577 
755217 21 
755238 5 
755243 1 
755244 7252 
762496 3288 
765784 233 
766017 55 
766072 21 
766093 3 
766096 1 
766097 1085 
767182 577 
767759 21 
767780 8 
767788 7252 
775040 577 
775617 55 
775672 5 
775677 2 
775679 14499 
790178 1085 
791263 144 
791407 55 
791462 8 
791470 3 
791473 5710 
797183 89 
797272 34 
797306 13 
797319 1 
797320 2157 
799477 55 
799532 21 
799553 1085 
800638 948 
801586 13 
801599 2 
801601 377 
801978 55 
802033 5 
802038 1 
802039 3288 
805327 233 
805560 89 
805649 34 
805683 13 
805696 5 
805701 2 
805703 14499 
820202 1085 
821287 1037 
822324 13 
822337 4269 
826606 89 
826695 13 
826708 5 
826713 2 
826715 3288 
830003 577 
830580 34 
830614 2 
830616 5710 
836326 13 
836339 1 
836340 14499 
850839 948 
851787 34 
851821 8 
851829 3 
851832 4625 
856457 933 
857390 1 
857391 3019 
860410 55 
860465 21 
860486 7252 
867738 6606 
874344 144 
874488 8 
874496 3 
874499 1 
874500 3288 
877788 144 
877932 1 
877933 810 
878743 8 
878751 1 
878752 3288 
882040 577 
882617 5 
882622 19037 
901659 1085 
902744 810 
903554 55 
903609 8 
903617 2 
903619 7252 
910871 4625 
915496 233 
915729 55 
915784 13 
915797 3 
915800 14499 
930299 1085 
931384 377 
931761 89 
931850 8 
931858 1 
931859 6606 
938465 21 
938486 5 
938491 2 
938493 14499 
952992 1085 
954077 233 
954310 89 
954399 34 
954433 1 
954434 7252 
961686 4625 
966311 1037 
967348 13 
967361 1 
967362 3288 
970650 4625 
975275 89 
975364 34 
975398 13 
975411 5 
975416 2 
975418 27758 
1003176 3288 
1006464 577 
1007041 144 
1007185 34 
1007219 13 
1007232 3 
1007235 1 
1007236 14499 
1021735 3019 
1024754 55 
1024809 3 
1024812 1 
1024813 7252 
1032065 5710 
1037775 21 
1037796 8 
1037804 1 
1037805 14499 
1052304 2534 
1054838 55 
1054893 13 
1054906 2 
1054908 13 
1054921 3 
1054924 1 
1054925 2157 
1057082 233 
1057315 89 
1057404 34 
1057438 13 
1057451 3 
1057454 1 
1057455 27758 
1085213 3019 
1088232 144 
1088376 21 
1088397 3 
1088400 1 
1088401 3288 
1091689 577 
1092266 144 
1092410 55 
1092465 21 
1092486 1 
1092487 7252 
1099739 3288 
1103027 577 
1103604 55 
1103659 5 
1103664 1085 
1104749 89 
1104838 13 
1104851 3 
1104854 7252 
1112106 377 
1112483 89 
1112572 34 
1112606 13 
1112619 3 
1112622 1 
1112623 577 
1113200 89 
1113289 5 
1113294 2 
1113296 3288 
1116584 144 
1116728 55 
1116783 7252 
1124035 3288 
1127323 810 
1128133 55 
1128188 13 
1128201 2 
1128203 14499 
1142702 3288 
1145990 577 
1146567 89 
1146656 13 
1146669 3 
1146672 2156 
1148828 7252 
1156080 1085 
1157165 521 
1157686 13 
1157699 1 
1157700 27758 
1185458 3288 
1188746 521 
1189267 21 
1189288 5 
1189293 1 
1189294 26289 
1215583 377 
1215960 89 
1216049 13 
1216062 1 
1216063 3288 
1219351 810 
1220161 55 
1220216 13 
1220229 3 
1220232 5710 
1225942 577 
1226519 3 
1226522 1 
1226523 7252 
1233775 933 
1234708 2 
1234710 7252 
1241962 2157 
1244119 233 
1244352 34 
1244386 13 
1244399 1 
1244400 2623 
1247023 8 
1247031 3 
1247034 1 
1247035 233 
1247268 21 
1247289 144 
1247433 21 
1247454 3 
1247457 19037 
1266494 4625 
1271119 577 
1271696 55 
1271751 21 
1271772 8 
1271780 1 
1271781 7252 
1279033 4625 
1283658 810 
1284468 34 
1284502 13 
1284515 5 
1284520 1 
1284521 3288 
1287809 233 
1288042 89 
1288131 34 
1288165 8 
1288173 14499 
1302672 3288 
1305960 577 
1306537 89 
1306626 7111 
1313737 55 
1313792 13 
1313805 1 
1313806 4625 
1318431 55 
1318486 21 
1318507 3 
1318510 1 
1318511 2701 
1321212 89 
1321301 34 
1321335 4502 
1325837 34 
1325871 5 
1325876 2 
1325878 7252 
1333130 377 
1333507 89 
1333596 13 
1333609 7252 
1340861 233 
1341094 89 
1341183 34 
1341217 8 
1341225 3 
1341228 7252 
1348480 233 
1348713 89 
1348802 34 
1348836 8 
1348844 7252 
1356096 1085 
1357181 577 
1357758 55 
1357813 21 
1357834 5 
1357839 42978 
1400817 7252 
1408069 3019 
1411088 55 
1411143 21 
1411164 5 
1411169 2 
1411171 4625 
1415796 377 
1416173 55 
1416228 8 
1416236 3 
1416239 1 
1416240 1085 
1417325 577 
1417902 21 
1417923 3 
1417926 1 
1417927 144 
1418071 34 
1418105 8 
1418113 3 
1418116 7252 
1425368 2701 
1428069 144 
1428213 55 
1428268 21 
1428289 1 
1428290 899 
1429189 13 
1429202 5 
1429207 1 
1429208 7252 
1436460 3288 
1439748 577 
1440325 34 
1440359 5 
1440364 233 
1440597 55 
1440652 21 
1440673 8 
1440681 3 
1440684 1 
1440685 3288 
1443973 810 
1444783 13 
1444796 5 
1444801 7252 
1452053 4625 
1456678 377 
1457055 89 
1457144 34 
1457178 13 
1457191 3 
1457194 1 
1457195 14499 
1471694 2157 
1473851 233 
1474084 89 
1474173 34 
1474207 13 
1474220 3 
1474223 14499 
1488722 948 
1489670 55 
1489725 3 
1489728 14499 
1504227 1037 
1505264 1 
1505265 577 
1505842 21 
1505863 1 
1505864 7252 
1513116 577 
1513693 55 
1513748 21 
1513769 5 
1513774 1 
1513775 1085 
1514860 577 
1515437 55 
1515492 13 
1515505 1 
1515506 7252 
1522758 5710 
1528468 144 
1528612 5 
1528617 1 
1528618 7111 
1535729 55 
1535784 21 
1535805 3 
1535808 1 
1535809 4269 
1540078 34 
1540112 13 
1540125 5 
1540130 2 
1540132 4625 
1544757 144 
1544901 1 
1544902 144 
1545046 13 
1545059 5 
1545064 19037 
1564101 3019 
1567120 144 
1567264 55 
1567319 13 
1567332 1 
1567333 5710 
1573043 577 
1573620 89 
1573709 5 
1573714 1 
1573715 4625 
1578340 5710 
1584050 577 
1584627 55 
1584682 8 
1584690 3 
1584693 1 
1584694 7252 
1591946 2701 
1594647 89 
1594736 34 
1594770 13 
1594783 5 
1594788 2 
1594790 7252 
1602042 4625 
1606667 810 
1607477 13 
1607490 5 
1607495 1 
1607496 1085 
1608581 144 
1608725 55 
1608780 8 
1608788 27758 
1636546 3288 
1639834 577 
1640411 13 
1640424 2 
1640426 27758 
1668184 377 
1668561 55 
1668616 13 
1668629 3 
1668632 1 
1668633 4625 
1673258 233 
1673491 13 
1673504 3 
1673507 1 
1673508 4625 
1678133 577 
1678710 55 
1678765 8 
1678773 3 
1678776 3288 
1682064 233 
1682297 55 
1682352 21 
1682373 1 
1682374 3288 
1685662 89 
1685751 34 
1685785 13 
1685798 1 
1685799 7252 
1693051 577 
1693628 89 
1693717 34 
1693751 13 
1693764 5 
1693769 2 
1693771 7252 
1701023 1085 
1702108 144 
1702252 34 
1702286 1 
1702287 14499 
1716786 3019 
1719805 55 
1719860 21 
1719881 5 
1719886 2 
1719888 89 
1719977 34 
1720011 13 
1720024 3 
1720027 1 
1720028 577 
1720605 34 
1720639 3 
1720642 1 
1720643 7252 
1727895 4625 
1732520 810 
1733330 34 
1733364 8 
1733372 3 
1733375 1 
1733376 14499 
1747875 2701 
1750576 89 
1750665 34 
1750699 13 
1750712 5 
1750717 1 
1750718 7252 
1757970 3288 
1761258 810 
1762068 55 
1762123 5 
1762128 2 
1762130 5710 
1767840 577 
1768417 144 
1768561 5 
1768566 2 
1768568 810 
1769378 1 
1769379 1085 
1770464 948 
1771412 13 
1771425 5 
1771430 2 
1771432 948 
1772380 6878 
1779258 19037 
1798295 3288 
1801583 233 
1801816 89 
1801905 21 
1801926 8 
1801934 6606 
1808540 89 
1808629 34 
1808663 3 
1808666 1 
1808667 14499 
1823166 1085 
1824251 577 
1824828 144 
1824972 21 
1824993 5 
1824998 42978 
1867976 7252 
1875228 1085 
1876313 233 
1876546 89 
1876635 34 
1876669 5 
1876674 19037 
1895711 3019 
1898730 144 
1898874 55 
1898929 13 
1898942 3 
1898945 1 
1898946 7252 
1906198 1085 
1907283 948 
1908231 13 
1908244 5 
1908249 1 
1908250 6839 
1915089 13 
1915102 3 
1915105 6606 
1921711 144 
1921855 55 
1921910 21 
1921931 5 
1921936 2 
1921938 19037 
1940975 1085 
1942060 521 
1942581 34 
1942615 13 
1942628 5 
1942633 1 
1942634 7252 
1949886 377 
1950263 13 
1950276 2 
1950278 14499 
1964777 3288 
1968065 55 
1968120 13 
1968133 3 
1968136 7252 
1975388 233 
1975621 89 
1975710 34 
1975744 8 
1975752 1 
1975753 6878 
1982631 89 
1982720 5 
1982725 2 
1982727 14499 
1997226 3288 
2000514 577 
2001091 144 
2001235 55 
2001290 5 
2001295 6591 
2007886 42978 
2050864 14499 
2065363 233 
2065596 89 
2065685 5 
2065690 1 
2065691 2157 
2067848 144 
2067992 34 
2068026 8 
2068034 1 
2068035 4236 
2072271 7252 
2079523 5710 
2085233 577 
2085810 55 
2085865 21 
2085886 5 
2085891 1 
2085892 19037 
2104929 3019 
2107948 89 
2108037 1 
2108038 7252 
2115290 3019 
2118309 144 
2118453 3 
2118456 1 
2118457 14499 
2132956 521 
2133477 13 
2133490 7111 
2140601 21 
2140622 5 
2140627 2 
2140629 27758 
2168387 7252 
2175639 55 
2175694 13 
2175707 2 
2175709 577 
2176286 144 
2176430 34 
2176464 8 
2176472 1 
2176473 26289 
2202762 810 
2203572 55 
2203627 21 
2203648 5 
2203653 1 
2203654 1085 
2204739 34 
2204773 8 
2204781 1 
2204782 3288 
2208070 521 
2208591 34 
2208625 8 
2208633 1 
2208634 7252 
2215886 3019 
2218905 13 
2218918 19037 
2237955 377 
2238332 89 
2238421 8 
2238429 6606 
2245035 144 
2245179 3 
2245182 377 
2245559 55 
2245614 21 
2245635 8 
2245643 3 
2245646 1 
2245647 1085 
2246732 1037 
2247769 21 
2247790 3 
2247793 1 
2247794 27758 
2275552 7252 
2282804 4625 
2287429 89 
2287518 34 
2287552 8 
2287560 3 
2287563 19037 
2306600 6575 
2313175 8 
2313183 2 
2313185 14499 
2327684 89 
2327773 34 
2327807 13 
2327820 3 
2327823 1 
2327824 3288 
2331112 521 
2331633 21 
2331654 1 
2331655 377 
2332032 13 
2332045 5 
2332050 2 
2332052 4625 
2336677 577 
2337254 144 
2337398 34 
2337432 13 
2337445 810 
2338255 34 
2338289 13 
2338302 3 
2338305 1 
2338306 14499 
2352805 3019 
2355824 89 
2355913 13 
2355926 2 
2355928 1085 
2357013 19037 
2376050 1085 
2377135 948 
2378083 5 
2378088 1 
2378089 27758 
2405847 4625 
2410472 810 
2411282 55 
2411337 13 
2411350 1 
2411351 4625 
2415976 89 
2416065 34 
2416099 13 
2416112 4625 
2420737 144 
2420881 34 
2420915 13 
2420928 5 
2420933 1 
2420934 7252 
2428186 4625 
2432811 233 
2433044 89 
2433133 34 
2433167 5 
2433172 233 
2433405 34 
2433439 13 
2433452 3 
2433455 4625 
2438080 144 
2438224 21 
2438245 4625 
2442870 521 
2443391 13 
2443404 2 
2443406 14499 
2457905 1085 
2458990 144 
2459134 55 
2459189 13 
2459202 5 
2459207 2 
2459209 42978 
2502187 7252 
2509439 1085 
2510524 377 
2510901 21 
2510922 5 
2510927 2 
2510929 2701 
2513630 55 
2513685 21 
2513706 8 
2513714 3 
2513717 7252 
2520969 577 
2521546 144 
2521690 21 
2521711 1 
2521712 6878 
2528590 144 
2528734 34 
2528768 13 
2528781 5 
2528786 2 
2528788 3288 
2532076 577 
2532653 89 
2532742 13 
2532755 5 
2532760 1 
2532761 1085 
2533846 21 
2533867 5 
2533872 2 
2533874 27758 
2561632 1085 
2562717 810 
2563527 34 
2563561 8 
2563569 3 
2563572 3288 
2566860 577 
2567437 144 
2567581 21 
2567602 1 
2567603 577 
2568180 34 
2568214 13 
2568227 3 
2568230 19037 
2587267 4625 
2591892 144 
2592036 55 
2592091 13 
2592104 1 
2592105 1085 
2593190 577 
2593767 55 
2593822 21 
2593843 5 
2593848 6606 
2600454 89 
2600543 21 
2600564 8 
2600572 2934 
2603506 21 
2603527 8 
2603535 377 
2603912 89 
2604001 34 
2604035 8 
2604043 27758 
2631801 3288 
2635089 577 
2635666 89 
2635755 34 
2635789 5 
2635794 14499 
2650293 3288 
2653581 144 
2653725 34 
2653759 5 
2653764 1 
2653765 19037 
2672802 1085 
2673887 577 
2674464 144 
2674608 55 
2674663 13 
2674676 3 
2674679 5710 
2680389 34 
2680423 5 
2680428 2156 
2682584 6878 
2689462 89 
2689551 13 
2689564 5 
2689569 1 
2689570 19037 
2708607 2623 
2711230 3 
2711233 1 
2711234 3288 
2714522 144 
2714666 55 
2714721 8 
2714729 1 
2714730 1085 
2715815 577 
2716392 144 
2716536 55 
2716591 21 
2716612 5 
2716617 4625 
2721242 34 
2721276 3 
2721279 4625 
2725904 89 
2725993 34 
2726027 3 
2726030 1085 
2727115 577 
2727692 144 
2727836 34 
2727870 2 
2727872 1085 
2728957 577 
2729534 13 
2729547 7252 
2736799 377 
2737176 89 
2737265 13 
2737278 5 
2737283 2 
2737285 7252 
2744537 2 
2744539 6591 
2751130 5710 
2756840 577 
2757417 144 
2757561 21 
2757582 1 
2757583 5710 
2763293 377 
2763670 8 
2763678 2 
2763680 3288 
2766968 8 
2766976 3 
2766979 1 
2766980 19037 
2786017 1085 
2787102 377 
2787479 34 
2787513 8 
2787521 1085 
2788606 144 
2788750 1 
2788751 7252 
2796003 3019 
2799022 34 
2799056 13 
2799069 5 
2799074 7252 
2806326 6878 
2813204 144 
2813348 55 
2813403 1 
2813404 577 
2813981 144 
2814125 55 
2814180 13 
2814193 5 
2814198 1085 
2815283 89 
2815372 34 
2815406 8 
2815414 14499 
2829913 2701 
2832614 89 
2832703 21 
2832724 5 
2832729 1 
2832730 1085 
2833815 577 
2834392 144 
2834536 5 
2834541 577 
2835118 13 
2835131 3 
2835134 7252 
2842386 2157 
2844543 233 
2844776 13 
2844789 5 
2844794 27758 
2872552 7252 
2879804 2157 
2881961 233 
2882194 89 
2882283 34 
2882317 13 
2882330 19037 
2901367 4625 
2905992 577 
2906569 144 
2906713 21 
2906734 8 
2906742 55 
2906797 8 
2906805 14499 
2921304 1085 
2922389 233 
2922622 34 
2922656 8 
2922664 3 
2922667 1085 
2923752 89 
2923841 34 
2923875 8 
2923883 2 
2923885 14499 
2938384 144 
2938528 34 
2938562 1 
2938563 7252 
2945815 2157 
2947972 233 
2948205 89 
2948294 13 
2948307 3 
2948310 5710 
2954020 377 
2954397 89 
2954486 21 
2954507 5 
2954512 2 
2954514 3288 
2957802 89 
2957891 34 
2957925 8 
2957933 1 
2957934 233 
2958167 89 
2958256 21 
2958277 8 
2958285 2 
2958287 5710 
2963997 377 
2964374 55 
2964429 13 
2964442 3 
2964445 7252 
2971697 3288 
2974985 89 
2975074 34 
2975108 5 
2975113 3018 
2978131 233 
2978364 89 
2978453 34 
2978487 2 
2978489 7252 
2985741 4502 
2990243 55 
2990298 21 
2990319 8 
2990327 3 
2990330 3288 
2993618 899 
2994517 13 
2994530 5 
2994535 2 
2994537 3252 
2997789 13 
2997802 3 
2997805 4625 
3002430 377 
3002807 55 
3002862 4625 
3007487 233 
3007720 13 
3007733 5 
3007738 1 
3007739 948 
3008687 55 
3008742 21 
3008763 8 
3008771 3 
3008774 1 
3008775 3288 
3012063 577 
3012640 144 
3012784 5 
3012789 1 
3012790 7252 
3020042 577 
3020619 144 
3020763 55 
3020818 8 
3020826 1 
3020827 1085 
3021912 233 
3022145 55 
3022200 8 
3022208 3 
3022211 7252 
3029463 1085 
3030548 948 
3031496 55 
3031551 21 
3031572 3 
3031575 1085 
3032660 1037 
3033697 21 
3033718 8 
3033726 3 
3033729 1 
3033730 3019 
3036749 144 
3036893 55 
3036948 8 
3036956 1 
3036957 2673 
3039630 7252 
3046882 3288 
3050170 577 
3050747 144 
3050891 55 
3050946 21 
3050967 1 
3050968 577 
3051545 144 
3051689 55 
3051744 2 
3051746 8 
3051754 3 
3051757 1 
3051758 14499 
3066257 2701 
3068958 144 
3069102 55 
3069157 8 
3069165 1 
3069166 14499 
3083665 2534 
3086199 8 
3086207 14499 
3100706 2701 
3103407 144 
3103551 55 
3103606 13 
3103619 1037 
3104656 5 
3104661 1 
3104662 27758 
3132420 7252 
3139672 2694 
3142366 1085 
3143451 577 
3144028 89 
3144117 13 
3144130 7252 
3151382 3288 
3154670 89 
3154759 3 
3154762 1 
3154763 3288 
3158051 55 
3158106 3 
3158109 4625 
3162734 810 
3163544 55 
3163599 3 
3163602 1 
3163603 7252 
3170855 4625 
3175480 89 
3175569 13 
3175582 521 
3176103 13 
3176116 2 
3176118 3288 
3179406 810 
3180216 55 
3180271 1 
3180272 19037 
3199309 4625 
3203934 377 
3204311 89 
3204400 34 
3204434 13 
3204447 3 
3204450 1 
3204451 19037 
3223488 3288 
3226776 377 
3227153 21 
3227174 8 
3227182 3 
3227185 1 
3227186 3019 
3230205 34 
3230239 13 
3230252 5 
3230257 1 
3230258 14499 
3244757 1085 
3245842 577 
3246419 144 
3246563 5 
3246568 2 
3246570 7252 
3253822 5710 
3259532 577 
3260109 144 
3260253 34 
3260287 13 
3260300 5 
3260305 19037 
3279342 1085 
3280427 810 
3281237 34 
3281271 13 
3281284 1 
3281285 7252 
3288537 4625 
3293162 34 
3293196 13 
3293209 2 
3293211 27374 
3320585 144 
3320729 13 
3320742 2 
3320744 7111 
3327855 55 
3327910 7252 
3335162 3288 
3338450 233 
3338683 8 
3338691 3 
3338694 5710 
3344404 577 
3344981 55 
3345036 13 
3345049 3 
3345052 377 
3345429 89 
3345518 21 
3345539 8 
3345547 19037 
3364584 4625 
3369209 577 
3369786 55 
3369841 21 
3369862 8 
3369870 3 
3369873 6606 
3376479 144 
3376623 8 
3376631 2 
3376633 577 
3377210 13 
3377223 1 
3377224 7252 
3384476 1085 
3385561 233 
3385794 55 
3385849 2 
3385851 19037 
3404888 6520 
3411408 21 
3411429 8 
3411437 7252 
3418689 4625 
3423314 233 
3423547 89 
3423636 21 
3423657 5 
3423662 1 
3423663 948 
3424611 3288 
3427899 377 
3428276 89 
3428365 13 
3428378 1 
3428379 1085 
3429464 144 
3429608 34 
3429642 8 
3429650 19037 
3448687 34 
3448721 8 
3448729 1 
3448730 7252 
3455982 3288 
3459270 144 
3459414 34 
3459448 1 
3459449 3288 
3462737 577 
3463314 55 
3463369 1 
3463370 14499 
3477869 2934 
3480803 21 
3480824 5 
3480829 27758 
3508587 7252 
3515839 1085 
3516924 577 
3517501 144 
3517645 21 
3517666 8 
3517674 1 
3517675 27758 
3545433 7252 
3552685 5710 
3558395 521 
3558916 34 
3558950 6606 
3565556 55 
3565611 21 
3565632 7252 
3572884 5710 
3578594 577 
3579171 89 
3579260 34 
3579294 8 
3579302 3 
3579305 1 
3579306 3288 
3582594 233 
3582827 34 
3582861 13 
3582874 5 
3582879 2 
3582881 7252 
3590133 1085 
3591218 21 
3591239 5 
3591244 1 
3591245 7252 
3598497 1085 
3599582 377 
3599959 21 
3599980 377 
3600357 89 
3600446 5 
3600451 2 
3600453 7252 
3607705 4625 
3612330 377 
3612707 89 
3612796 8 
3612804 1 
3612805 4625 
3617430 577 
3618007 5 
3618012 2 
3618014 27758 
3645772 55 
3645827 19037 
3664864 5710 
3670574 377 
3670951 89 
3671040 21 
3671061 5 
3671066 1 
3671067 4269 
3675336 34 
3675370 8 
3675378 2 
3675380 19037 
3694417 4625 
3699042 144 
3699186 21 
3699207 5 
3699212 2 
3699214 14499 
3713713 4269 
3717982 144 
3718126 13 
3718139 3288 
3721427 577 
3722004 89 
3722093 3 
3722096 1037 
3723133 13 
3723146 14499 
3737645 144 
3737789 21 
3737810 8 
3737818 1085 
3738903 55 
3738958 21 
3738979 8 
3738987 3 
3738990 1 
3738991 19037 
3758028 6878 
3764906 144 
3765050 34 
3765084 13 
3765097 5 
3765102 1 
3765103 14499 
3779602 2157 
3781759 233 
3781992 34 
3782026 5 
3782031 2 
3782033 7252 
3789285 4502 
3793787 3 
3793790 3019 
3796809 144 
3796953 34 
3796987 3 
3796990 1 
3796991 27758 
3824749 7252 
3832001 2623 
3834624 5 
3834629 7252 
3841881 377 
3842258 89 
3842347 21 
3842368 3 
3842371 1 
3842372 3288 
3845660 377 
3846037 5 
3846042 2 
3846044 7252 
3853296 577 
3853873 144 
3854017 21 
3854038 3 
3854041 1 
3854042 4625 
3858667 810 
3859477 34 
3859511 3 
3859514 1 
3859515 7252 
3866767 6878 
3873645 89 
3873734 34 
3873768 13 
3873781 7252 
3881033 1085 
3882118 21 
3882139 3 
3882142 1 
3882143 7252 
3889395 1085 
3890480 577 
3891057 55 
3891112 8 
3891120 2 
3891122 3288 
3894410 89 
3894499 34 
3894533 13 
3894546 5 
3894551 7252 
3901803 1085 
3902888 521 
3903409 34 
3903443 5 
3903448 7252 
3910700 377 
3911077 21 
3911098 3 
3911101 27758 
3938859 7252 
3946111 4625 
3950736 899 
3951635 2 
3951637 3019 
3954656 34 
3954690 13 
3954703 3 
3954706 7252 
3961958 2934 
3964892 13 
3964905 2 
3964907 19037 
3983944 1085 
3985029 233 
3985262 89 
3985351 21 
3985372 8 
3985380 3 
3985383 5710 
3991093 577 
3991670 34 
3991704 13 
3991717 4625 
3996342 577 
3996919 144 
3997063 55 
3997118 21 
3997139 3 
3997142 1 
3997143 7252 
4004395 4625 
4009020 948 
4009968 55 
4010023 13 
4010036 19037 
4029073 5710 
4034783 377 
4035160 55 
4035215 8 
4035223 3 
4035226 7252 
4042478 1085 
4043563 144 
4043707 34 
4043741 3 
4043744 1 
4043745 7252 
4050997 3288 
4054285 55 
4054340 8 
4054348 1 
4054349 19037 
4073386 2157 
4075543 144 
4075687 55 
4075742 3 
4075745 3288 
4079033 521 
4079554 34 
4079588 3 
4079591 1 
4079592 7252 
4086844 5710 
4092554 144 
4092698 55 
4092753 5 
4092758 2 
4092760 7252 
4100012 2934 
4102946 13 
4102959 3 
4102962 42978 
4145940 4625 
4150565 577 
4151142 144 
4151286 21 
4151307 8 
4151315 2 
4151317 5710 
4157027 377 
4157404 55 
4157459 21 
4157480 1 
4157481 14499 
4171980 1085 
4173065 577 
4173642 144 
4173786 21 
4173807 8 
4173815 1 
4173816 6520 
4180336 34 
4180370 8 
4180378 2 
4180380 19037 
4199417 3288 
4202705 933 
4203638 8 
4203646 2 
4203648 2934 
4206582 3 
4206585 1 
4206586 7252 
4213838 5710 
4219548 577 
4220125 144 
4220269 21 
4220290 8 
4220298 3 
4220301 3288 
4223589 810 
4224399 55 
4224454 2 
4224456 3019 
4227475 14499 
4241974 933 
4242907 1 
4242908 7252 
4250160 1085 
4251245 899 
4252144 21 
4252165 8 
4252173 2 
4252175 14499 
4266674 3288 
4269962 89 
4270051 8 
4270059 3 
4270062 7252 
4277314 1085 
4278399 55 
4278454 3 
4278457 1 
4278458 14499 
4292957 2934 
4295891 21 
4295912 2701 
4298613 144 
4298757 13 
4298770 1 
4298771 14499 
4313270 2934 
4316204 27758 
4343962 1085 
4345047 948 
4345995 13 
4346008 2 
4346010 5710 
4351720 577 
4352297 13 
4352310 5 
4352315 2 
4352317 2673 
4354990 14499 
4369489 577 
4370066 144 
4370210 34 
4370244 13 
4370257 3 
4370260 1 
4370261 5710 
4375971 377 
4376348 89 
4376437 13 
4376450 1 
4376451 19037 
4395488 3288 
4398776 377 
4399153 34 
4399187 5 
4399192 2 
4399194 14499 
4413693 3288 
4416981 144 
4417125 34 
4417159 13 
4417172 3 
4417175 7252 
4424427 577 
4425004 34 
4425038 13 
4425051 2157 
4427208 3288 
4430496 577 
4431073 144 
4431217 1 
4431218 4625 
4435843 377 
4436220 55 
4436275 5 
4436280 577 
4436857 8 
4436865 2 
4436867 27758 
4464625 2934 
4467559 34 
4467593 3 
4467596 1 
4467597 577 
4468174 89 
4468263 34 
4468297 13 
4468310 3 
4468313 7252 
4475565 899 
4476464 21 
4476485 8 
4476493 2 
4476495 1085 
4477580 144 
4477724 21 
4477745 8 
4477753 1 
4477754 19037 
4496791 55 
4496846 13 
4496859 5 
4496864 1 
4496865 7252 
4504117 810 
4504927 55 
4504982 8 
4504990 2 
4504992 7252 
4512244 3288 
4515532 810 
4516342 34 
4516376 8 
4516384 3 
4516387 1 
4516388 5710 
4522098 144 
4522242 34 
4522276 8 
4522284 2670 
4524954 1 
4524955 5710 
4530665 233 
4530898 55 
4530953 21 
4530974 5 
4530979 1085 
4532064 899 
4532963 13 
4532976 5 
4532981 2 
4532983 42978 
4575961 7252 
4583213 948 
4584161 13 
4584174 4502 
4588676 21 
4588697 2 
4588699 19037 
4607736 4502 
4612238 55 
4612293 8 
4612301 1 
4612302 14499 
4626801 577 
4627378 55 
4627433 8 
4627441 2 
4627443 7111 
4634554 55 
4634609 21 
4634630 2 
4634632 3288 
4637920 577 
4638497 34 
4638531 3 
4638534 1 
4638535 19037 
4657572 1085 
4658657 577 
4659234 144 
4659378 55 
4659433 21 
4659454 8 
4659462 1 
4659463 27758 
4687221 3288 
4690509 377 
4690886 34 
4690920 3 
4690923 1 
4690924 2623 
4693547 13 
4693560 1 
4693561 7252 
4700813 1085 
4701898 577 
4702475 1 
4702476 27758 
4730234 1085 
4731319 377 
4731696 89 
4731785 21 
4731806 8 
4731814 1 
4731815 14499 
4746314 1085 
4747399 144 
4747543 13 
4747556 5 
4747561 1 
4747562 7252 
4754814 5710 
4760524 144 
4760668 8 
4760676 3 
4760679 1 
4760680 1085 
4761765 899 
4762664 13 
4762677 1 
4762678 42978 
4805656 1085 
4806741 521 
4807262 21 
4807283 8 
4807291 3273 
4810564 5 
4810569 2 
4810571 7252 
4817823 4625 
4822448 1037 
4823485 5 
4823490 2534 
4826024 34 
4826058 13 
4826071 5 
4826076 1 
4826077 14499 
4840576 3019 
4843595 89 
4843684 34 
4843718 5 
4843723 1 
4843724 27758 
4871482 1085 
4872567 577 
4873144 89 
4873233 34 
4873267 3 
4873270 1 
4873271 1085 
4874356 577 
4874933 8 
4874941 3 
4874944 1 
4874945 521 
4875466 4269 
4879735 34 
4879769 8 
4879777 1 
4879778 34 
4879812 8 
4879820 3 
4879823 1 
4879824 27758 
4907582 7252 
4914834 1085 
4915919 377 
4916296 5 
4916301 1 
4916302 4625 
4920927 810 
4921737 55 
4921792 5 
4921797 1 
4921798 7252 
4929050 3019 
4932069 144 
4932213 34 
4932247 8 
4932255 144 
4932399 21 
4932420 5 
4932425 2 
4932427 1085 
4933512 948 
4934460 55 
4934515 21 
4934536 8 
4934544 27758 
4962302 3288 
4965590 144 
4965734 55 
4965789 21 
4965810 8 
4965818 1 
4965819 19037 
4984856 8 
4984864 3 
4984867 1 
4984868 7252 
4992120 2989 
4995109 5 
4995114 1085 
4996199 948 
4997147 34 
4997181 13 
4997194 5 
4997199 14499 
5011698 1085 
5012783 233 
5013016 55 
5013071 8 
5013079 3 
5013082 4625 
5017707 55 
5017762 13 
5017775 3 
5017778 7252 
5025030 4625 
5029655 810 
5030465 55 
5030520 21 
5030541 5 
5030546 1 
5030547 7252 
5037799 377 
5038176 34 
5038210 13 
5038223 2701 
5040924 55 
5040979 21 
5041000 1 
5041001 377 
5041378 89 
5041467 34 
5041501 13 
5041514 3 
5041517 1 
5041518 7252 
5048770 1085 
5049855 377 
5050232 55 
5050287 13 
5050300 5 
5050305 2 
5050307 14499 
5064806 1085 
5065891 233 
5066124 89 
5066213 13 
5066226 2 
5066228 5710 
5071938 144 
5072082 13 
5072095 1 
5072096 4625 
5076721 13 
5076734 2 
5076736 6878 
5083614 34 
5083648 3 
5083651 19037 
5102688 4625 
5107313 89 
5107402 34 
5107436 5 
5107441 1 
5107442 2157 
5109599 233 
5109832 89 
5109921 13 
5109934 3 
5109937 7252 
5117189 6606 
5123795 89 
5123884 21 
5123905 8 
5123913 1 
5123914 4625 
5128539 810 
5129349 21 
5129370 8 
5129378 3 
5129381 1 
5129382 7252 
5136634 1085 
5137719 233 
5137952 21 
5137973 8 
5137981 3 
5137984 2157 
5140141 89 
5140230 21 
5140251 8 
5140259 1085 
5141344 377 
5141721 21 
5141742 8 
5141750 3 
5141753 1 
5141754 7252 
5149006 1085 
5150091 577 
5150668 144 
5150812 5 
5150817 19037 
5169854 6606 
5176460 89 
5176549 34 
5176583 5 
5176588 2 
5176590 19037 
5195627 3288 
5198915 521 
5199436 34 
5199470 2 
5199472 7252 
5206724 6878 
5213602 144 
5213746 55 
5213801 13 
5213814 3 
5213817 1 
5213818 7252 
5221070 2934 
5224004 13 
5224017 3 
5224020 1 
5224021 7252 
5231273 2157 
5233430 144 
5233574 21 
5233595 27758 
5261353 7252 
5268605 4269 
5272874 144 
5273018 55 
5273073 21 
5273094 8 
5273102 2 
5273104 3288 
5276392 577 
5276969 34 
5277003 8 
5277011 1 
5277012 7252 
5284264 1085 
5285349 577 
5285926 34 
5285960 1 
5285961 7252 
5293213 1085 
5294298 577 
5294875 144 
5295019 55 
5295074 8 
5295082 1 
5295083 4625 
5299708 810 
5300518 21 
5300539 5 
5300544 1 
5300545 14499 
5315044 3288 
5318332 144 
5318476 55 
5318531 13 
5318544 1 
5318545 3288 
5321833 377 
5322210 89 
5322299 13 
5322312 3288 
5325600 377 
5325977 89 
5326066 13 
5326079 3 
5326082 1 
5326083 5710 
5331793 233 
5332026 89 
5332115 8 
5332123 1 
5332124 810 
5332934 55 
5332989 8 
5332997 1085 
5334082 948 
5335030 34 
5335064 5 
5335069 1 
5335070 7252 
5342322 6606 
5348928 55 
5348983 21 
5349004 8 
5349012 1 
5349013 7252 
5356265 1085 
5357350 89 
5357439 21 
5357460 5 
5357465 4269 
5361734 55 
5361789 3 
5361792 1 
5361793 1085 
5362878 577 
5363455 144 
5363599 55 
5363654 8 
5363662 2 
5363664 7252 
5370916 6606 
5377522 144 
5377666 34 
5377700 8 
5377708 3 
5377711 1 
5377712 14499 
5392211 1085 
5393296 810 
5394106 8 
5394114 3 
5394117 1 
5394118 14499 
5408617 810 
5409427 13 
5409440 5 
5409445 2 
5409447 7252 
5416699 2157 
5418856 89 
5418945 19037 
5437982 4625 
5442607 577 
5443184 55 
5443239 3 
5443242 26289 
5469531 577 
5470108 89 
5470197 3 
5470200 1 
5470201 7252 
5477453 377 
5477830 3 
5477833 2701 
5480534 89 
5480623 21 
5480644 8 
5480652 3 
5480655 1 
5480656 4625 
5485281 946 
5486227 27758 
5513985 7252 
5521237 377 
5521614 55 
5521669 21 
5521690 3 
5521693 6606 
5528299 7252 
5535551 5710 
5541261 577 
5541838 144 
5541982 55 
5542037 21 
5542058 3 
5542061 1 
5542062 19037 
5561099 34 
5561133 13 
5561146 3 
5561149 6878 
5568027 89 
5568116 21 
5568137 1 
5568138 6606 
5574744 144 
5574888 34 
5574922 3 
5574925 1 
5574926 899 
5575825 21 
5575846 3 
5575849 4625 
5580474 233 
5580707 34 
5580741 19037 
5599778 2701 
5602479 89 
5602568 13 
5602581 5 
5602586 7252 
5609838 1085 
5610923 577 
5611500 144 
5611644 55 
5611699 5 
5611704 1 
5611705 1085 
5612790 948 
5613738 55 
5613793 3 
5613796 1 
5613797 2157 
5615954 5710 
5621664 144 
5621808 55 
5621863 21 
5621884 5 
5621889 2 
5621891 7252 
5629143 5710 
5634853 577 
5635430 55 
5635485 13 
5635498 5 
5635503 7252 
5642755 233 
5642988 89 
5643077 34 
5643111 13 
5643124 5 
5643129 2 
5643131 7252 
5650383 3288 
5653671 810 
5654481 34 
5654515 8 
5654523 3 
5654526 1085 
5655611 144 
5655755 55 
5655810 13 
5655823 3 
5655826 1085 
5656911 233 
5657144 34 
5657178 5 
5657183 1 
5657184 7252 
5664436 5710 
5670146 233 
5670379 21 
5670400 5 
5670405 19037 
5689442 6606 
5696048 144 
5696192 13 
5696205 1 
5696206 5710 
5701916 377 
5702293 21 
5702314 8 
5702322 521 
5702843 5 
5702848 3288 
5706136 55 
5706191 5 
5706196 26289 
5732485 577 
5733062 21 
5733083 8 
5733091 3 
5733094 42978 
5776072 3288 
5779360 521 
5779881 34 
5779915 1 
5779916 4625 
5784541 377 
5784918 55 
5784973 5 
5784978 2 
5784980 7252 
5792232 4625 
5796857 144 
5797001 8 
5797009 2 
5797011 3273 
5800284 7252 
5807536 4625 
5812161 577 
5812738 89 
5812827 34 
5812861 8 
5812869 1 
5812870 7252 
5820122 899 
5821021 3 
5821024 6606 
5827630 144 
5827774 55 
5827829 5 
5827834 1 
5827835 3288 
5831123 144 
5831267 55 
5831322 21 
5831343 8 
5831351 3 
5831354 1 
5831355 3273 
5834628 8 
5834636 1 
5834637 3288 
5837925 233 
5838158 89 
5838247 34 
5838281 8 
5838289 1 
5838290 27758 
5866048 2157 
5868205 144 
5868349 2 
5868351 14499 
5882850 2701 
5885551 144 
5885695 55 
5885750 8 
5885758 2 
5885760 19037 
5904797 4625 
5909422 577 
5909999 89 
5910088 13 
5910101 1 
5910102 6878 
5916980 1085 
5918065 577 
5918642 2 
5918644 19037 
5937681 1085 
5938766 55 
5938821 8 
5938829 3 
5938832 4625 
5943457 144 
5943601 8 
5943609 3 
5943612 42978 
5986590 4502 
5991092 55 
5991147 21 
5991168 8 
5991176 3 
5991179 1 
5991180 14499 
6005679 1085 
6006764 577 
6007341 34 
6007375 3 
6007378 2657 
6010035 8 
6010043 2 
6010045 14499 
6024544 377 
6024921 89 
6025010 21 
6025031 3 
6025034 5710 
6030744 144 
6030888 21 
6030909 5 
6030914 2 
6030916 1085 
6032001 89 
6032090 34 
6032124 13 
6032137 1 
6032138 2934 
6035072 8 
6035080 3 
6035083 7252 
6042335 577 
6042912 144 
6043056 55 
6043111 8 
6043119 2 
6043121 19037 
6062158 5710 
6067868 34 
6067902 4625 
6072527 948 
6073475 55 
6073530 21 
6073551 5 
6073556 6878 
6080434 89 
6080523 34 
6080557 13 
6080570 5 
6080575 1 
6080576 14499 
6095075 3019 
6098094 89 
6098183 34 
6098217 8 
6098225 3 
6098228 4269 
6102497 13 
6102510 3 
6102513 1 
6102514 19037 
6121551 4502 
6126053 55 
6126108 21 
6126129 8 
6126137 3 
6126140 1 
6126141 4257 
6130398 2 
6130400 7252 
6137652 1085 
6138737 377 
6139114 89 
6139203 21 
6139224 3 
6139227 1 
6139228 6878 
6146106 144 
6146250 55 
6146305 21 
6146326 1085 
6147411 577 
6147988 55 
6148043 21 
6148064 1 
6148065 1071 
6149136 5 
6149141 2534 
6151675 21 
6151696 8 
6151704 3 
6151707 1 
6151708 14499 
6166207 3288 
6169495 233 
6169728 89 
6169817 34 
6169851 13 
6169864 5 
6169869 7252 
6177121 4625 
6181746 948 
6182694 34 
6182728 13 
6182741 3 
6182744 1 
6182745 577 
6183322 55 
6183377 21 
6183398 5 
6183403 2 
6183405 7252 
6190657 1085 
6191742 377 
6192119 34 
6192153 13 
6192166 7252 
6199418 3019 
6202437 89 
6202526 21 
6202547 3 
6202550 1 
6202551 14499 
6217050 948 
6217998 34 
6218032 8 
6218040 2 
6218042 7252 
6225294 1085 
6226379 810 
6227189 21 
6227210 5 
6227215 1 
6227216 1085 
6228301 577 
6228878 89 
6228967 13 
6228980 3 
6228983 1 
6228984 1085 
6230069 7252 
6237321 3288 
6240609 577 
6241186 89 
6241275 8 
6241283 3 
6241286 27758 
6269044 3288 
6272332 577 
6272909 144 
6273053 34 
6273087 8 
6273095 2 
6273097 14499 
6287596 3288 
6290884 377 
6291261 89 
6291350 21 
6291371 8 
6291379 3 
6291382 1 
6291383 7252 
6298635 2157 
6300792 233 
6301025 89 
6301114 34 
6301148 8 
6301156 2 
6301158 2673 
6303831 3 
6303834 1 
6303835 7111 
6310946 55 
6311001 21 
6311022 8 
6311030 1 
6311031 19037 
6330068 3288 
6333356 55 
6333411 21 
6333432 3019 
6336451 144 
6336595 13 
6336608 5 
6336613 14499 
6351112 1085 
6352197 377 
6352574 34 
6352608 8 
6352616 3 
6352619 5710 
6358329 577 
6358906 55 
6358961 13 
6358974 5 
6358979 1 
6358980 3288 
6362268 577 
6362845 144 
6362989 34 
6363023 5 
6363028 1 
6363029 5710 
6368739 577 
6369316 8 
6369324 3 
6369327 1 
6369328 1085 
6370413 521 
6370934 34 
6370968 5 
6370973 3288 
6374261 233 
6374494 89 
6374583 34 
6374617 3 
6374620 4591 
6379211 21 
6379232 3 
6379235 7252 
6386487 1085 
6387572 377 
6387949 55 
6388004 21 
6388025 8 
6388033 3 
6388036 19037 
6407073 4625 
6411698 377 
6412075 34 
6412109 13 
6412122 3 
6412125 1 
6412126 7252 
6419378 1085 
6420463 1037 
6421500 1 
6421501 1085 
6422586 377 
6422963 89 
6423052 34 
6423086 13 
6423099 3 
6423102 6878 
6429980 34 
6430014 8 
6430022 2 
6430024 5710 
6435734 577 
6436311 21 
6436332 5 
6436337 1 
6436338 7252 
6443590 1037 
6444627 13 
6444640 4269 
6448909 89 
6448998 34 
6449032 2 
6449034 4625 
6453659 577 
6454236 144 
6454380 55 
6454435 21 
6454456 8 
6454464 3 
6454467 26289 
6480756 144 
6480900 21 
6480921 8 
6480929 1 
6480930 14499 
6495429 233 
6495662 55 
6495717 5 
6495722 7252 
6502974 3288 
6506262 233 
6506495 89 
6506584 21 
6506605 8 
6506613 1 
6506614 2157 
6508771 144 
6508915 13 
6508928 5 
6508933 1 
6508934 4591 
6513525 21 
6513546 8 
6513554 1 
6513555 19037 
6532592 3288 
6535880 144 
6536024 55 
6536079 7252 
6543331 2701 
6546032 144 
6546176 55 
6546231 4269 
6550500 144 
6550644 55 
6550699 8 
6550707 1 
6550708 14499 
6565207 2157 
6567364 144 
6567508 34 
6567542 13 
6567555 7252 
6574807 1085 
6575892 521 
6576413 13 
6576426 3 
6576429 19037 
6595466 2701 
6598167 34 
6598201 5 
6598206 1 
6598207 7252 
6605459 3288 
6608747 55 
6608802 3 
6608805 1085 
6609890 55 
6609945 21 
6609966 8 
6609974 2 
6609976 7252 
6617228 1085 
6618313 933 
6619246 2 
6619248 7252 
6626500 4269 
6630769 144 
6630913 8 
6630921 1 
6630922 3019 
6633941 144 
6634085 55 
6634140 21 
6634161 5 
6634166 8 
6634174 7252 
6641426 577 
6642003 144 
6642147 34 
6642181 13 
6642194 7252 
6649446 2701 
6652147 144 
6652291 34 
6652325 8 
6652333 3 
6652336 1 
6652337 6878 
6659215 144 
6659359 55 
6659414 13 
6659427 5 
6659432 2 
6659434 89 
6659523 21 
6659544 5 
6659549 1 
6659550 7252 
6666802 2989 
6669791 13 
6669804 5 
6669809 1 
6669810 7252 
6677062 1085 
6678147 377 
6678524 8 
6678532 3 
6678535 1 
6678536 14499 
6693035 2157 
6695192 144 
6695336 34 
6695370 13 
6695383 2 
6695385 948 
6696333 55 
6696388 5 
6696393 2 
6696395 3288 
6699683 577 
6700260 89 
6700349 13 
6700362 1 
6700363 2534 
6702897 5 
6702902 7252 
6710154 577 
6710731 144 
6710875 21 
6710896 5 
6710901 1 
6710902 19037 
6729939 5710 
6735649 144 
6735793 55 
6735848 13 
6735861 5 
6735866 5710 
6741576 577 
6742153 144 
6742297 55 
6742352 13 
6742365 2 
6742367 27758 
6770125 7252 
6777377 6520 
6783897 21 
6783918 8 
6783926 2 
6783928 7252 
6791180 1085 
6792265 521 
6792786 34 
6792820 13 
6792833 3 
6792836 1 
6792837 14499 
6807336 3288 
6810624 233 
6810857 13 
6810870 5 
6810875 2 
6810877 3019 
6813896 55 
6813951 21 
6813972 8 
6813980 3 
6813983 2157 
6816140 89 
6816229 8 
6816237 1 
6816238 3019 
6819257 144 
6819401 55 
6819456 21 
6819477 14499 
6833976 4269 
6838245 21 
6838266 3 
6838269 14499 
6852768 1085 
6853853 377 
6854230 55 
6854285 21 
6854306 5 
6854311 2 
6854313 42257 
6896570 13 
6896583 1 
6896584 3288 
6899872 577 
6900449 21 
6900470 3 
6900473 1 
6900474 7252 
6907726 89 
6907815 13 
6907828 5710 
6913538 577 
6914115 55 
6914170 21 
6914191 5 
6914196 14499 
6928695 3288 
6931983 144 
6932127 8 
6932135 3 
6932138 1 
6932139 1085 
6933224 810 
6934034 34 
6934068 13 
6934081 1 
6934082 42978 
6977060 7252 
6984312 1085 
6985397 899 
6986296 21 
6986317 3 
6986320 42834 
7029154 55 
7029209 13 
7029222 7252 
7036474 2701 
7039175 144 
7039319 55 
7039374 21 
7039395 5 
7039400 1 
7039401 577 
7039978 89 
7040067 13 
7040080 2 
7040082 3019 
7043101 7252 
7050353 3273 
7053626 3 
7053629 1 
7053630 3288 
7056918 577 
7057495 34 
7057529 5 
7057534 14499 
7072033 233 
7072266 34 
7072300 3 
7072303 1 
7072304 6878 
7079182 144 
7079326 5 
7079331 2157 
7081488 34 
7081522 13 
7081535 3 
7081538 2701 
7084239 89 
7084328 21 
7084349 1 
7084350 7252 
7091602 4625 
7096227 1037 
7097264 21 
7097285 8 
7097293 2 
7097295 3 
7097298 1 
7097299 14499 
7111798 1085 
7112883 521 
7113404 34 
7113438 5 
7113443 2 
7113445 14499 
7127944 810 
7128754 34 
7128788 13 
7128801 3 
7128804 1 
7128805 3288 
7132093 233 
7132326 13 
7132339 3 
7132342 577 
7132919 89 
7133008 21 
7133029 5 
7133034 2 
7133036 7252 
7140288 4625 
7144913 89 
7145002 13 
7145015 3 
7145018 1 
7145019 14499 
7159518 1085 
7160603 946 
7161549 7252 
7168801 3019 
7171820 8 
7171828 3 
7171831 1085 
7172916 377 
7173293 89 
7173382 34 
7173416 3 
7173419 1 
7173420 2701 
7176121 14499 
7190620 1085 
7191705 577 
7192282 89 
7192371 21 
7192392 5 
7192397 7252 
7199649 3288 
7202937 144 
7203081 13 
7203094 3 
7203097 4625 
7207722 144 
7207866 13 
7207879 5 
7207884 1085 
7208969 55 
7209024 21 
7209045 8 
7209053 3 
7209056 42978 
7252034 4625 
7256659 144 
7256803 21 
7256824 5 
7256829 2 
7256831 14499 
7271330 3019 
7274349 89 
7274438 21 
7274459 5 
7274464 2 
7274466 3288 
7277754 521 
7278275 13 
7278288 5 
7278293 7252 
7285545 3019 
7288564 144 
7288708 55 
7288763 13 
7288776 5 
7288781 1085 
7289866 577 
7290443 13 
7290456 5 
7290461 1 
7290462 14499 
7304961 3288 
7308249 577 
7308826 89 
7308915 13 
7308928 3288 
7312216 577 
7312793 55 
7312848 21 
7312869 8 
7312877 3 
7312880 6878 
7319758 144 
7319902 8 
7319910 1085 
7320995 233 
7321228 55 
7321283 13 
7321296 5 
7321301 2 
7321303 377 
7321680 55 
7321735 7252 
7328987 2701 
7331688 21 
7331709 1 
7331710 1085 
7332795 233 
7333028 34 
7333062 8 
7333070 3 
7333073 2673 
7335746 2 
7335748 3288 
7339036 144 
7339180 55 
7339235 8 
7339243 3 
7339246 1 
7339247 42978 
7382225 1085 
7383310 946 
7384256 1 
7384257 7252 
7391509 577 
7392086 55 
7392141 21 
7392162 2 
7392164 19037 
7411201 233 
7411434 34 
7411468 5 
7411473 1 
7411474 948 
7412422 13 
7412435 3 
7412438 3288 
7415726 233 
7415959 55 
7416014 3 
7416017 1 
7416018 42978 
7458996 7252 
7466248 3288 
7469536 577 
7470113 34 
7470147 13 
7470160 3 
7470163 1085 
7471248 948 
7472196 13 
7472209 3 
7472212 1 
7472213 34 
7472247 1 
7472248 7252 
7479500 1085 
7480585 948 
7481533 55 
7481588 13 
7481601 5 
7481606 2 
7481608 2157 
7483765 13 
7483778 1 
7483779 4625 
7488404 4625 
7493029 377 
7493406 89 
7493495 21 
7493516 5 
7493521 2 
7493523 14499 
7508022 2157 
7510179 55 
7510234 21 
7510255 4625 
7514880 1037 
7515917 21 
7515938 2 
7515940 14499 
7530439 2701 
7533140 89 
7533229 8 
7533237 4625 
7537862 233 
7538095 1 
7538096 14499 
7552595 1085 
7553680 810 
7554490 34 
7554524 5 
7554529 7252 
7561781 1085 
7562866 948 
7563814 34 
7563848 13 
7563861 5 
7563866 14499 
7578365 233 
7578598 34 
7578632 13 
7578645 2 
7578647 4269 
7582916 89 
7583005 5 
7583010 1 
7583011 577 
7583588 21 
7583609 8 
7583617 1 
7583618 7252 
7590870 4625 
7595495 377 
7595872 55 
7595927 13 
7595940 19037 
7614977 2701 
7617678 55 
7617733 8 
7617741 1 
7617742 7252 
7624994 2701 
7627695 55 
7627750 21 
7627771 8 
7627779 3019 
7630798 144 
7630942 34 
7630976 13 
7630989 3 
7630992 1 
7630993 3288 
7634281 55 
7634336 5 
7634341 2 
7634343 377 
7634720 89 
7634809 34 
7634843 13 
7634856 1 
7634857 7252 
7642109 577 
7642686 144 
7642830 55 
7642885 21 
7642906 8 
7642914 7252 
7650166 377 
7650543 55 
7650598 21 
7650619 8 
7650627 3 
7650630 7252 
7657882 5710 
7663592 233 
7663825 89 
7663914 34 
7663948 13 
7663961 3 
7663964 1085 
7665049 377 
7665426 55 
7665481 5 
7665486 1 
7665487 1085 
7666572 577 
7667149 34 
7667183 8 
7667191 1 
7667192 7252 
7674444 2157 
7676601 233 
7676834 3 
7676837 1 
7676838 7252 
7684090 2694 
7686784 3 
7686787 27758 
7714545 4269 
7718814 89 
7718903 8 
7718911 1085 
7719996 521 
7720517 1 
7720518 6606 
7727124 55 
7727179 8 
7727187 2 
7727189 4269 
7731458 34 
7731492 13 
7731505 1 
7731506 5710 
7737216 577 
7737793 2 
7737795 7252 
7745047 1085 
7746132 233 
7746365 89 
7746454 21 
7746475 5 
7746480 1 
7746481 810 
7747291 34 
7747325 8 
7747333 3 
7747336 7252 
7754588 3252 
7757840 13 
7757853 5710 
7763563 89 
7763652 34 
7763686 8 
7763694 3 
7763697 1 
7763698 7111 
7770809 55 
7770864 13 
7770877 5 
7770882 7252 
7778134 3288 
7781422 521 
7781943 21 
7781964 2 
7781966 577 
7782543 144 
7782687 55 
7782742 5 
7782747 2 
7782749 7252 
7790001 810 
7790811 13 
7790824 3 
7790827 4625 
7795452 810 
7796262 34 
7796296 13 
7796309 1 
7796310 1085 
7797395 89 
7797484 21 
7797505 8 
7797513 2 
7797515 19037 
7816552 2157 
7818709 89 
7818798 34 
7818832 13 
7818845 3 
7818848 1 
7818849 27758 
7846607 1085 
7847692 948 
7848640 34 
7848674 14499 
7863173 2701 
7865874 144 
7866018 55 
7866073 21 
7866094 8 
7866102 2 
7866104 4625 
7870729 144 
7870873 34 
7870907 2 
7870909 42978 
7913887 7252 
7921139 4625 
7925764 577 
7926341 21 
7926362 5 
7926367 1 
7926368 577 
7926945 55 
7927000 21 
7927021 8 
7927029 2 
7927031 144 
7927175 34 
7927209 5 
7927214 1 
7927215 3288 
7930503 55 
7930558 21 
7930579 8 
7930587 3 
7930590 7252 
7937842 5710 
7943552 13 
7943565 1 
7943566 14499 
7958065 1085 
7959150 144 
7959294 21 
7959315 3 
7959318 14499 
7973817 377 
7974194 55 
7974249 8 
7974257 2 
7974259 4625 
7978884 55 
7978939 8 
7978947 2 
7978949 6878 
7985827 55 
7985882 21 
7985903 2 
7985905 144 
7986049 21 
7986070 5 
7986075 1085 
7987160 89 
7987249 21 
7987270 5 
7987275 19037 
8006312 4625 
8010937 144 
8011081 55 
8011136 7252 
8018388 2701 
8021089 34 
8021123 1 
8021124 7252 
8028376 521 
8028897 3 
8028900 1 
8028901 2534 
8031435 5 
8031440 2 
8031442 62015 
8093457 233 
8093690 89 
8093779 13 
8093792 2 
8093794 5710 
8099504 144 
8099648 5 
8099653 1 
8099654 7111 
8106765 5 
8106770 2 
8106772 577 
8107349 89 
8107438 21 
8107459 3 
8107462 1 
8107463 5710 
8113173 377 
8113550 34 
8113584 3 
8113587 899 
8114486 1085 
8115571 233 
8115804 89 
8115893 13 
8115906 3 
8115909 1 
8115910 7252 
8123162 5710 
8128872 55 
8128927 13 
8128940 5 
8128945 4625 
8133570 377 
8133947 89 
8134036 21 
8134057 577 
8134634 21 
8134655 5 
8134660 2 
8134662 4625 
8139287 899 
8140186 13 
8140199 1 
8140200 14499 
8154699 3019 
8157718 89 
8157807 34 
8157841 13 
8157854 3 
8157857 1 
8157858 14499 
8172357 233 
8172590 89 
8172679 21 
8172700 7252 
8179952 4625 
8184577 377 
8184954 34 
8184988 3 
8184991 1 
8184992 1085 
8186077 377 
8186454 89 
8186543 34 
8186577 5 
8186582 1 
8186583 27758 
8214341 1085 
8215426 377 
8215803 21 
8215824 8 
8215832 3 
8215835 14499 
8230334 1085 
8231419 233 
8231652 3 
8231655 1 
8231656 14499 
8246155 948 
8247103 34 
8247137 5 
8247142 7252 
8254394 3288 
8257682 377 
8258059 34 
8258093 3 
8258096 1 
8258097 1085 
8259182 34 
8259216 13 
8259229 5 
8259234 1 
8259235 14499 
8273734 2157 
8275891 89 
8275980 34 
8276014 8 
8276022 3 
8276025 1 
8276026 7252 
8283278 2534 
8285812 34 
8285846 13 
8285859 2 
8285861 2534 
8288395 55 
8288450 13 
8288463 3 
8288466 7252 
8295718 1085 
8296803 377 
8297180 8 
8297188 1 
8297189 4625 
8301814 1037 
8302851 1 
8302852 14499 
8317351 4269 
8321620 144 
8321764 13 
8321777 1 
8321778 144 
8321922 34 
8321956 13 
8321969 5 
8321974 4625 
8326599 577 
8327176 55 
8327231 2 
8327233 27758 
8354991 7252 
8362243 3019 
8365262 144 
8365406 34 
8365440 13 
8365453 7252 
8372705 1037 
8373742 13 
8373755 3 
8373758 42257 
8416015 377 
8416392 13 
8416405 5 
8416410 1 
8416411 42978 
8459389 4625 
8464014 1037 
8465051 3 
8465054 1085 
8466139 521 
8466660 21 
8466681 8 
8466689 1 
8466690 1085 
8467775 233 
8468008 34 
8468042 13 
8468055 5 
8468060 89 
8468149 8 
8468157 2 
8468159 7252 
8475411 577 
8475988 21 
8476009 3 
8476012 26289 
8502301 577 
8502878 144 
8503022 2 
8503024 7252 
8510276 4625 
8514901 144 
8515045 34 
8515079 5 
8515084 1085 
8516169 377 
8516546 5 
8516551 7252 
8523803 4269 
8528072 144 
8528216 34 
8528250 3 
8528253 1 
8528254 7252 
8535506 521 
8536027 8 
8536035 3 
8536038 577 
8536615 3 
8536618 1 
8536619 7252 
8543871 1085 
8544956 13 
8544969 3 
8544972 1 
8544973 1085 
8546058 899 
8546957 13 
8546970 27758 
8574728 1085 
8575813 233 
8576046 21 
8576067 2 
8576069 1085 
8577154 1037 
8578191 21 
8578212 1 
8578213 4502 
8582715 55 
8582770 21 
8582791 3 
8582794 1085 
8583879 577 
8584456 8 
8584464 1 
8584465 2157 
8586622 144 
8586766 55 
8586821 13 
8586834 5 
8586839 2 
8586841 4625 
8591466 1037 
8592503 13 
8592516 3 
8592519 6520 
8599039 2 
8599041 2534 
8601575 13 
8601588 14499 
8616087 3019 
8619106 55 
8619161 8 
8619169 3 
8619172 1 
8619173 2534 
8621707 34 
8621741 5 
8621746 7252 
8628998 3288 
8632286 521 
8632807 13 
8632820 1 
8632821 7252 
8640073 4625 
8644698 521 
8645219 34 
8645253 5 
8645258 2 
8645260 144 
8645404 34 
8645438 13 
8645451 3 
8645454 933 
8646387 8 
8646395 2 
8646397 19037 
8665434 3288 
8668722 577 
8669299 144 
8669443 55 
8669498 2 
8669500 7252 
8676752 2701 
8679453 89 
8679542 2 
8679544 6606 
8686150 144 
8686294 55 
8686349 13 
8686362 14499 
8700861 3288 
8704149 933 
8705082 8 
8705090 948 
8706038 8 
8706046 1 
8706047 5710 
8711757 144 
8711901 34 
8711935 13 
8711948 5 
8711953 1 
8711954 4269 
8716223 89 
8716312 13 
8716325 5 
8716330 1 
8716331 4269 
8720600 34 
8720634 1 
8720635 7252 
8727887 3288 
8731175 577 
8731752 3 
8731755 7252 
8739007 1085 
8740092 8 
8740100 577 
8740677 144 
8740821 55 
8740876 21 
8740897 8 
8740905 3 
8740908 7252 
8748160 1085 
8749245 377 
8749622 89 
8749711 21 
8749732 8 
8749740 3 
8749743 1 
8749744 3288 
8753032 233 
8753265 89 
8753354 21 
8753375 5 
8753380 1 
8753381 7252 
8760633 577 
8761210 144 
8761354 2 
8761356 89 
8761445 1 
8761446 7252 
8768698 1085 
8769783 810 
8770593 55 
8770648 21 
8770669 2 
8770671 27758 
8798429 7252 
8805681 3288 
8808969 577 
8809546 144 
8809690 55 
8809745 5 
8809750 4269 
8814019 89 
8814108 34 
8814142 13 
8814155 2 
8814157 2701 
8816858 13 
8816871 1 
8816872 7252 
8824124 1085 
8825209 899 
8826108 21 
8826129 5 
8826134 2 
8826136 948 
8827084 55 
8827139 13 
8827152 5 
8827157 1 
8827158 4625 
8831783 1071 
8832854 8 
8832862 1 
8832863 19037 
8851900 89 
8851989 34 
8852023 13 
8852036 5 
8852041 521 
8852562 34 
8852596 5 
8852601 2 
8852603 7111 
8859714 34 
8859748 1 
8859749 26289 
8886038 577 
8886615 55 
8886670 13 
8886683 19037 
8905720 1085 
8906805 34 
8906839 13 
8906852 3 
8906855 1 
8906856 2623 
8909479 8 
8909487 1 
8909488 2157 
8911645 55 
8911700 21 
8911721 3 
8911724 1 
8911725 1085 
8912810 377 
8913187 34 
8913221 13 
8913234 5 
8913239 1085 
8914324 377 
8914701 89 
8914790 34 
8914824 3 
8914827 89 
8914916 34 
8914950 2 
8914952 19037 
8933989 5710 
8939699 89 
8939788 21 
8939809 8 
8939817 1 
8939818 1085 
8940903 377 
8941280 34 
8941314 13 
8941327 2 
8941329 3288 
8944617 233 
8944850 89 
8944939 13 
8944952 5 
8944957 2 
8944959 27758 
8972717 4625 
8977342 810 
8978152 55 
8978207 2 
8978209 2989 
8981198 13 
8981211 1 
8981212 577 
8981789 89 
8981878 34 
8981912 3 
8981915 1 
8981916 14499 
8996415 2157 
8998572 233 
8998805 55 
8998860 21 
8998881 8 
8998889 3 
8998892 1 
8998893 27758 
9026651 7252 
9033903 5710 
9039613 89 
9039702 21 
9039723 3 
9039726 1 
9039727 63031 
9102758 7252 
9110010 948 
9110958 34 
9110992 13 
9111005 2 
9111007 7252 
9118259 948 
9119207 13 
9119220 5 
9119225 1 
9119226 3288 
9122514 233 
9122747 55 
9122802 13 
9122815 3 
9122818 1085 
9123903 521 
9124424 8 
9124432 2 
9124434 1085 
9125519 577 
9126096 144 
9126240 55 
9126295 21 
9126316 8 
9126324 3 
9126327 4625 
9130952 55 
9131007 21 
9131028 1 
9131029 19037 
9150066 5710 
9155776 377 
9156153 89 
9156242 21 
9156263 2 
9156265 7252 
9163517 5710 
9169227 377 
9169604 89 
9169693 2157 
9171850 233 
9172083 89 
9172172 34 
9172206 1 
9172207 14499 
9186706 1085 
9187791 933 
9188724 3 
9188727 1 
9188728 7252 
9195980 4625 
9200605 233 
9200838 55 
9200893 21 
9200914 8 
9200922 3 
9200925 1085 
9202010 577 
9202587 55 
9202642 13 
9202655 3 
9202658 1 
9202659 1085 
9203744 89 
9203833 21 
9203854 3 
9203857 1 
9203858 7252 
9211110 4625 
9215735 577 
9216312 55 
9216367 1 
9216368 4269 
9220637 14499 
9235136 577 
9235713 21 
9235734 577 
9236311 1085 
9237396 233 
9237629 13 
9237642 3 
9237645 2534 
9240179 55 
9240234 5 
9240239 7252 
9247491 4625 
9252116 577 
9252693 55 
9252748 21 
9252769 5 
9252774 7252 
9260026 233 
9260259 89 
9260348 21 
9260369 5 
9260374 1 
9260375 810 
9261185 55 
9261240 21 
9261261 2 
9261263 27758 
9289021 3010 
9292031 3 
9292034 1 
9292035 4625 
9296660 377 
9297037 55 
9297092 8 
9297100 1 
9297101 27758 
9324859 7111 
9331970 13 
9331983 3 
9331986 1 
9331987 7252 
9339239 4269 
9343508 144 
9343652 21 
9343673 5 
9343678 2 
9343680 3288 
9346968 55 
9347023 21 
9347044 8 
9347052 2 
9347054 1085 
9348139 233 
9348372 89 
9348461 34 
9348495 8 
9348503 3 
9348506 4625 
9353131 377 
9353508 34 
9353542 3 
9353545 4625 
9358170 577 
9358747 144 
9358891 21 
9358912 8 
9358920 1 
9358921 42978 
9401899 6520 
9408419 13 
9408432 3 
9408435 7252 
9415687 4625 
9420312 577 
9420889 144 
9421033 34 
9421067 13 
9421080 3 
9421083 1 
9421084 3288 
9424372 233 
9424605 55 
9424660 8 
9424668 3 
9424671 2701 
9427372 144 
9427516 5 
9427521 2 
9427523 7252 
9434775 4269 
9439044 144 
9439188 55 
9439243 21 
9439264 5 
9439269 1 
9439270 2623 
9441893 21 
9441914 1 
9441915 3273 
9445188 8 
9445196 2 
9445198 4625 
9449823 948 
9450771 8 
9450779 3288 
9454067 521 
9454588 13 
9454601 2 
9454603 4625 
9459228 948 
9460176 13 
9460189 3 
9460192 27758 
9487950 5710 
9493660 521 
9494181 34 
9494215 8 
9494223 3 
9494226 577 
9494803 144 
9494947 34 
9494981 13 
9494994 5 
9494999 7252 
9502251 1085 
9503336 577 
9503913 21 
9503934 5 
9503939 1 
9503940 577 
9504517 144 
9504661 13 
9504674 577 
9505251 144 
9505395 34 
9505429 5 
9505434 3288 
9508722 13 
9508735 2 
9508737 4625 
9513362 577 
9513939 144 
9514083 55 
9514138 21 
9514159 3 
9514162 4625 
9518787 144 
9518931 55 
9518986 13 
9518999 3 
9519002 19037 
9538039 6878 
9544917 21 
9544938 5 
9544943 2 
9544945 4625 
9549570 576 
9550146 14499 
9564645 2157 
9566802 8 
9566810 3 
9566813 1085 
9567898 577 
9568475 89 
9568564 5 
9568569 1 
9568570 19037 
9587607 3288 
9590895 377 
9591272 55 
9591327 7252 
9598579 4625 
9603204 144 
9603348 34 
9603382 13 
9603395 1085 
9604480 377 
9604857 89 
9604946 34 
9604980 13 
9604993 3 
9604996 1 
9604997 1037 
9606034 8 
9606042 2 
9606044 19037 
9625081 3288 
9628369 377 
9628746 89 
9628835 21 
9628856 8 
9628864 1 
9628865 7252 
9636117 2157 
9638274 233 
9638507 89 
9638596 34 
9638630 8 
9638638 1 
9638639 6606 
9645245 14499 
9659744 2989 
9662733 8 
9662741 3 
9662744 26289 
9689033 233 
9689266 55 
9689321 8 
9689329 2 
9689331 7252 
9696583 1085 
9697668 810 
9698478 3 
9698481 1 
9698482 1071 
9699553 8 
9699561 1 
9699562 7252 
9706814 2701 
9709515 55 
9709570 8 
9709578 4625 
9714203 55 
9714258 2 
9714260 14499 
9728759 3288 
9732047 144 
9732191 13 
9732204 1 
9732205 19037 
9751242 4625 
9755867 144 
9756011 55 
9756066 13 
9756079 3 
9756082 1 
9756083 7252 
9763335 2701 
9766036 89 
9766125 3 
9766128 1 
9766129 27758 
9793887 577 
9794464 144 
9794608 13 
9794621 7111 
9801732 55 
9801787 21 
9801808 8 
9801816 3 
9801819 7252 
9809071 13 
9809084 5 
9809089 2 
9809091 3288 
9812379 521 
9812900 34 
9812934 1 
9812935 14499 
9827434 89 
9827523 34 
9827557 8 
9827565 1 
9827566 26289 
9853855 577 
9854432 55 
9854487 21 
9854508 5 
9854513 14499 
9869012 3288 
9872300 810 
9873110 21 
9873131 3 
9873134 1 
9873135 19037 
9892172 3288 
9895460 577 
9896037 34 
9896071 8 
9896079 3 
9896082 577 
9896659 4625 
9901284 233 
9901517 34 
9901551 13 
9901564 5 
9901569 19037 
9920606 3288 
9923894 810 
9924704 55 
9924759 8 
9924767 2 
9924769 3288 
9928057 810 
9928867 34 
9928901 5 
9928906 4502 
9933408 55 
9933463 21 
9933484 8 
9933492 3288 
9936780 34 
9936814 8 
9936822 3 
9936825 7252 
9944077 2673 
9946750 13 
9946763 2 
9946765 7252 
9954017 1085 
9955102 948 
9956050 21 
9956071 233 
9956304 55 
9956359 21 
9956380 1 
9956381 3273 
9959654 2534 
9962188 21 
9962209 8 
9962217 7252 
9969469 3288 
9972757 377 
9973134 55 
9973189 21 
9973210 8 
9973218 3 
9973221 6606 
9979827 89 
9979916 5 
9979921 2 
9979923 7252 
9987175 5710 
9992885 377 
9993262 5 
9993267 1 
