4617
1 1 
2 1 
3 1 
4 3 
7 1 
8 3 
11 8 
19 3 
22 11 
33 22 
55 11 
66 2 
68 1 
69 68 
137 2 
139 3 
142 11 
153 4 
157 2 
159 2 
161 8 
169 1 
170 8 
178 33 
211 11 
222 4 
226 1 
227 159 
386 68 
454 1 
455 170 
625 8 
633 625 
1258 11 
1269 55 
1324 3 
1327 2 
1329 66 
1395 1 
1396 69 
1465 22 
1487 1 
1488 2 
1490 69 
1559 633 
2192 227 
2419 69 
2488 22 
2510 4 
2514 2 
2516 142 
2658 7 
2665 227 
2892 69 
2961 8 
2969 2 
2971 633 
3604 386 
3990 55 
4045 8 
4053 1 
4054 1559 
5613 1 
5614 227 
5841 55 
5896 3 
5899 170 
6069 2514 
8583 1 
8584 1 
8585 1324 
9909 2 
9911 69 
9980 157 
10137 1 
10138 6069 
16207 633 
16840 227 
17067 69 
17136 33 
17169 625 
17794 633 
18427 159 
18586 4054 
22640 633 
23273 69 
23342 66 
23408 633 
24041 455 
24496 159 
24655 8585 
33240 69 
33309 8 
33317 2 
33319 178 
33497 455 
33952 2 
33954 161 
34115 7 
34122 8585 
42707 633 
43340 455 
43795 68 
43863 10138 
54001 4054 
58055 69 
58124 22 
58146 4 
58150 2 
58152 69 
58221 6069 
64290 2419 
66709 22 
66731 4 
66735 1 
66736 8585 
75321 24655 
99976 633 
100609 227 
100836 22 
100858 159 
101017 33952 
134969 1269 
136238 34122 
170360 5614 
175974 178 
176152 22 
176174 4 
176178 1 
176179 9980 
186159 43863 
230022 6069 
236091 633 
236724 455 
237179 69 
237248 7 
237255 33954 
271209 136238 
407447 10138 
417585 5614 
423199 211 
423410 4 
423414 2 
423416 18586 
442002 10138 
452140 4054 
456194 633 
456827 455 
457282 69 
457351 11 
457362 4 
457366 33497 
490863 6069 
496932 271209 
768141 101017 
869158 10138 
879296 1465 
880761 19 
880780 2 
880782 8585 
889367 24655 
914022 69 
914091 8 
914099 2 
914101 170 
914271 5899 
920170 24655 
944825 2971 
947796 386 
948182 33 
948215 8 
948223 2 
948225 100858 
1049083 43863 
1092946 170 
1093116 161 
1093277 186159 
1279436 24655 
1304091 4054 
1308145 227 
1308372 69 
1308441 33 
1308474 8 
1308482 2 
1308484 496932 
1805416 58221 
1863637 4054 
1867691 633 
1868324 69 
1868393 2 
1868395 271209 
2139604 2516 
2142120 69 
2142189 8 
2142197 2 
2142199 43863 
2186062 227 
2186289 69 
2186358 33 
2186391 2 
2186393 101017 
2287410 4054 
2291464 227 
2291691 69 
2291760 33 
2291793 11 
2291804 7 
2291811 137 
2291948 1308484 
3600432 452140 
4052572 1559 
4054131 455 
4054586 33 
4054619 8 
4054627 2291811 
6346438 5613 
6352051 271209 
6623260 237255 
6860515 34122 
6894637 24041 
6918678 55 
6918733 3 
6918736 496932 
7415668 24655 
7440323 4054 
7444377 455 
7444832 161 
7444993 4 
7444997 1092946 
8537943 5613 
8543556 633 
8544189 4054627 
12598816 1308484 
13907300 456194 
14363494 227 
14363721 11 
14363732 1 
14363733 1396 
14365129 3 
14365132 55 
14365187 8 
14365195 2139604 
16504799 633 
16505432 455 
16505887 33 
16505920 11 
16505931 1 
16505932 8544189 
25050121 625 
25050746 271209 
25321955 3600432 
28922387 176179 
29098566 6069 
29104635 69 
29104704 33 
29104737 11 
29104748 5614 
29110362 1258 
29111620 186159 
29297779 22 
29297801 1 
29297802 7444993 
36742795 3 
36742798 8585 
36751383 1258 
36752641 12598816 
49351457 948225 
50299682 66736 
50366418 6069 
50372487 211 
50372698 3 
50372701 633 
50373334 1269 
50374603 7444997 
57819600 271209 
58090809 101017 
58191826 23273 
58215099 11 
58215110 16505932 
74721042 4054627 
78775669 496932 
79272601 186159 
79458760 18586 
79477346 633 
79477979 69 
79478048 33 
79478081 1 
79478082 186159 
79664241 6069 
79670310 633 
79670943 178 
79671121 11 
79671132 4 
79671136 914101 
80585237 25050121 
105635358 2665 
105638023 1868395 
107506418 1868395 
109374813 170360 
109545173 2516 
109547689 69 
109547758 1 
109547759 4054627 
113602386 1093277 
114695663 101017 
114796680 4054 
114800734 227 
114800961 69 
114801030 33 
114801063 11 
114801074 7 
114801081 17169 
114818250 18586 
114836836 4054627 
118891463 1093277 
119984740 16840 
120001580 170 
120001750 4 
120001754 2 
120001756 1329 
120003085 23273 
120026358 33 
120026391 19 
120026410 1 
120026411 1049083 
121075494 18586 
121094080 2192 
121096272 69 
121096341 19 
121096360 2 
121096362 17794 
121114156 457366 
121571522 10138 
121581660 4054 
121585714 1490 
121587204 19 
121587223 2 
121587225 17794 
121605019 186159 
121791178 1093277 
122884455 75321 
122959776 2971 
122962747 455 
122963202 55 
122963257 8 
122963265 2 
122963267 3600432 
126563699 271209 
126834908 58221 
126893129 4054 
126897183 455 
126897638 69 
126897707 11 
126897718 4 
126897722 4054 
126901776 7444997 
134346773 43863 
134390636 633 
134391269 227 
134391496 33 
134391529 11 
134391540 3 
134391543 2665 
134394208 23408 
134417616 4054627 
138472243 1308484 
139780727 75321 
139856048 10138 
139866186 1559 
139867745 625 
139868370 1 
139868371 3600432 
143468803 423416 
143892219 10138 
143902357 2971 
143905328 455 
143905783 33 
143905816 11 
143905827 2 
143905829 8 
143905837 1093277 
144999114 75321 
145074435 2665 
145077100 55 
145077155 2 
145077157 880782 
145957939 1490 
145959429 54001 
146013430 2665 
146016095 55 
146016150 8 
146016158 2 
146016160 948225 
146964385 75321 
147039706 10138 
147049844 633 
147050477 386 
147050863 22 
147050885 170 
147051055 3600432 
150651487 423416 
151074903 10138 
151085041 3604 
151088645 227 
151088872 69 
151088941 33 
151088974 4 
151088978 1 
151088979 920170 
152009149 69 
152009218 2516 
152011734 142 
152011876 496932 
152508808 10138 
152518946 2971 
152521917 227 
152522144 8 
152522152 2 
152522154 176179 
152698333 6623260 
159321593 101017 
159422610 18586 
159441196 2971 
159444167 161 
159444328 1 
159444329 186159 
159630488 1559 
159632047 455 
159632502 33 
159632535 496932 
160129467 186159 
160315626 42707 
160358333 69 
160358402 22 
160358424 4 
160358428 2 
160358430 1868395 
162226825 237255 
162464080 1269 
162465349 11 
162465360 1 
162465361 9980 
162475341 948225 
163423566 75321 
163498887 69 
163498956 880782 
164379738 768141 
165147879 24655 
165172534 2971 
165175505 178 
165175683 1 
165175684 271209 
165446893 6069 
165452962 633 
165453595 455 
165454050 55 
165454105 3 
165454108 58152 
165512260 271209 
165783469 6069 
165789538 1329 
165790867 33 
165790900 4 
165790904 496932 
166287836 101017 
166388853 10138 
166398991 2516 
166401507 69 
166401576 33 
166401609 11 
166401620 7 
166401627 386 
166402013 43863 
166445876 8585 
166454461 633 
166455094 22 
166455116 4 
166455120 1093277 
167548397 101017 
167649414 8585 
167657999 1269 
167659268 22 
167659290 8 
167659298 1 
167659299 948225 
168607524 33954 
168641478 33 
168641511 2 
168641513 10138 
168651651 2291948 
170943599 496932 
171440531 136238 
171576769 24655 
171601424 1559 
171602983 33 
171603016 8 
171603024 2291948 
173894972 271209 
174166181 18586 
174184767 2665 
174187432 69 
174187501 11 
174187512 7 
174187519 1868395 
176055914 136238 
176192152 10138 
176202290 633 
176202923 455 
176203378 69 
176203447 33 
176203480 8 
176203488 2186393 
178389881 2516 
178392397 1092946 
179485343 1093277 
180578620 66736 
180645356 2971 
180648327 227 
180648554 69 
180648623 4 
180648627 457366 
181105993 10138 
181116131 455 
181116586 33 
181116619 4 
181116623 1 
181116624 1868395 
182985019 18586 
183003605 2971 
183006576 69 
183006645 55 
183006700 8 
183006708 914271 
183920979 43863 
183964842 455 
183965297 456827 
184422124 69 
184422193 11 
184422204 4 
184422208 271209 
184693417 43863 
184737280 4054 
184741334 69 
184741403 22 
184741425 4 
184741429 2 
184741431 2 
184741433 3600432 
188341865 407447 
188749312 2665 
188751977 33 
188752010 4 
188752014 2 
188752016 1308484 
190060500 66736 
190127236 5614 
190132850 142 
190132992 4 
190132996 386 
190133382 1308484 
191441866 136238 
191578104 23408 
191601512 386 
191601898 33 
191601931 11 
191601942 4 
191601946 2 
191601948 948225 
192550173 880782 
193430955 2291948 
195722903 496932 
196219835 136238 
196356073 33319 
196389392 69 
196389461 33 
196389494 23408 
196412902 1868395 
198281297 186159 
198467456 24655 
198492111 4054 
198496165 386 
198496551 33 
198496584 1 
198496585 24655 
198521240 237255 
198758495 24655 
198783150 4054 
198787204 178 
198787382 19 
198787401 2 
198787403 1308484 
200095887 271209 
200367096 101017 
200468113 2971 
200471084 142 
200471226 3 
200471229 1308484 
201779713 271209 
202050922 66736 
202117658 2971 
202120629 455 
202121084 2 
202121086 455 
202121541 33497 
202155038 66736 
202221774 178 
202221952 11 
202221963 1 
202221964 1308484 
203530448 457366 
203987814 1490 
203989304 33 
203989337 4 
203989341 1 
203989342 2291948 
206281290 136238 
206417528 18586 
206436114 2419 
206438533 33 
206438566 11 
206438577 2 
206438579 186159 
206624738 10138 
206634876 4045 
206638921 7 
206638928 1868395 
208507323 237255 
208744578 33497 
208778075 222 
208778297 1 
208778298 948225 
209726523 17169 
209743692 455 
209744147 11 
209744158 4 
209744162 1 
209744163 101017 
209845180 768141 
210613321 43863 
210657184 6069 
210663253 633 
210663886 455 
210664341 161 
210664502 1 
210664503 496932 
211161435 490863 
211652298 2291948 
213944246 136238 
214080484 2971 
214083455 455 
214083910 11 
214083921 4 
214083925 33 
214083958 33 
214083991 3600432 
217684423 176179 
217860602 1559 
217862161 211 
217862372 4 
217862376 2 
217862378 101017 
217963395 2291948 
220255343 186159 
220441502 10138 
220451640 4054 
220455694 455 
220456149 69 
220456218 55 
220456273 186159 
220642432 18586 
220661018 2665 
220663683 69 
220663752 22 
220663774 3 
220663777 271209 
220934986 66736 
221001722 633 
221002355 227 
221002582 69 
221002651 8 
221002659 2 
221002661 43863 
221046524 101017 
221147541 625 
221148166 4054627 
225202793 768141 
225970934 43863 
226014797 2665 
226017462 22 
226017484 8 
226017492 1 
226017493 1093277 
227110770 136238 
227247008 24655 
227271663 633 
227272296 386 
227272682 22 
227272704 4 
227272708 2 
227272710 1308484 
228581194 176179 
228757373 8585 
228765958 633 
228766591 386 
228766977 22 
228766999 1 
228767000 1269 
228768269 134969 
228903238 496932 
229400170 136238 
229536408 24655 
229561063 2971 
229564034 455 
229564489 22 
229564511 8 
229564519 2 
229564521 101017 
229665538 24655 
229690193 1559 
229691752 455 
229692207 142 
229692349 4 
229692353 2 
229692355 2291948 
231984303 1279436 
233263739 23342 
233287081 33 
233287114 7 
233287121 889367 
234176488 66736 
234243224 170360 
234413584 4054 
234417638 633 
234418271 227 
234418498 69 
234418567 22 
234418589 8 
234418597 1 
234418598 66 
234418664 1308484 
235727148 176179 
235903327 6069 
235909396 1559 
235910955 4 
235910959 271209 
236182168 24655 
236206823 4054 
236210877 633 
236211510 33 
236211543 11 
236211554 2 
236211556 58152 
236269708 768141 
237037849 99976 
237137825 170 
237137995 4 
237137999 2291948 
239429947 2291948 
241721895 768141 
242490036 66736 
242556772 6069 
242562841 633 
242563474 69 
242563543 55 
242563598 8 
242563606 1 
242563607 8584 
242572191 8585 
242580776 625 
242581401 271209 
242852610 101017 
242953627 2971 
242956598 8 
242956606 1 
242956607 2291948 
245248555 948225 
246196780 633 
246197413 227 
246197640 22 
246197662 33319 
246230981 170 
246231151 625 
246231776 914271 
247146047 2291948 
249437995 101017 
249539012 24655 
249563667 4054 
249567721 170 
249567891 2 
249567893 33952 
249601845 490863 
250092708 2186393 
252279101 75321 
252354422 5899 
252360321 159 
252360480 496932 
252857412 237255 
253094667 24655 
253119322 6069 
253125391 633 
253126024 386 
253126410 3 
253126413 1308484 
254434897 271209 
254706106 69 
254706175 11 
254706186 7 
254706193 2186393 
256892586 43863 
256936449 633 
256937082 227 
256937309 69 
256937378 8 
256937386 496932 
257434318 186159 
257620477 24655 
257645132 1559 
257646691 386 
257647077 11 
257647088 4 
257647092 1093277 
258740369 101017 
258841386 18586 
258859972 2192 
258862164 69 
258862233 66 
258862299 1 
258862300 442002 
259304302 2291948 
261596250 66736 
261662986 1329 
261664315 33 
261664348 8 
261664356 186159 
261850515 1396 
261851911 55 
261851966 58221 
261910187 920170 
262830357 442002 
263272359 9980 
263282339 64290 
263346629 1329 
263347958 11 
263347969 3 
263347972 4054627 
267402599 869158 
268271757 6069 
268277826 633 
268278459 69 
268278528 33 
268278561 1 
268278562 58221 
268336783 2186393 
270523176 43863 
270567039 2971 
270570010 227 
270570237 69 
270570306 66 
270570372 1 
270570373 1258 
270571631 1308484 
271880115 136238 
272016353 18586 
272034939 633 
272035572 55 
272035627 2 
272035629 457366 
272492995 24655 
272517650 6069 
272523719 178 
272523897 11 
272523908 2 
272523910 1308484 
273832394 58221 
273890615 22 
273890637 3 
273890640 68 
273890708 496932 
274387640 237255 
274624895 24655 
274649550 4054 
274653604 455 
274654059 22 
274654081 34122 
274688203 625 
274688828 4 
274688832 2 
274688834 4054627 
278743461 271209 
279014670 101017 
279115687 24655 
279140342 1258 
279141600 3 
279141603 33497 
279175100 1049083 
280224183 24655 
280248838 6069 
280254907 227 
280255134 55 
280255189 1093277 
281348466 101017 
281449483 18586 
281468069 455 
281468524 142 
281468666 4 
281468670 1 
281468671 136238 
281604909 24655 
281629564 2971 
281632535 455 
281632990 69 
281633059 55 
281633114 4 
281633118 2 
281633120 1279436 
282912556 496932 
283409488 237255 
283646743 10138 
283656881 2971 
283659852 455 
283660307 142 
283660449 4 
283660453 2 
283660455 496932 
284157387 75321 
284232708 23408 
284256116 386 
284256502 33 
284256535 4 
284256539 2186393 
286442932 75321 
286518253 10138 
286528391 5899 
286534290 19 
286534309 2 
286534311 66736 
286601047 768141 
287369188 24655 
287393843 1559 
287395402 455 
287395857 66 
287395923 2186393 
289582316 17794 
289600110 455 
289600565 69 
289600634 19 
289600653 2 
289600655 1308484 
290909139 101017 
291010156 10138 
291020294 227 
291020521 22 
291020543 4 
291020547 2 
291020549 442002 
291462551 6069 
291468620 386 
291469006 33 
291469039 11 
291469050 66736 
291535786 1868395 
293404181 237255 
293641436 17169 
293658605 69 
293658674 55 
293658729 8 
293658737 1 
293658738 9911 
293668649 879296 
294547945 159 
294548104 1 
294548105 1308484 
295856589 186159 
296042748 4054 
296046802 227 
296047029 69 
296047098 2 
296047100 101017 
296148117 17794 
296165911 222 
296166133 3 
296166136 1308484 
297474620 423416 
297898036 18427 
297916463 69 
297916532 33 
297916565 7 
297916572 69 
297916641 948225 
298864866 75321 
298940187 633 
298940820 455 
298941275 69 
298941344 33 
298941377 8 
298941385 1 
298941386 1868395 
300809781 75321 
300885102 8585 
300893687 633 
300894320 227 
300894547 157 
300894704 34122 
300928826 6069 
300934895 2419 
300937314 55 
300937369 4 
300937373 54001 
300991374 3990 
300995364 33 
300995397 4 
300995401 1093277 
302088678 101017 
302189695 6069 
302195764 633 
302196397 227 
302196624 55 
302196679 2 
302196681 2291811 
304488492 1308484 
305796976 186159 
305983135 34122 
306017257 2971 
306020228 386 
306020614 22 
306020636 4 
306020640 1308484 
307329124 186159 
307515283 34122 
307549405 633 
307550038 227 
307550265 137 
307550402 1 
307550403 1093277 
308643680 17794 
308661474 139 
308661613 633 
308662246 4054 
308666300 633 
308666933 153 
308667086 1 
308667087 633 
308667720 139 
308667859 2291948 
310959807 490863 
311450670 2665 
311453335 142 
311453477 1 
311453478 136238 
311589716 10138 
311599854 4054 
311603908 1269 
311605177 11 
311605188 3 
311605191 2291948 
313897139 496932 
314394071 75321 
314469392 17169 
314486561 455 
314487016 55 
314487071 4 
314487075 5614 
314492689 1279436 
315772125 2291948 
318064073 136238 
318200311 18586 
318218897 633 
318219530 455 
318219985 69 
318220054 66 
318220120 136238 
318356358 2971 
318359329 170 
318359499 4 
318359503 2 
318359505 2287410 
320646915 455 
320647370 33 
320647403 3 
320647406 2291948 
322939354 1093277 
324032631 101017 
324133648 10138 
324143786 4054 
324147840 633 
324148473 69 
324148542 22 
324148564 496932 
324645496 58221 
324703717 2192 
324705909 33 
324705942 1 
324705943 186159 
324892102 496932 
325389034 136238 
325525272 8585 
325533857 227 
325534084 22 
325534106 8 
325534114 1093277 
326627391 136238 
326763629 633 
326764262 33 
326764295 11 
326764306 3 
326764309 1488 
326765797 2291948 
329057745 768141 
329825886 64290 
329890176 1559 
329891735 227 
329891962 33 
329891995 3 
329891998 230022 
330122020 2516 
330124536 69 
330124605 55 
330124660 58152 
330182812 496932 
330679744 58221 
330737965 633 
330738598 386 
330738984 33 
330739017 3 
330739020 880782 
331619802 2186393 
333806195 10138 
333816333 633 
333816966 227 
333817193 4 
333817197 6069 
333823266 2291948 
336115214 136238 
336251452 18586 
336270038 2971 
336273009 386 
336273395 22 
336273417 1 
336273418 1308484 
337581902 43863 
337625765 1559 
337627324 455 
337627779 22 
337627801 8 
337627809 271209 
337899018 58221 
337957239 1559 
337958798 455 
337959253 161 
337959414 271209 
338230623 490863 
338721486 4054 
338725540 1396 
338726936 55 
338726991 8 
338726999 2 
338727001 457366 
339184367 2291948 
341476315 407447 
341883762 4054 
341887816 633 
341888449 386 
341888835 2 
341888837 457366 
342346203 633 
342346836 455 
342347291 142 
342347433 2291948 
344639381 948225 
345587606 4054 
345591660 633 
345592293 227 
345592520 69 
345592589 33 
345592622 19 
345592641 1 
345592642 137 
345592779 1559 
345594338 2291948 
347886286 496932 
348383218 34122 
348417340 4054 
348421394 633 
348422027 69 
348422096 22 
348422118 2 
348422120 43863 
348465983 8585 
348474568 633 
348475201 227 
348475428 69 
348475497 33 
348475530 4 
348475534 1308484 
349784018 423416 
350207434 5614 
350213048 55 
350213103 8 
350213111 1 
350213112 948225 
351161337 75321 
351236658 6069 
351242727 1329 
351244056 11 
351244067 4 
351244071 1 
351244072 496932 
351741004 101017 
351842021 24655 
351866676 2488 
351869164 8 
351869172 2 
351869174 457366 
352326540 24655 
352351195 6069 
352357264 227 
352357491 69 
352357560 33 
352357593 8 
352357601 2 
352357603 948225 
353305828 75321 
353381149 4054 
353385203 633 
353385836 386 
353386222 33 
353386255 11 
353386266 4 
353386270 1 
353386271 496932 
353883203 1868395 
355751598 101017 
355852615 23273 
355875888 33 
355875921 8 
355875929 18427 
355894356 34122 
355928478 1308484 
357236962 457366 
357694328 6069 
357700397 1559 
357701956 178 
357702134 3 
357702137 454 
357702591 2186393 
359888984 66736 
359955720 1559 
359957279 625 
359957904 4 
359957908 1868395 
361826303 24655 
361850958 5899 
361856857 55 
361856912 2 
361856914 1868395 
363725309 768141 
364493450 10138 
364503588 2665 
364506253 69 
364506322 1308484 
365814806 42707 
365857513 455 
365857968 69 
365858037 11 
365858048 7 
365858055 24655 
365882710 1308484 
367191194 423416 
367614610 3604 
367618214 227 
367618441 33 
367618474 442002 
368060476 8585 
368069061 33 
368069094 8 
368069102 1 
368069103 1308484 
369377587 271209 
369648796 18586 
369667382 633 
369668015 455 
369668470 69 
369668539 33 
369668572 11 
369668583 4 
369668587 1 
369668588 457366 
370125954 10138 
370136092 1559 
370137651 227 
370137878 4 
370137882 2 
370137884 496932 
370634816 75321 
370710137 5841 
370715978 22 
370716000 1 
370716001 457366 
371173367 10138 
371183505 2971 
371186476 455 
371186931 33 
371186964 3 
371186967 227 
371187194 2291948 
373479142 237255 
373716397 6069 
373722466 633 
373723099 69 
373723168 33 
373723201 11 
373723212 3 
373723215 948225 
374671440 43863 
374715303 8585 
374723888 633 
374724521 178 
374724699 22 
374724721 7 
374724728 452140 
375176868 2971 
375179839 455 
375180294 11 
375180305 4 
375180309 2 
375180311 2142199 
377322510 24655 
377347165 633 
377347798 227 
377348025 69 
377348094 55 
377348149 1 
377348150 1093277 
378441427 18586 
378460013 3604 
378463617 33 
378463650 11 
378463661 2 
378463663 176179 
378639842 1559 
378641401 69 
378641470 8 
378641478 880782 
379522260 6069 
379528329 386 
379528715 11 
379528726 4 
379528730 1 
379528731 948225 
380476956 24655 
380501611 6069 
380507680 2192 
380509872 1 
380509873 1805416 
382315289 24655 
382339944 2971 
382342915 211 
382343126 7 
382343133 496932 
382840065 75321 
382915386 5614 
382921000 33 
382921033 19 
382921052 1 
382921053 237255 
383158308 22640 
383180948 33 
383180981 1 
383180982 2186393 
385367375 75321 
385442696 2971 
385445667 386 
385446053 33 
385446086 19 
385446105 2 
385446107 1049083 
386495190 18586 
386513776 633 
386514409 455 
386514864 55 
386514919 2 
386514921 457366 
386972287 24655 
386996942 2971 
386999913 22 
386999935 4 
386999939 1049083 
388049022 22640 
388071662 625 
388072287 889367 
388961654 271209 
389232863 24655 
389257518 4054 
389261572 69 
389261641 22 
389261663 4 
389261667 1 
389261668 496932 
389758600 186159 
389944759 16207 
389960966 455 
389961421 22 
389961443 7 
389961450 2 
389961452 2658 
389964110 3600432 
393564542 237255 
393801797 6069 
393807866 633 
393808499 455 
393808954 69 
393809023 75321 
393884344 8585 
393892929 633 
393893562 227 
393893789 4 
393893793 176179 
394069972 2516 
394072488 496932 
394569420 2971 
394572391 386 
394572777 33 
394572810 11 
394572821 4 
394572825 1093277 
395666102 1308484 
396974586 186159 
397160745 18586 
397179331 69 
397179400 55 
397179455 8 
397179463 2 
397179465 2291948 
399471413 496932 
399968345 64290 
400032635 1490 
400034125 3 
400034128 178 
400034306 496932 
400531238 10138 
400541376 2971 
400544347 455 
400544802 55 
400544857 8 
400544865 2 
400544867 186159 
400731026 2291948 
403022974 457366 
403480340 24655 
403504995 1329 
403506324 33 
403506357 19 
403506376 2 
403506378 1308484 
404814862 4054 
404818916 1269 
404820185 33 
404820218 19 
404820237 2 
404820239 1329 
404821568 3600432 
408422000 18586 
408440586 2971 
408443557 227 
408443784 7 
408443791 948225 
409392016 1093277 
410485293 136238 
410621531 24655 
410646186 4054 
410650240 633 
410650873 386 
410651259 55 
410651314 8 
410651322 2 
410651324 889367 
411540691 2488 
411543179 19 
411543198 768141 
412311339 10138 
412321477 227 
412321704 22 
412321726 4 
412321730 1 
412321731 1308484 
413630215 54001 
413684216 633 
413684849 455 
413685304 69 
413685373 22 
413685395 2 
413685397 496932 
414182329 101017 
414283346 10138 
414293484 633 
414294117 455 
414294572 142 
414294714 8 
414294722 75321 
414370043 1269 
414371312 4 
414371316 2 
414371318 1093277 
415464595 176179 
415640774 3604 
415644378 69 
415644447 19 
415644466 1 
415644467 1308484 
416952951 186159 
417139110 34122 
417173232 6069 
417179301 2192 
417181493 33 
417181526 8 
417181534 496932 
417678466 237255 
417915721 2516 
417918237 69 
417918306 22 
417918328 1093277 
419011605 101017 
419112622 6069 
419118691 1559 
419120250 455 
419120705 11 
419120716 2 
419120718 496932 
419617650 136238 
419753888 10138 
419764026 2665 
419766691 33 
419766724 4 
419766728 1308484 
421075212 75321 
421150533 18586 
421169119 1559 
421170678 227 
421170905 11 
421170916 1 
421170917 176179 
421347096 496932 
421844028 75321 
421919349 18586 
421937935 2419 
421940354 55 
421940409 8 
421940417 2 
421940419 1258 
421941677 490863 
422432540 496932 
422929472 10138 
422939610 1559 
422941169 455 
422941624 69 
422941693 22 
422941715 3 
422941718 1093116 
424034834 3600432 
427635266 271209 
427906475 34122 
427940597 4054 
427944651 633 
427945284 455 
427945739 69 
427945808 7 
427945815 136238 
428082053 6069 
428088122 1490 
428089612 33 
428089645 8 
428089653 496932 
428586585 136238 
428722823 10138 
428732961 4054 
428737015 455 
428737470 142 
428737612 496932 
429234544 75321 
429309865 18586 
429328451 3604 
429332055 33 
429332088 19 
429332107 1 
429332108 496932 
429829040 66736 
429895776 6069 
429901845 211 
429902056 8 
429902064 1 
429902065 948225 
430850290 34122 
430884412 6069 
430890481 1559 
430892040 227 
430892267 55 
430892322 7 
430892329 1093277 
431985606 176179 
432161785 2192 
432163977 69 
432164046 33 
432164079 11 
432164090 4 
432164094 2 
432164096 869158 
433033254 3604 
433036858 69 
433036927 55 
433036982 8 
433036990 2 
433036992 1308484 
434345476 66736 
434412212 4054 
434416266 178 
434416444 22 
434416466 8 
434416474 2 
434416476 1093277 
435509753 136238 
435645991 23408 
435669399 178 
435669577 22 
435669599 4 
435669603 1 
435669604 1093277 
436762881 10138 
436773019 4054 
436777073 22 
436777095 8 
436777103 1 
436777104 8 
436777112 2291948 
439069060 496932 
439565992 136238 
439702230 24655 
439726885 6069 
439732954 1559 
439734513 227 
439734740 69 
439734809 22 
439734831 8 
439734839 2 
439734841 170 
439735011 1868395 
441603406 2971 
441606377 455 
441606832 69 
441606901 55 
441606956 8 
441606964 1093277 
442700241 24655 
442724896 5614 
442730510 19 
442730529 1 
442730530 1093277 
443823807 101017 
443924824 8585 
443933409 455 
443933864 161 
443934025 7 
443934032 423416 
444357448 889367 
445246815 10138 
445256953 4054 
445261007 227 
445261234 33 
445261267 11 
445261278 3 
445261281 271209 
445532490 75321 
445607811 18586 
445626397 2665 
445629062 69 
445629131 66 
445629197 1 
445629198 948225 
446577423 17794 
446595217 139 
446595356 948225 
447543581 8585 
447552166 496932 
448049098 66736 
448115834 6069 
448121903 633 
448122536 455 
448122991 69 
448123060 22 
448123082 3 
448123085 496932 
448620017 237255 
448857272 18586 
448875858 455 
448876313 33 
448876346 7 
448876353 768141 
449644494 43863 
449688357 5899 
449694256 69 
449694325 33 
449694358 7 
449694365 496932 
450191297 237255 
450428552 10138 
450438690 69 
450438759 33 
450438792 3 
450438795 1308484 
451747279 230022 
451977301 2665 
451979966 69 
451980035 33 
451980068 1 
451980069 633 
451980702 1805416 
453786118 34122 
453820240 33 
453820273 8 
453820281 1 
453820282 58221 
453878503 633 
453879136 455 
453879591 69 
453879660 33 
453879693 19 
453879712 2291948 
456171660 1093277 
457264937 101017 
457365954 17169 
457383123 386 
457383509 22 
457383531 8 
457383539 1 
457383540 1092946 
458476486 633 
458477119 5613 
458482732 186159 
458668891 10138 
458679029 4054 
458683083 69 
458683152 55 
458683207 8 
458683215 2 
458683217 1093277 
459776494 34122 
459810616 6069 
459816685 633 
459817318 455 
459817773 69 
459817842 4 
459817846 2 
459817848 2 
459817850 496932 
460314782 33497 
460348279 227 
460348506 33 
460348539 11 
460348550 1 
460348551 3600432 
463948983 58221 
464007204 4054 
464011258 1490 
464012748 22 
464012770 8 
464012778 101017 
464113795 948225 
465062020 75321 
465137341 18586 
465155927 633 
465156560 69 
465156629 7 
465156636 1308484 
466465120 490863 
466955983 4054 
466960037 633 
466960670 455 
466961125 186159 
467147284 34122 
467181406 1490 
467182896 33 
467182929 8 
467182937 1 
467182938 1490 
467184428 4054627 
471239055 271209 
471510264 34122 
471544386 5841 
471550227 33 
471550260 11 
471550271 3 
471550274 920170 
472470444 4054 
472474498 1258 
472475756 4 
472475760 1308484 
473784244 136238 
473920482 5899 
473926381 69 
473926450 22 
473926472 2 
473926474 43863 
473970337 186159 
474156496 24655 
474181151 386 
474181537 33 
474181570 11 
474181581 1308484 
475490065 271209 
475761274 75321 
475836595 10138 
475846733 3990 
475850723 4 
475850727 1 
475850728 948225 
476798953 6069 
476805022 1559 
476806581 227 
476806808 22 
476806830 1 
476806831 18586 
476825417 1308484 
478133901 423416 
478557317 6069 
478563386 1559 
478564945 227 
478565172 69 
478565241 22 
478565263 4 
478565267 1 
478565268 920170 
479485438 10138 
479495576 2516 
479498092 69 
479498161 55 
479498216 2 
479498218 1308484 
480806702 75321 
480882023 10138 
480892161 2516 
480894677 22 
480894699 3 
480894702 1308484 
482203186 237255 
482440441 2192 
482442633 69 
482442702 4 
482442706 1 
482442707 64290 
482506997 1269 
482508266 11 
482508277 3 
482508280 1805416 
484313696 22640 
484336336 69 
484336405 22 
484336427 4 
484336431 914271 
485250702 496932 
485747634 43863 
485791497 4054 
485795551 386 
485795937 55 
485795992 8 
485796000 1 
485796001 66736 
485862737 69 
485862806 2291948 
488154754 496932 
488651686 75321 
488727007 10138 
488737145 633 
488737778 227 
488738005 66 
488738071 1 
488738072 889367 
489627439 1327 
489628766 2291948 
491920714 186159 
492106873 24655 
492131528 6069 
492137597 2419 
492140016 68 
492140084 496932 
492637016 136238 
492773254 24655 
492797909 2192 
492800101 69 
492800170 33 
492800203 11 
492800214 1 
492800215 1093277 
493893492 101017 
493994509 6069 
494000578 69 
494000647 55 
494000702 1327 
494002029 452140 
494454169 227 
494454396 19 
494454415 2291948 
496746363 271209 
497017572 54001 
497071573 1559 
497073132 386 
497073518 55 
497073573 8 
497073581 1868395 
498941976 237255 
499179231 24041 
499203272 386 
499203658 22 
499203680 8 
499203688 2 
499203690 407447 
499611137 4054 
499615191 633 
499615824 69 
499615893 4 
499615897 1093277 
500709174 2192 
500711366 69 
500711435 22 
500711457 4 
500711461 1 
500711462 1308484 
502019946 271209 
502291155 58221 
502349376 3990 
502353366 33 
502353399 4 
502353403 186159 
502539562 34122 
502573684 6069 
502579753 69 
502579822 33 
502579855 2 
502579857 1308484 
503888341 66736 
503955077 3990 
503959067 11 
503959078 2 
503959080 496932 
504456012 58221 
504514233 3604 
504517837 68 
504517905 1049083 
505566988 10138 
505577126 2971 
505580097 211 
505580308 4 
505580312 2 
505580314 271209 
505851523 34122 
505885645 6069 
505891714 455 
505892169 69 
505892238 33 
505892271 8 
505892279 1 
505892280 1308484 
507200764 423416 
507624180 5899 
507630079 69 
507630148 33 
507630181 11 
507630192 4 
507630196 2 
507630198 1093277 
508723475 101017 
508824492 24655 
508849147 33 
508849180 7 
508849187 455 
508849642 1308484 
510158126 407447 
510565573 6069 
510571642 633 
510572275 227 
510572502 153 
510572655 2 
510572657 271209 
510843866 43863 
510887729 3604 
510891333 11 
510891344 2 
510891346 43863 
510935209 2291948 
513227157 271209 
513498366 75321 
513573687 1329 
513575016 3 
513575019 159 
513575178 2291948 
515867126 75321 
515942447 6069 
515948516 1559 
515950075 69 
515950144 55 
515950199 8 
515950207 2 
515950209 496932 
516447141 237255 
516684396 10138 
516694534 4054 
516698588 142 
516698730 7 
516698737 496932 
517195669 34122 
517229791 6069 
517235860 1559 
517237419 227 
517237646 137 
517237783 1 
517237784 1049083 
518286867 34122 
518320989 1559 
518322548 455 
518323003 33 
518323036 19 
518323055 2 
518323057 496932 
518819989 101017 
518921006 4054 
518925060 178 
518925238 2 
518925240 271209 
519196449 101017 
519297466 18427 
519315893 69 
519315962 8 
519315970 1308484 
520624454 442002 
521066456 633 
521067089 227 
521067316 69 
521067385 33 
521067418 19 
521067437 2 
521067439 1308484 
522375923 423416 
522799339 2971 
522802310 69 
522802379 55 
522802434 8 
522802442 2 
522802444 68 
522802512 170 
522802682 1092946 
523895628 161 
523895789 2291948 
526187737 417585 
526605322 1559 
526606881 178 
526607059 11 
526607070 4 
526607074 1 
526607075 17794 
526624869 139 
526625008 58221 
526683229 1559 
526684788 69 
526684857 33 
526684890 19 
526684909 1 
526684910 768141 
527453051 24655 
527477706 1269 
527478975 33 
527479008 8 
527479016 1 
527479017 496932 
527975949 75321 
528051270 16207 
528067477 386 
528067863 33 
528067896 2 
528067898 186159 
528254057 24655 
528278712 6069 
528284781 455 
528285236 69 
528285305 22 
528285327 8 
528285335 1 
528285336 407447 
528692783 5614 
528698397 170 
528698567 2 
528698569 3600432 
532299001 237255 
532536256 24655 
532560911 4054 
532564965 227 
532565192 69 
532565261 33 
532565294 11 
532565305 1 
532565306 1868395 
534433701 34122 
534467823 2971 
534470794 227 
534471021 69 
534471090 22 
534471112 4 
534471116 496932 
534968048 75321 
535043369 17169 
535060538 227 
535060765 55 
535060820 1 
535060821 186159 
535246980 24655 
535271635 6069 
535277704 69 
535277773 1049083 
536326856 10138 
536336994 2516 
536339510 1 
536339511 423416 
536762927 496932 
537259859 75321 
537335180 10138 
537345318 5614 
537350932 178 
537351110 3 
537351113 1308484 
538659597 271209 
538930806 24655 
538955461 5614 
538961075 33 
538961108 2 
538961110 2291948 
541253058 75321 
541328379 10138 
541338517 3604 
541342121 69 
541342190 66 
541342256 1 
541342257 1308484 
542650741 271209 
542921950 101017 
543022967 10138 
543033105 4054 
543037159 633 
543037792 227 
543038019 19 
543038038 1 
543038039 5614 
543043653 490863 
543534516 4054 
543538570 69 
543538639 33 
543538672 19 
543538691 2 
543538693 1093277 
544631970 101017 
544732987 6069 
544739056 1559 
544740615 386 
544741001 22 
544741023 7 
544741030 1049083 
545790113 24655 
545814768 2971 
545817739 455 
545818194 33 
545818227 11 
545818238 3 
545818241 101017 
545919258 10138 
545929396 1329 
545930725 19 
545930744 2291948 
548222692 271209 
548493901 34122 
548528023 633 
548528656 386 
548529042 33 
548529075 11 
548529086 4 
548529090 2 
548529092 100858 
548629950 33 
548629983 2291948 
550921931 1049083 
551971014 10138 
551981152 2516 
551983668 11 
551983679 2 
551983681 948225 
552931906 16207 
552948113 455 
552948568 55 
552948623 4 
552948627 34122 
552982749 1308484 
554291233 101017 
554392250 17169 
554409419 455 
554409874 142 
554410016 4 
554410020 1 
554410021 1308484 
555718505 75321 
555793826 10138 
555803964 4054 
555808018 227 
555808245 33 
555808278 11 
555808289 4 
555808293 1093277 
556901570 34122 
556935692 4054 
556939746 1329 
556941075 2 
556941077 457366 
557398443 186159 
557584602 24655 
557609257 6069 
557615326 69 
557615395 22 
557615417 8 
557615425 2 
557615427 1868395 
559483822 237255 
559721077 18586 
559739663 633 
559740296 69 
559740365 11 
559740376 3 
559740379 914271 
560654650 496932 
561151582 43863 
561195445 2971 
561198416 455 
561198871 33 
561198904 7 
561198911 914101 
562113012 2291948 
564404960 136238 
564541198 10138 
564551336 5614 
564556950 211 
564557161 4 
564557165 2 
564557167 66736 
564623903 170360 
564794263 159 
564794422 2291948 
567086370 496932 
567583302 66736 
567650038 3990 
567654028 33 
567654061 4 
567654065 101017 
567755082 10138 
567765220 4054 
567769274 1490 
567770764 66 
567770830 1 
567770831 136238 
567907069 33497 
567940566 69 
567940635 22 
567940657 4 
567940661 2 
567940663 1805416 
569746079 5614 
569751693 69 
569751762 55 
569751817 1 
569751818 1308484 
571060302 75321 
571135623 1559 
571137182 386 
571137568 55 
571137623 7 
571137630 768141 
571905771 24655 
571930426 2971 
571933397 386 
571933783 33 
571933816 11 
571933827 4 
571933831 2 
571933833 496932 
572430765 58221 
572488986 4054 
572493040 1396 
572494436 55 
572494491 4 
572494495 1308484 
573802979 237255 
574040234 1559 
574041793 33 
574041826 7 
574041833 1093277 
575135110 1093277 
576228387 136238 
576364625 1490 
576366115 33 
576366148 4 
576366152 2 
576366154 768141 
577134295 75321 
577209616 10138 
577219754 1559 
577221313 455 
577221768 33 
577221801 4 
577221805 496932 
577718737 101017 
577819754 6069 
577825823 2192 
577828015 69 
577828084 8 
577828092 5899 
577833991 1308484 
579142475 136238 
579278713 24041 
579302754 211 
579302965 8 
579302973 2 
579302975 1805416 
581108391 34122 
581142513 6069 
581148582 455 
581149037 69 
581149106 33 
581149139 11 
581149150 2 
581149152 69 
581149221 1868395 
583017616 101017 
583118633 24655 
583143288 4054 
583147342 1269 
583148611 22 
583148633 4 
583148637 2 
583148639 948225 
584096864 43863 
584140727 6069 
584146796 1559 
584148355 386 
584148741 19 
584148760 496932 
584645692 75321 
584721013 22640 
584743653 22 
584743675 4 
584743679 2 
584743681 271209 
585014890 54001 
585068891 33 
585068924 4 
585068928 2 
585068930 1868395 
586937325 1269 
586938594 33 
586938627 3 
586938630 768141 
587706771 75321 
587782092 18586 
587800678 2192 
587802870 178 
587803048 22 
587803070 7 
587803077 1559 
587804636 1093116 
588897752 496932 
589394684 75321 
589470005 17067 
589487072 33 
589487105 8 
589487113 1 
589487114 768141 
590255255 54001 
590309256 1269 
590310525 4 
590310529 2 
590310531 1868395 
592178926 34122 
592213048 178 
592213226 8 
592213234 2 
592213236 496932 
592710168 136238 
592846406 24655 
592871061 2971 
592874032 69 
592874101 33 
592874134 1 
592874135 1049083 
593923218 24655 
593947873 2892 
593950765 22 
593950787 4 
593950791 1 
593950792 271209 
594222001 43863 
594265864 633 
594266497 386 
594266883 55 
594266938 1049083 
595316021 34122 
595350143 6069 
595356212 2192 
595358404 19 
595358423 2 
595358425 136238 
595494663 18586 
595513249 633 
595513882 455 
595514337 11 
595514348 2 
595514350 2291948 
597806298 456194 
598262492 386 
598262878 22 
598262900 1 
598262901 768141 
599031042 43863 
599074905 633 
599075538 227 
599075765 33 
599075798 4 
599075802 1 
599075803 768141 
599843944 8585 
599852529 633 
599853162 69 
599853231 8 
599853239 1 
599853240 417585 
600270825 3604 
600274429 227 
600274656 69 
600274725 55 
600274780 2 
600274782 1868395 
602143177 43863 
602187040 2192 
602189232 69 
602189301 33 
602189334 8 
602189342 2 
602189344 33 
602189377 1308484 
603497861 490863 
603988724 3604 
603992328 227 
603992555 22 
603992577 1 
603992578 1308484 
605301062 170360 
605471422 69 
605471491 55 
605471546 1 
605471547 948225 
606419772 66736 
606486508 6069 
606492577 33 
606492610 19 
606492629 2 
606492631 66736 
606559367 4054 
606563421 1396 
606564817 7 
606564824 1308484 
607873308 18586 
607891894 633 
607892527 386 
607892913 33 
607892946 2 
607892948 768141 
608661089 75321 
608736410 2971 
608739381 386 
608739767 55 
608739822 4 
608739826 2 
608739828 1308484 
610048312 442002 
610490314 1559 
610491873 69 
610491942 8 
610491950 271209 
610763159 24655 
610787814 4054 
610791868 1329 
610793197 19 
610793216 271209 
611064425 24655 
611089080 633 
611089713 455 
611090168 69 
611090237 19 
611090256 1 
611090257 101017 
611191274 24655 
611215929 3604 
611219533 227 
611219760 142 
611219902 1 
611219903 2291948 
613511851 869158 
614381009 178 
614381187 11 
614381198 1 
614381199 496932 
614878131 24655 
614902786 6069 
614908855 2192 
614911047 139 
614911186 186159 
615097345 18586 
615115931 227 
615116158 22 
615116180 4 
615116184 1 
615116185 1308484 
616424669 407447 
616832116 4054 
616836170 633 
616836803 69 
616836872 33 
616836905 8 
616836913 2 
616836915 137 
616837052 496932 
617333984 136238 
617470222 22640 
617492862 69 
617492931 22 
617492953 8 
617492961 1 
617492962 496932 
617989894 101017 
618090911 33497 
618124408 227 
618124635 69 
618124704 11 
618124715 7 
618124722 1093277 
619217999 101017 
619319016 17169 
619336185 386 
619336571 1 
619336572 2186393 
621522965 66736 
621589701 3990 
621593691 19 
621593710 1308484 
622902194 136238 
623038432 17067 
623055499 33 
623055532 8 
623055540 33952 
623089492 271209 
623360701 101017 
623461718 6069 
623467787 633 
623468420 211 
623468631 4 
623468635 2 
623468637 1049083 
624517720 4054 
624521774 1396 
624523170 33 
624523203 4 
624523207 496932 
625020139 64290 
625084429 386 
625084815 22 
625084837 7 
625084844 1049083 
626133927 34122 
626168049 4054 
626172103 633 
626172736 227 
626172963 33 
626172996 11 
626173007 1 
626173008 2291948 
628464956 496932 
628961888 186159 
629148047 2971 
629151018 22 
629151040 2 
629151042 457366 
629608408 10138 
629618546 2892 
629621438 1 
629621439 2291948 
631913387 18586 
631931973 2971 
631934944 211 
631935155 2 
631935157 496932 
632432089 43863 
632475952 6069 
632482021 69 
632482090 1308484 
633790574 271209 
634061783 101017 
634162800 24655 
634187455 3604 
634191059 227 
634191286 33 
634191319 8 
634191327 1 
634191328 237255 
634428583 24655 
634453238 1329 
634454567 11 
634454578 4 
634454582 1 
634454583 2186393 
636640976 34122 
636675098 4054 
636679152 633 
636679785 33 
636679818 3 
636679821 66 
636679887 1308484 
637988371 8585 
637996956 69 
637997025 55 
637997080 7 
637997087 496932 
638494019 66736 
638560755 633 
638561388 227 
638561615 69 
638561684 22 
638561706 7 
638561713 18586 
638580299 1559 
638581858 227 
638582085 19 
638582104 1 
638582105 271209 
638853314 101017 
638954331 17169 
638971500 178 
638971678 19 
638971697 1 
638971698 271209 
639242907 75321 
639318228 17169 
639335397 227 
639335624 69 
639335693 11 
639335704 7 
639335711 1308484 
640644195 237255 
640881450 24655 
640906105 6069 
640912174 1559 
640913733 455 
640914188 69 
640914257 11 
640914268 1 
640914269 2658 
640916927 2186393 
643103320 8585 
643111905 227 
643112132 22 
643112154 2 
643112156 271209 
643383365 75321 
643458686 178 
643458864 8 
643458872 1 
643458873 2291948 
645750821 768141 
646518962 75321 
646594283 10138 
646604421 161 
646604582 237255 
646841837 2291948 
649133785 43863 
649177648 4054 
649181702 227 
649181929 69 
649181998 55 
649182053 1 
649182054 417585 
649599639 2516 
649602155 33 
649602188 11 
649602199 457366 
650059565 24655 
650084220 455 
650084675 4 
650084679 1 
650084680 33952 
650118632 1868395 
651987027 136238 
652123265 10138 
652133403 4054 
652137457 455 
652137912 139 
652138051 1308484 
653446535 271209 
653717744 75321 
653793065 2971 
653796036 386 
653796422 19 
653796441 1 
653796442 496932 
654293374 75321 
654368695 10138 
654378833 3604 
654382437 178 
654382615 8 
654382623 1868395 
656251018 496932 
656747950 170360 
656918310 4054 
656922364 1490 
656923854 22 
656923876 3 
656923879 136238 
657060117 17169 
657077286 386 
657077672 33 
657077705 11 
657077716 7 
657077723 2142199 
659219922 34122 
659254044 1269 
659255313 22 
659255335 1308484 
660563819 271209 
660835028 18586 
660853614 1559 
660855173 625 
660855798 2 
660855800 496932 
661352732 186159 
661538891 18586 
661557477 1559 
661559036 625 
661559661 1 
661559662 1308484 
662868146 24655 
662892801 6069 
662898870 2192 
662901062 69 
662901131 66 
662901197 1 
662901198 496932 
663398130 24655 
663422785 6069 
663428854 2192 
663431046 11 
663431057 7 
663431064 136238 
663567302 4054 
663571356 633 
663571989 386 
663572375 55 
663572430 2 
663572432 2291948 
665864380 99976 
665964356 33 
665964389 1 
665964390 75321 
666039711 6069 
666045780 69 
666045849 22 
666045871 4 
666045875 2 
666045877 18427 
666064304 2291948 
668356252 186159 
668542411 24655 
668567066 1559 
668568625 227 
668568852 33 
668568885 3 
668568888 496932 
669065820 176179 
669241999 4054 
669246053 1490 
669247543 68 
669247611 24655 
669272266 455 
669272721 69 
669272790 33 
669272823 8 
669272831 2 
669272833 1093277 
670366110 75321 
670441431 9911 
670451342 11 
670451353 4 
670451357 1093277 
671544634 101017 
671645651 6069 
671651720 1559 
671653279 69 
671653348 22 
671653370 4 
671653374 271209 
671924583 101017 
672025600 24655 
672050255 6069 
672056324 386 
672056710 11 
672056721 4 
672056725 2186393 
674243118 75321 
674318439 2192 
674320631 170 
674320801 3 
674320804 948225 
675269029 6069 
675275098 1559 
675276657 455 
675277112 137 
675277249 237255 
675514504 24655 
675539159 1559 
675540718 386 
675541104 55 
675541159 1308484 
676849643 75321 
676924964 1559 
676926523 455 
676926978 69 
676927047 33 
676927080 19 
676927099 2 
676927101 768141 
677695242 633 
677695875 178 
677696053 1 
677696054 1049083 
678745137 457366 
679202503 24041 
679226544 386 
679226930 22 
679226952 4 
679226956 1868395 
681095351 75321 
681170672 1559 
681172231 8 
681172239 1 
681172240 271209 
681443449 54001 
681497450 2419 
681499869 22 
681499891 4 
681499895 1 
681499896 68 
681499964 136238 
681636202 24655 
681660857 2192 
681663049 33 
681663082 19 
681663101 2 
681663103 161 
681663264 2291948 
683955212 889367 
684844579 4054 
684848633 1329 
684849962 33 
684849995 11 
684850006 4 
684850010 2291948 
687141958 1093277 
688235235 66736 
688301971 4054 
688306025 227 
688306252 33 
688306285 11 
688306296 4 
688306300 101017 
688407317 2971 
688410288 159 
688410447 1 
688410448 1805416 
690215864 22640 
690238504 69 
690238573 33 
690238606 11 
690238617 7 
690238624 496932 
690735556 237255 
690972811 2516 
690975327 22 
690975349 8 
690975357 2 
690975359 496932 
691472291 101017 
691573308 8585 
691581893 633 
691582526 1 
691582527 1258 
691583785 1093277 
692677062 34122 
692711184 1559 
692712743 69 
692712812 33 
692712845 8 
692712853 271209 
692984062 42707 
693026769 227 
693026996 22 
693027018 3 
693027021 2291948 
695318969 271209 
695590178 24655 
695614833 6069 
695620902 1559 
695622461 227 
695622688 2 
695622690 496932 
696119622 43340 
696162962 227 
696163189 55 
696163244 4 
696163248 1 
696163249 1308484 
697471733 271209 
697742942 75321 
697818263 18586 
697836849 227 
697837076 1093277 
698930353 34122 
698964475 2665 
698967140 178 
698967318 1 
698967319 66736 
699034055 455 
699034510 55 
699034565 1 
699034566 768141 
699802707 75321 
699878028 6069 
699884097 1559 
699885656 455 
699886111 142 
699886253 1 
699886254 442002 
700328256 6069 
700334325 633 
700334958 386 
700335344 33 
700335377 11 
700335388 3 
700335391 2291948 
702627339 230022 
702857361 1559 
702858920 386 
702859306 33 
702859339 8 
702859347 1 
702859348 17794 
702877142 496932 
703374074 186159 
703560233 34122 
703594355 6069 
703600424 633 
703601057 455 
703601512 161 
703601673 2 
703601675 1049083 
704650758 6069 
704656827 1559 
704658386 33 
704658419 11 
704658430 7 
704658437 271209 
704929646 75321 
705004967 4054 
705009021 1329 
705010350 55 
705010405 7 
705010412 2291948 
707302360 271209 
707573569 101017 
707674586 24655 
707699241 6069 
707705310 386 
707705696 8 
707705704 1 
707705705 948225 
708653930 58221 
708712151 2892 
708715043 33 
708715076 19 
708715095 1 
708715096 43863 
708758959 1049083 
709808042 10138 
709818180 4054 
709822234 227 
709822461 69 
709822530 11 
709822541 3 
709822544 5899 
709828443 19 
709828462 1 
709828463 2291948 
712120411 1093277 
713213688 43863 
713257551 1490 
713259041 55 
713259096 8 
713259104 271209 
713530313 75321 
713605634 18586 
713624220 1396 
713625616 33 
713625649 2 
713625651 407447 
714033098 8585 
714041683 633 
714042316 227 
714042543 11 
714042554 2 
714042556 2291948 
716334504 101017 
716435521 1559 
716437080 227 
716437307 19 
716437326 2 
716437328 271209 
716708537 24655 
716733192 6069 
716739261 1559 
716740820 455 
716741275 4 
716741279 1 
716741280 1805416 
718546696 43863 
718590559 2971 
718593530 227 
718593757 33 
718593790 11 
718593801 4 
718593805 4054 
718597859 633 
718598492 178 
718598670 4 
718598674 2 
718598676 1308484 
719907160 186159 
720093319 10138 
720103457 2488 
720105945 11 
720105956 4 
720105960 1 
720105961 1049083 
721155044 6069 
721161113 455 
721161568 69 
721161637 22 
721161659 2 
721161661 134969 
721296630 1308484 
722605114 423416 
723028530 10138 
723038668 455 
723039123 33 
723039156 19 
723039175 2 
723039177 496932 
723536109 237255 
723773364 10138 
723783502 3990 
723787492 22 
723787514 7 
723787521 1093277 
724880798 170360 
725051158 3604 
725054762 227 
725054989 496932 
725551921 10138 
725562059 2192 
725564251 178 
725564429 1308484 
726872913 271209 
727144122 43863 
727187985 2971 
727190956 455 
727191411 142 
727191553 4 
727191557 4 
727191561 1308484 
728500045 136238 
728636283 18586 
728654869 2971 
728657840 69 
728657909 66 
728657975 1 
728657976 1308484 
729966460 24655 
729991115 6069 
729997184 169 
729997353 407447 
730404800 633 
730405433 455 
730405888 69 
730405957 66 
730406023 1 
730406024 1093277 
731499301 136238 
731635539 633 
731636172 455 
731636627 22 
731636649 8 
731636657 1 
731636658 768141 
732404799 75321 
732480120 10138 
732490258 3604 
732493862 69 
732493931 3 
732493934 889367 
733383301 10138 
733393439 455 
733393894 3 
733393897 1049083 
734442980 24655 
734467635 2971 
734470606 455 
734471061 69 
734471130 22 
734471152 4 
734471156 889367 
735360523 10138 
735370661 2971 
735373632 227 
735373859 153 
735374012 1308484 
736682496 237255 
736919751 8585 
736928336 178 
736928514 19 
736928533 1 
736928534 920170 
737848704 17169 
737865873 386 
737866259 22 
737866281 4 
737866285 4 
737866289 237255 
738103544 16207 
738119751 227 
738119978 69 
738120047 66 
738120113 1308484 
739428597 271209 
739699806 101017 
739800823 6069 
739806892 2192 
739809084 142 
739809226 1 
739809227 2291948 
742101175 34122 
742135297 1559 
742136856 69 
742136925 11 
742136936 4 
742136940 1 
742136941 1308484 
743445425 4054 
743449479 227 
743449706 33 
743449739 11 
743449750 2 
743449752 176179 
743625931 6069 
743632000 386 
743632386 55 
743632441 4 
743632445 271209 
743903654 43863 
743947517 4054 
743951571 455 
743952026 69 
743952095 22 
743952117 4 
743952121 2 
743952123 1093277 
745045400 136238 
745181638 10138 
745191776 1269 
745193045 22 
745193067 8 
745193075 2 
745193077 1308484 
746501561 186159 
746687720 10138 
746697858 5899 
746703757 69 
746703826 33 
746703859 4 
746703863 1 
746703864 948225 
747652089 34122 
747686211 6069 
747692280 633 
747692913 455 
747693368 139 
747693507 2 
747693509 1308484 
749001993 54001 
749055994 1269 
749057263 22 
749057285 2 
749057287 1093277 
750150564 170360 
750320924 4054 
750324978 633 
750325611 455 
750326066 161 
750326227 3 
750326230 1308484 
751634714 271209 
751905923 3990 
751909913 22 
751909935 2 
751909937 8 
751909945 423416 
752333361 8585 
752341946 8 
752341954 1 
752341955 136238 
752478193 2665 
752480858 159 
752481017 2186393 
754667410 75321 
754742731 10138 
754752869 4054 
754756923 633 
754757556 69 
754757625 22 
754757647 8 
754757655 4 
754757659 2291948 
757049607 496932 
757546539 136238 
757682777 24041 
757706818 33 
757706851 19 
757706870 1 
757706871 8 
757706879 496932 
758203811 6069 
758209880 227 
758210107 55 
758210162 8 
758210170 1 
758210171 1093277 
759303448 75321 
759378769 633 
759379402 386 
759379788 22 
759379810 2 
759379812 496932 
759876744 176179 
760052923 6069 
760058992 1329 
760060321 22 
760060343 4 
760060347 2 
760060349 2291948 
762352297 271209 
762623506 75321 
762698827 16840 
762715667 69 
762715736 8 
762715744 2 
762715746 1093277 
763809023 34122 
763843145 1559 
763844704 69 
763844773 11 
763844784 768141 
764612925 34122 
764647047 1396 
764648443 33 
764648476 2 
764648478 136238 
764784716 3604 
764788320 169 
764788489 161 
764788650 24655 
764813305 2291948 
767105253 271209 
767376462 75321 
767451783 633 
767452416 386 
767452802 4 
767452806 2291948 
769744754 176179 
769920933 55 
769920988 4 
769920992 869158 
770790150 4054 
770794204 633 
770794837 455 
770795292 69 
770795361 33 
770795394 1 
770795395 136238 
770931633 24655 
770956288 6069 
770962357 1559 
770963916 227 
770964143 69 
770964212 8 
770964220 1 
770964221 496932 
771461153 186159 
771647312 4054 
771651366 159 
771651525 1 
771651526 24655 
771676181 2971 
771679152 386 
771679538 3 
771679541 423416 
772102957 10138 
772113095 3604 
772116699 69 
772116768 33 
772116801 8 
772116809 1 
772116810 1093277 
773210087 136238 
773346325 227 
773346552 33 
773346585 19 
773346604 1868395 
775214999 186159 
775401158 24655 
775425813 1559 
775427372 227 
775427599 69 
775427668 22 
775427690 2291948 
777719638 186159 
777905797 24655 
777930452 3990 
777934442 11 
777934453 4 
777934457 496932 
778431389 237255 
778668644 5614 
778674258 137 
778674395 768141 
779442536 43863 
779486399 8585 
779494984 633 
779495617 227 
779495844 69 
779495913 55 
779495968 4 
779495972 948225 
780444197 100609 
780544806 55 
780544861 8 
780544869 2 
780544871 496932 
781041803 186159 
781227962 24655 
781252617 1559 
781254176 69 
781254245 33 
781254278 8 
781254286 1 
781254287 1308484 
782562771 186159 
782748930 6069 
782754999 1559 
782756558 386 
782756944 55 
782756999 1 
782757000 1868395 
784625395 24655 
784650050 4054 
784654104 227 
784654331 69 
784654400 8 
784654408 2 
784654410 1093277 
785747687 10138 
785757825 33 
785757858 11 
785757869 3 
785757872 271209 
786029081 18427 
786047508 69 
786047577 55 
786047632 1 
786047633 1093277 
787140910 75321 
787216231 22640 
787238871 69 
787238940 55 
787238995 8 
787239003 1 
787239004 496932 
787735936 136238 
787872174 24655 
787896829 633 
787897462 69 
787897531 4 
787897535 496932 
788394467 3604 
788398071 137 
788398208 1 
788398209 948225 
789346434 66736 
789413170 4054 
789417224 633 
789417857 386 
789418243 55 
789418298 4 
789418302 1308484 
790726786 457366 
791184152 142 
791184294 7 
791184301 768141 
791952442 75321 
792027763 22640 
792050403 455 
792050858 33 
792050891 11 
792050902 3 
792050905 457366 
792508271 186159 
792694430 24041 
792718471 69 
792718540 2 
792718542 271209 
792989751 6069 
792995820 1559 
792997379 69 
792997448 33 
792997481 7 
792997488 271209 
793268697 10138 
793278835 5614 
793284449 69 
793284518 22 
793284540 4 
793284544 2 
793284546 496932 
793781478 1559 
793783037 178 
793783215 7 
793783222 2291948 
796075170 457366 
796532536 24655 
796557191 6069 
796563260 633 
796563893 455 
796564348 69 
796564417 8 
796564425 1 
796564426 2291948 
798856374 271209 
799127583 2971 
799130554 386 
799130940 33 
799130973 11 
799130984 1 
799130985 271209 
799402194 101017 
799503211 633 
799503844 455 
799504299 142 
799504441 8 
799504449 2 
799504451 1093277 
800597728 34122 
800631850 4054 
800635904 633 
800636537 386 
800636923 11 
800636934 3 
800636937 1308484 
801945421 186159 
802131580 1490 
802133070 22 
802133092 4 
802133096 2 
802133098 496932 
802630030 186159 
802816189 34122 
802850311 3990 
802854301 33 
802854334 11 
802854345 4 
802854349 2 
802854351 66736 
802921087 271209 
803192296 58152 
803250448 33 
803250481 8 
803250489 1805416 
805055905 43863 
805099768 633 
805100401 386 
805100787 11 
805100798 4 
805100802 1308484 
806409286 34115 
806443401 4 
806443405 2 
806443407 768141 
807211548 18586 
807230134 1559 
807231693 455 
807232148 69 
807232217 33 
807232250 8 
807232258 1 
807232259 768141 
808000400 75321 
808075721 6069 
808081790 455 
808082245 69 
808082314 55 
808082369 3 
808082372 880782 
808963154 101017 
809064171 22640 
809086811 55 
809086866 4 
809086870 2 
809086872 2291948 
811378820 948225 
812327045 24655 
812351700 2971 
812354671 11 
812354682 1 
812354683 496932 
812851615 948225 
813799840 10138 
813809978 161 
813810139 3 
813810142 2516 
813812658 496932 
814309590 10138 
814319728 4054 
814323782 1490 
814325272 33 
814325305 19 
814325324 869158 
815194482 8585 
815203067 633 
815203700 386 
815204086 55 
815204141 8 
815204149 2 
815204151 1308484 
816512635 271209 
816783844 34122 
816817966 633 
816818599 455 
816819054 142 
816819196 8 
816819204 1 
816819205 496932 
817316137 237255 
817553392 5614 
817559006 11 
817559017 2291948 
819850965 101017 
819951982 16207 
819968189 69 
819968258 22 
819968280 4 
819968284 1 
819968285 768141 
820736426 64290 
820800716 633 
820801349 161 
820801510 3 
820801513 75321 
820876834 4054 
820880888 1490 
820882378 8 
820882386 496932 
821379318 24655 
821403973 2971 
821406944 69 
821407013 33 
821407046 4 
821407050 1 
821407051 768141 
822175192 43863 
822219055 4054 
822223109 69 
822223178 33 
822223211 2291948 
824515159 237255 
824752414 2516 
824754930 69 
824754999 55 
824755054 4 
824755058 496932 
825251990 186159 
825438149 22640 
825460789 178 
825460967 11 
825460978 4 
825460982 2 
825460984 1805416 
827266400 43863 
827310263 633 
827310896 22 
827310918 2 
827310920 43863 
827354783 8585 
827363368 1269 
827364637 8 
827364645 1308484 
828673129 136238 
828809367 10138 
828819505 227 
828819732 69 
828819801 55 
828819856 4 
828819860 1 
828819861 64290 
828884151 633 
828884784 386 
828885170 2 
828885172 1308484 
830193656 442002 
830635658 1559 
830637217 33 
830637250 2 
830637252 271209 
830908461 58221 
830966682 4054 
830970736 227 
830970963 69 
830971032 55 
830971087 2186393 
833157480 54001 
833211481 2665 
833214146 11 
833214157 7 
833214164 496932 
833711096 186159 
833897255 34122 
833931377 2665 
833934042 137 
833934179 1 
833934180 1308484 
835242664 24655 
835267319 1329 
835268648 33 
835268681 7 
835268688 768141 
836036829 58221 
836095050 2658 
836097708 3 
836097711 1049083 
837146794 34122 
837180916 4045 
837184961 768141 
837953102 75321 
838028423 1559 
838029982 386 
838030368 11 
838030379 1 
838030380 407447 
838437827 6069 
838443896 455 
838444351 33 
838444384 3 
838444387 1308484 
839752871 136238 
839889109 6069 
839895178 633 
839895811 11 
839895822 7 
839895829 1488 
839897317 1308484 
841205801 271209 
841477010 101017 
841578027 18586 
841596613 1559 
841598172 455 
841598627 33 
841598660 11 
841598671 1 
841598672 496932 
842095604 75321 
842170925 22640 
842193565 227 
842193792 33 
842193825 3 
842193828 1308484 
843502312 271209 
843773521 34122 
843807643 2971 
843810614 227 
843810841 69 
843810910 22 
843810932 4 
843810936 1 
843810937 136238 
843947175 24655 
843971830 6069 
843977899 1559 
843979458 33 
843979491 11 
843979502 7 
843979509 1868395 
845847904 136238 
845984142 17794 
846001936 455 
846002391 33 
846002424 19 
846002443 1 
846002444 768141 
846770585 42707 
846813292 227 
846813519 69 
846813588 33 
846813621 19 
846813640 2 
846813642 8 
846813650 869158 
847682808 5899 
847688707 22 
847688729 4 
847688733 2 
847688735 1805416 
849494151 24655 
849518806 1490 
849520296 66 
849520362 496932 
850017294 186159 
850203453 633 
850204086 227 
850204313 69 
850204382 33 
850204415 11 
850204426 4 
850204430 2 
850204432 1308484 
851512916 271209 
851784125 101017 
851885142 4054 
851889196 1258 
851890454 948225 
852838679 34122 
852872801 6069 
852878870 227 
852879097 69 
852879166 33 
852879199 8 
852879207 1 
852879208 43863 
852923071 4054 
852927125 211 
852927336 4 
852927340 2 
852927342 271209 
853198551 66736 
853265287 633 
853265920 227 
853266147 139 
853266286 2 
853266288 948225 
854214513 75321 
854289834 10138 
854299972 4054 
854304026 633 
854304659 455 
854305114 22 
854305136 4 
854305140 2 
854305142 2186393 
856491535 58221 
856549756 3604 
856553360 227 
856553587 69 
856553656 22 
856553678 2 
856553680 457366 
857011046 24655 
857035701 3604 
857039305 33 
857039338 8 
857039346 1 
857039347 768141 
857807488 75321 
857882809 4054 
857886863 386 
857887249 33 
857887282 19 
857887301 948225 
858835526 9911 
858845437 33 
858845470 19 
858845489 2 
858845491 43863 
858889354 6069 
858895423 1490 
858896913 11 
858896924 4 
858896928 2 
858896930 457366 
859354296 22640 
859376936 69 
859377005 33 
859377038 2 
859377040 1308484 
860685524 186159 
860871683 18586 
860890269 1559 
860891828 455 
860892283 69 
860892352 33 
860892385 11 
860892396 2 
860892398 1093277 
861985675 101017 
862086692 10138 
862096830 5614 
862102444 69 
862102513 19 
862102532 1 
862102533 1868395 
863970928 66736 
864037664 3604 
864041268 33 
864041301 8 
864041309 1 
864041310 75321 
864116631 6069 
864122700 227 
864122927 69 
864122996 7 
864123003 1279436 
865402439 1308484 
866710923 186159 
866897082 24655 
866921737 633 
866922370 455 
866922825 69 
866922894 8 
866922902 1 
866922903 271209 
867194112 6069 
867200181 1490 
867201671 22 
867201693 7 
867201700 271209 
867472909 75321 
867548230 10138 
867558368 4054 
867562422 455 
867562877 69 
867562946 22 
867562968 1 
867562969 1308484 
868871453 176179 
869047632 6069 
869053701 1559 
869055260 455 
869055715 68 
869055783 496932 
869552715 186159 
869738874 10138 
869749012 633 
869749645 33 
869749678 8 
869749686 1308484 
871058170 186159 
871244329 18586 
871262915 3604 
871266519 227 
871266746 33 
871266779 19 
871266798 1308484 
872575282 75321 
872650603 6069 
872656672 633 
872657305 69 
872657374 11 
872657385 768141 
873425526 75321 
873500847 10138 
873510985 1559 
873512544 227 
873512771 137 
873512908 889367 
874402275 10138 
874412413 178 
874412591 11 
874412602 7 
874412609 1805416 
876218025 10138 
876228163 4054 
876232217 633 
876232850 227 
876233077 69 
876233146 19 
876233165 1308484 
877541649 66736 
877608385 4054 
877612439 1490 
877613929 33 
877613962 3 
877613965 496932 
878110897 237255 
878348152 24655 
878372807 4054 
878376861 69 
878376930 55 
878376985 442002 
878818987 6069 
878825056 69 
878825125 55 
878825180 4 
878825184 1 
878825185 2142199 
880967384 33240 
881000624 11 
881000635 4 
881000639 2 
881000641 496932 
881497573 34122 
881531695 6069 
881537764 633 
881538397 227 
881538624 69 
881538693 19 
881538712 1308484 
882847196 271209 
883118405 24655 
883143060 6069 
883149129 386 
883149515 22 
883149537 4 
883149541 496932 
883646473 101017 
883747490 24655 
883772145 3604 
883775749 227 
883775976 22 
883775998 1 
883775999 423414 
884199413 1308484 
885507897 271209 
885779106 43863 
885822969 4054 
885827023 69 
885827092 22 
885827114 3 
885827117 43863 
885870980 633 
885871613 227 
885871840 66 
885871906 1 
885871907 496932 
886368839 237255 
886606094 2192 
886608286 69 
886608355 22 
886608377 4 
886608381 2 
886608383 186159 
886794542 24655 
886819197 4054 
886823251 1329 
886824580 55 
886824635 8 
886824643 2 
886824645 2291948 
889116593 18586 
889135179 1329 
889136508 33 
889136541 1 
889136542 1308484 
890445026 407447 
890852473 633 
890853106 455 
890853561 33 
890853594 19 
890853613 2 
890853615 457366 
891310981 1093277 
892404258 18586 
892422844 455 
892423299 69 
892423368 33 
892423401 1279436 
893702837 948225 
894651062 75321 
894726383 18586 
894744969 2971 
894747940 455 
894748395 69 
894748464 22 
894748486 3 
894748489 496932 
895245421 136238 
895381659 24655 
895406314 6069 
895412383 633 
895413016 19 
895413035 768141 
896181176 75321 
896256497 18586 
896275083 2665 
896277748 142 
896277890 1 
896277891 496932 
896774823 75321 
896850144 8585 
896858729 633 
896859362 22 
896859384 3 
896859387 496932 
897356319 230022 
897586341 4054 
897590395 455 
897590850 69 
897590919 22 
897590941 7 
897590948 407447 
897998395 6069 
898004464 1559 
898006023 170 
898006193 1 
898006194 2142199 
900148393 8585 
900156978 455 
900157433 69 
900157502 22 
900157524 4 
900157528 496932 
900654460 237255 
900891715 23408 
900915123 386 
900915509 1 
900915510 1308484 
902223994 271209 
902495203 24655 
902519858 6069 
902525927 1559 
902527486 625 
902528111 496932 
903025043 186159 
903211202 34122 
903245324 6069 
903251393 455 
903251848 55 
903251903 4 
903251907 2 
903251909 457366 
903709275 24655 
903733930 4054 
903737984 455 
903738439 33 
903738472 4 
903738476 2 
903738478 496932 
904235410 101017 
904336427 4054 
904340481 633 
904341114 455 
904341569 161 
904341730 2 
904341732 496932 
904838664 10138 
904848802 2971 
904851773 142 
904851915 8 
904851923 17794 
904869717 227 
904869944 11 
904869955 1308484 
906178439 100609 
906279048 142 
906279190 4 
906279194 1 
906279195 271209 
906550404 43863 
906594267 4054 
906598321 633 
906598954 227 
906599181 69 
906599250 33 
906599283 8 
906599291 1 
906599292 1308484 
907907776 75321 
907983097 10138 
907993235 633 
907993868 69 
907993937 19 
907993956 2291948 
910285904 271209 
910557113 75321 
910632434 17794 
910650228 455 
910650683 69 
910650752 11 
910650763 1 
910650764 1093277 
911744041 43863 
911787904 6069 
911793973 1559 
911795532 455 
911795987 69 
911796056 33 
911796089 8 
911796097 1 
911796098 1093277 
912889375 10138 
912899513 4054 
912903567 227 
912903794 69 
912903863 22 
912903885 1 
912903886 33 
912903919 1868395 
914772314 101017 
914873331 6069 
914879400 178 
914879578 4 
914879582 2 
914879584 1093277 
915972861 101017 
916073878 69 
916073947 33 
916073980 8 
916073988 1 
916073989 496932 
916570921 75321 
916646242 5614 
916651856 69 
916651925 33 
916651958 11 
916651969 4 
916651973 1 
916651974 100858 
916752832 1396 
916754228 101017 
916855245 24496 
916879741 69 
916879810 33 
916879843 1 
916879844 4054627 
920934471 1093277 
922027748 64290 
922092038 2192 
922094230 22 
922094252 271209 
922365461 66736 
922432197 6069 
922438266 1559 
922439825 22 
922439847 1 
922439848 2291948 
924731796 101017 
924832813 8585 
924841398 455 
924841853 142 
924841995 4 
924841999 2 
924842001 496932 
925338933 75321 
925414254 3604 
925417858 33 
925417891 19 
925417910 1 
925417911 1049083 
926466994 24655 
926491649 4054 
926495703 455 
926496158 33 
926496191 2 
926496193 768141 
927264334 6069 
927270403 455 
927270858 33 
927270891 2 
927270893 159 
927271052 768141 
928039193 75321 
928114514 10138 
928124652 3604 
928128256 11 
928128267 4 
928128271 1868395 
929996666 237255 
930233921 10138 
930244059 4054 
930248113 633 
930248746 455 
930249201 153 
930249354 3 
930249357 1049083 
931298440 24655 
931323095 6069 
931329164 142 
931329306 8 
931329314 2 
931329316 496932 
931826248 10138 
931836386 4054 
931840440 1396 
931841836 8 
931841844 768141 
932609985 633 
932610618 19 
932610637 1308484 
933919121 75321 
933994442 4054 
933998496 633 
933999129 222 
933999351 2 
933999353 768141 
934767494 633 
934768127 455 
934768582 142 
934768724 8 
934768732 2 
934768734 496932 
935265666 136238 
935401904 24041 
935425945 170 
935426115 3 
935426118 1868395 
937294513 237255 
937531768 18586 
937550354 2971 
937553325 455 
937553780 8 
937553788 1 
937553789 948225 
938502014 34122 
938536136 2192 
938538328 33 
938538361 4 
938538365 2 
938538367 417585 
938955952 1559 
938957511 227 
938957738 55 
938957793 4 
938957797 1 
938957798 496932 
939454730 75321 
939530051 10138 
939540189 66 
939540255 1 
939540256 1868395 
941408651 101017 
941509668 22640 
941532308 69 
941532377 11 
941532388 4 
941532392 496932 
942029324 186159 
942215483 6069 
942221552 2192 
942223744 3 
942223747 948225 
943171972 24655 
943196627 6069 
943202696 1490 
943204186 22 
943204208 4 
943204212 1 
943204213 237255 
943441468 10138 
943451606 4054 
943455660 227 
943455887 69 
943455956 33 
943455989 8 
943455997 1 
943455998 1308484 
944764482 271209 
945035691 75321 
945111012 10138 
945121150 33 
945121183 7 
945121190 948225 
946069415 75321 
946144736 18586 
946163322 1559 
946164881 386 
946165267 11 
946165278 4 
946165282 1868395 
948033677 1490 
948035167 33 
948035200 4 
948035204 271209 
948306413 75321 
948381734 6069 
948387803 1396 
948389199 11 
948389210 4 
948389214 1308484 
949697698 75321 
949773019 6069 
949779088 19 
949779107 1 
949779108 948225 
950727333 18586 
950745919 2192 
950748111 142 
950748253 4 
950748257 2 
950748259 271209 
951019468 101017 
951120485 24655 
951145140 1559 
951146699 386 
951147085 55 
951147140 8 
951147148 1 
951147149 1868395 
953015544 43863 
953059407 8585 
953067992 633 
953068625 227 
953068852 69 
953068921 55 
953068976 4 
953068980 1 
953068981 271209 
953340190 101017 
953441207 22640 
953463847 455 
953464302 69 
953464371 11 
953464382 4 
953464386 1 
953464387 1308484 
954772871 101017 
954873888 24655 
954898543 1329 
954899872 3 
954899875 948225 
955848100 75321 
955923421 10138 
955933559 4054 
955937613 1490 
955939103 33 
955939136 11 
955939147 2 
955939149 496932 
956436081 186159 
956622240 18586 
956640826 1 
956640827 271209 
956912036 3604 
956915640 69 
956915709 22 
956915731 2 
956915733 1093277 
958009010 101017 
958110027 10138 
958120165 5614 
958125779 33 
958125812 11 
958125823 1 
958125824 101017 
958226841 24655 
958251496 633 
958252129 227 
958252356 69 
958252425 33 
958252458 11 
958252469 4 
958252473 2 
958252475 2291948 
960544423 237255 
960781678 1559 
960783237 159 
960783396 1 
960783397 496932 
961280329 101017 
961381346 10138 
961391484 633 
961392117 227 
961392344 69 
961392413 4 
961392417 1 
961392418 1308484 
962700902 457366 
963158268 227 
963158495 69 
963158564 33 
963158597 11 
963158608 4 
963158612 1 
963158613 1308484 
964467097 101017 
964568114 23342 
964591456 11 
964591467 4 
964591471 2 
964591473 496932 
965088405 75321 
965163726 18586 
965182312 1559 
965183871 455 
965184326 55 
965184381 2 
965184383 948225 
966132608 16207 
966148815 227 
966149042 153 
966149195 2 
966149197 237255 
966386452 2516 
966388968 33 
966389001 3 
966389004 1308484 
967697488 271209 
967968697 10138 
967978835 633 
967979468 69 
967979537 4 
967979541 1 
967979542 271209 
968250751 10138 
968260889 2971 
968263860 386 
968264246 55 
968264301 8 
968264309 2 
968264311 1304091 
969568402 1490 
969569892 33 
969569925 19 
969569944 2 
969569946 1308484 
970878430 457366 
971335796 9980 
971345776 69 
971345845 55 
971345900 43340 
971389240 69 
971389309 22 
971389331 7 
971389338 1308484 
972697822 237255 
972935077 24655 
972959732 6069 
972965801 2192 
972967993 33 
972968026 11 
972968037 4 
972968041 1 
972968042 186159 
973154201 10138 
973164339 455 
973164794 55 
973164849 4 
973164853 1049083 
974213936 10138 
974224074 3604 
974227678 211 
974227889 2 
974227891 496932 
974724823 66736 
974791559 6069 
974797628 1559 
974799187 455 
974799642 7 
974799649 34122 
974833771 6069 
974839840 211 
974840051 4 
974840055 2 
974840057 880782 
975720839 4054 
975724893 1329 
975726222 3 
975726225 496932 
976223157 101017 
976324174 24655 
976348829 6069 
976354898 455 
976355353 11 
976355364 4 
976355368 2 
976355370 2291948 
978647318 1093277 
979740595 34122 
979774717 4054 
979778771 633 
979779404 22 
979779426 4 
979779430 2 
979779432 237255 
980016687 2291948 
982308635 18586 
982327221 3604 
982330825 227 
982331052 22 
982331074 2 
982331076 948225 
983279301 75321 
983354622 2971 
983357593 69 
983357662 55 
983357717 8 
983357725 2 
983357727 186159 
983543886 8585 
983552471 633 
983553104 55 
983553159 4 
983553163 2 
983553165 496932 
984050097 43863 
984093960 4054 
984098014 33 
984098047 11 
984098058 3 
984098061 496932 
984594993 186159 
984781152 34122 
984815274 633 
984815907 227 
984816134 69 
984816203 22 
984816225 1 
984816226 1308484 
986124710 407447 
986532157 1329 
986533486 33 
986533519 4 
986533523 1 
986533524 136238 
986669762 10138 
986679900 1559 
986681459 455 
986681914 69 
986681983 33 
986682016 4 
986682020 1 
986682021 1308484 
987990505 33319 
988023824 55 
988023879 3 
988023882 2291948 
990315830 768141 
991083971 10138 
991094109 4054 
991098163 633 
991098796 69 
991098865 33 
991098898 11 
991098909 4 
991098913 1 
991098914 1049083 
992147997 34122 
992182119 633 
992182752 227 
992182979 142 
992183121 8 
992183129 10138 
992193267 4054 
992197321 33 
992197354 7 
992197361 134969 
992332330 455 
992332785 69 
992332854 19 
992332873 423416 
992756289 1559 
992757848 455 
992758303 33 
992758336 11 
992758347 4 
992758351 2 
992758353 1868395 
994626748 136238 
994762986 24655 
994787641 6069 
994793710 633 
994794343 455 
994794798 69 
994794867 55 
994794922 496932 
995291854 170360 
995462214 1559 
995463773 69 
995463842 8 
995463850 1 
995463851 2291948 
997755799 43863 
997799662 2971 
997802633 178 
997802811 11 
997802822 4 
997802826 880782 
998683608 6069 
998689677 153 
998689830 3 
