1289
1 1 
2 1 
3 1 
4 1 
5 1 
6 1 
7 1 
8 1 
9 1 
10 1 
11 1 
12 1 
13 1 
14 1 
15 1 
16 1 
17 1 
18 1 
19 1 
20 1 
21 1 
22 1 
23 1 
24 1 
25 1 
26 1 
27 1 
28 1 
29 1 
30 1 
31 1 
32 1 
33 1 
34 1 
35 1 
36 1 
37 1 
38 1 
39 1 
40 1 
41 1 
42 1 
43 1 
44 1 
45 1 
46 1 
47 1 
48 1 
49 1 
50 1 
51 1 
52 1 
53 1 
54 1 
55 1 
56 1 
57 1 
58 1 
59 1 
60 1 
61 1 
62 1 
63 1 
64 1 
65 1 
66 1 
67 1 
68 1 
69 1 
70 1 
71 1 
72 1 
73 1 
74 1 
75 1 
76 1 
77 1 
78 1 
79 1 
80 1 
81 1 
82 1 
83 1 
84 1 
85 1 
86 1 
87 1 
88 1 
89 1 
90 1 
91 1 
92 1 
93 1 
94 1 
95 1 
96 1 
97 1 
98 2 
100 1 
101 1 
102 1 
103 1 
104 1 
105 1 
106 1 
107 1 
108 2 
110 1 
111 1 
112 1 
113 1 
114 2 
116 1 
117 1 
118 1 
119 1 
120 3 
123 1 
124 3 
127 1 
128 1 
129 1 
130 1 
131 4 
135 1 
136 2 
138 1 
139 1 
140 1 
141 1 
142 1 
143 1 
144 1 
145 2 
147 4 
151 1 
152 2 
154 3 
157 1 
158 2 
160 1 
161 1 
162 1 
163 4 
167 1 
168 5 
173 3 
176 2 
178 1 
179 2 
181 1 
182 2 
184 4 
188 2 
190 1 
191 3 
194 1 
195 3 
198 2 
200 5 
205 2 
207 2 
209 4 
213 3 
216 2 
218 2 
220 2 
222 3 
225 13 
238 2 
240 3 
243 2 
245 1 
246 1 
247 2 
249 4 
253 6 
259 5 
264 2 
266 30 
296 27 
323 9 
332 5 
337 24 
361 12 
373 200 
573 2 
575 34 
609 253 
862 205 
1067 17 
1084 41 
1125 40 
1165 136 
1301 1 
1302 89 
1391 1 
1392 26 
1418 337 
1755 266 
2021 3 
2024 14 
2038 13 
2051 147 
2198 2 
2200 30 
2230 10 
2240 36 
2276 127 
2403 35 
2438 9 
2447 26 
2473 128 
2601 82 
2683 48 
2731 53 
2784 25 
2809 91 
2900 114 
3014 86 
3100 9 
3109 373 
3482 28 
3510 94 
3604 97 
3701 19 
3720 296 
4016 5 
4021 98 
4119 3 
4122 110 
4232 49 
4281 157 
4438 138 
4576 173 
4749 75 
4824 106 
4930 50 
4980 46 
5026 73 
5099 135 
5234 48 
5282 28 
5310 89 
5399 43 
5442 5 
5447 93 
5540 40 
5580 96 
5676 167 
5843 34 
5877 120 
5997 32 
6029 21 
6050 102 
6152 373 
6525 55 
6580 34 
6614 259 
6873 4 
6877 45 
6922 4 
6926 10 
6936 10 
6946 47 
6993 10 
7003 259 
7262 3 
7265 373 
7638 2 
7640 26 
7666 19 
7685 51 
7736 93 
7829 13 
7842 72 
7914 50 
7964 48 
8012 38 
8050 145 
8195 1 
8196 209 
8405 1 
8406 63 
8469 32 
8501 24 
8525 6 
8531 373 
8904 10 
8914 140 
9054 135 
9189 2 
9191 4 
9195 207 
9402 101 
9503 266 
9769 23 
9792 28 
9820 49 
9869 49 
9918 67 
9985 23 
10008 48 
10056 9 
10065 48 
10113 13 
10126 35 
10161 129 
10290 26 
10316 21 
10337 37 
10374 107 
10481 373 
10854 68 
10922 9 
10931 104 
11035 24 
11059 176 
11235 10 
11245 112 
11357 373 
11730 152 
11882 1 
11883 65 
11948 323 
12271 54 
12325 98 
12423 29 
12452 12 
12464 240 
12704 13 
12717 38 
12755 51 
12806 13 
12819 22 
12841 71 
12912 22 
12934 48 
12982 130 
13112 373 
13485 19 
13504 9 
13513 95 
13608 147 
13755 90 
13845 144 
13989 266 
14255 12 
14267 160 
14427 52 
14479 24 
14503 29 
14532 143 
14675 120 
14795 25 
14820 51 
14871 79 
14950 20 
14970 135 
15105 39 
15144 29 
15173 138 
15311 4 
15315 30 
15345 240 
15585 2 
15587 28 
15615 323 
15938 2 
15940 8 
15948 337 
16285 2 
16287 75 
16362 127 
16489 67 
16556 75 
16631 16 
16647 129 
16776 25 
16801 52 
16853 40 
16893 7 
16900 71 
16971 74 
17045 225 
17270 1 
17271 130 
17401 71 
17472 296 
17768 26 
17794 9 
17803 124 
17927 2 
17929 54 
17983 26 
18009 195 
18204 1 
18205 9 
18214 27 
18241 151 
18392 65 
18457 154 
18611 1 
18612 209 
18821 213 
19034 2 
19036 24 
19060 259 
19319 2 
19321 119 
19440 373 
19813 31 
19844 45 
19889 205 
20094 15 
20109 26 
20135 49 
20184 373 
20557 178 
20735 5 
20740 116 
20856 59 
20915 42 
20957 76 
21033 264 
21297 4 
21301 49 
21350 13 
21363 296 
21659 20 
21679 188 
21867 117 
21984 3 
21987 46 
22033 97 
22130 216 
22346 16 
22362 35 
22397 129 
22526 21 
22547 337 
22884 11 
22895 20 
22915 37 
22952 59 
23011 39 
23050 361 
23411 7 
23418 8 
23426 23 
23449 56 
23505 27 
23532 184 
23716 74 
23790 181 
23971 147 
24118 3 
24121 42 
24163 373 
24536 20 
24556 5 
24561 49 
24610 11 
24621 243 
24864 1 
24865 112 
24977 8 
24985 94 
25079 84 
25163 139 
25302 108 
25410 20 
25430 15 
25445 108 
25553 296 
25849 66 
25915 8 
25923 209 
26132 70 
26202 72 
26274 264 
26538 19 
26557 29 
26586 20 
26606 94 
26700 124 
26824 3 
26827 54 
26881 37 
26918 7 
26925 26 
26951 84 
27035 98 
27133 4 
27137 101 
27238 18 
27256 40 
27296 296 
27592 225 
27817 8 
27825 4 
27829 188 
28017 266 
28283 5 
28288 168 
28456 337 
28793 1 
28794 63 
28857 176 
29033 1 
29034 119 
29153 266 
29419 29 
29448 120 
29568 106 
29674 20 
29694 128 
29822 16 
29838 48 
29886 48 
29934 9 
29943 60 
30003 69 
30072 173 
30245 323 
30568 19 
30587 161 
30748 15 
30763 24 
30787 13 
30800 184 
30984 110 
31094 191 
31285 2 
31287 38 
31325 108 
31433 1 
31434 4 
31438 18 
31456 51 
31507 17 
31524 36 
31560 49 
31609 209 
31818 181 
31999 373 
32372 112 
32484 53 
32537 21 
32558 23 
32581 9 
32590 575 
33165 24 
33189 7 
33196 82 
33278 127 
33405 85 
33490 60 
33550 296 
33846 6 
33852 332 
34184 29 
34213 21 
34234 42 
34276 35 
34311 24 
34335 94 
34429 60 
34489 34 
34523 50 
34573 96 
34669 247 
34916 5 
34921 17 
34938 191 
35129 63 
35192 158 
35350 1 
35351 36 
35387 161 
35548 50 
35598 16 
35614 14 
35628 36 
35664 34 
35698 246 
35944 68 
36012 24 
36036 98 
36134 14 
36148 103 
36251 118 
36369 79 
36448 12 
36460 162 
36622 140 
36762 135 
36897 76 
36973 87 
37060 66 
37126 220 
37346 58 
37404 22 
37426 23 
37449 15 
37464 10 
37474 266 
37740 16 
37756 124 
37880 266 
38146 10 
38156 25 
38181 157 
38338 14 
38352 139 
38491 96 
38587 74 
38661 96 
38757 57 
38814 71 
38885 5 
38890 8 
38898 29 
38927 28 
38955 79 
39034 98 
39132 79 
39211 54 
39265 575 
39840 15 
39855 184 
40039 3 
40042 118 
40160 46 
40206 10 
40216 141 
40357 225 
40582 4 
40586 55 
40641 323 
40964 21 
40985 266 
41251 21 
41272 111 
41383 25 
41408 117 
41525 61 
41586 39 
41625 86 
41711 266 
41977 28 
42005 85 
42090 243 
42333 142 
42475 296 
42771 10 
42781 8 
42789 191 
42980 296 
43276 112 
43388 131 
43519 95 
43614 47 
43661 58 
43719 66 
43785 266 
44051 14 
44065 373 
44438 12 
44450 103 
44553 266 
44819 6 
44825 39 
44864 118 
44982 200 
45182 1 
45183 21 
45204 81 
45285 2 
45287 57 
45344 88 
45432 106 
45538 158 
45696 105 
45801 102 
45903 102 
46005 135 
46140 209 
46349 92 
46441 36 
46477 18 
46495 167 
46662 65 
46727 40 
46767 70 
46837 3 
46840 45 
46885 34 
46919 207 
47126 1 
47127 373 
47500 76 
47576 361 
47937 64 
48001 179 
48180 16 
48196 323 
48519 7 
48526 71 
48597 127 
48724 238 
48962 33 
48995 60 
49055 23 
49078 119 
49197 5 
49202 13 
49215 44 
49259 141 
49400 1 
49401 24 
49425 4 
49429 205 
49634 1 
49635 15 
49650 17 
49667 106 
49773 4 
49777 240 
50017 83 
50100 14 
50114 130 
50244 27 
50271 131 
50402 209 
50611 2 
50613 218 
50831 2 
50833 160 
50993 15 
51008 38 
51046 129 
51175 253 
51428 2 
51430 29 
51459 106 
51565 113 
51678 80 
51758 220 
51978 1 
51979 74 
52053 89 
52142 47 
52189 44 
52233 5 
52238 53 
52291 373 
52664 34 
52698 36 
52734 181 
52915 50 
52965 80 
53045 249 
53294 7 
53301 15 
53316 151 
53467 4 
53471 200 
53671 29 
53700 116 
53816 120 
53936 1 
53937 14 
53951 114 
54065 30 
54095 49 
54144 28 
54172 266 
54438 93 
54531 34 
54565 87 
54652 373 
55025 48 
55073 100 
55173 76 
55249 19 
55268 100 
55368 69 
55437 157 
55594 10 
55604 6 
55610 154 
55764 178 
55942 54 
55996 3 
55999 50 
56049 182 
56231 17 
56248 5 
56253 373 
56626 53 
56679 100 
56779 72 
56851 44 
56895 55 
56950 89 
57039 141 
57180 18 
57198 82 
57280 12 
57292 102 
57394 296 
57690 16 
57706 123 
57829 182 
58011 12 
58023 18 
58041 79 
58120 71 
58191 179 
58370 103 
58473 61 
58534 7 
58541 13 
58554 124 
58678 136 
58814 266 
59080 25 
59105 373 
59478 124 
59602 2 
59604 18 
59622 179 
59801 1 
59802 106 
59908 34 
59942 84 
60026 27 
60053 73 
60126 19 
60145 28 
60173 37 
60210 64 
60274 55 
60329 15 
60344 13 
60357 2 
60359 83 
60442 168 
60610 4 
60614 45 
60659 100 
60759 58 
60817 162 
60979 89 
61068 90 
61158 188 
61346 129 
61475 80 
61555 97 
61652 62 
61714 163 
61877 1 
61878 36 
61914 56 
61970 34 
62004 27 
62031 100 
62131 24 
62155 77 
62232 225 
62457 12 
62469 373 
62842 22 
62864 40 
62904 373 
63277 127 
63404 43 
63447 3 
63450 54 
63504 29 
63533 158 
63691 361 
64052 29 
64081 88 
64169 37 
64206 96 
64302 77 
64379 2 
64381 35 
64416 3 
64419 74 
64493 194 
64687 55 
64742 14 
64756 22 
64778 84 
64862 20 
64882 15 
64897 249 
65146 2 
65148 131 
65279 2 
65281 1 
65282 200 
65482 2 
65484 200 
65684 2 
65686 20 
65706 14 
65720 39 
65759 190 
65949 96 
66045 40 
66085 70 
66155 253 
66408 225 
66633 131 
66764 1 
66765 337 
67102 15 
67117 118 
67235 22 
67257 198 
67455 2 
67457 91 
67548 95 
67643 36 
67679 77 
67756 26 
67782 43 
67825 163 
67988 3 
67991 140 
68131 78 
68209 53 
68262 24 
68286 120 
68406 45 
68451 222 
68673 337 
69010 7 
69017 147 
69164 1 
69165 161 
69326 34 
69360 249 
69609 3 
69612 118 
69730 25 
69755 78 
69833 35 
69868 73 
69941 361 
70302 3 
70305 97 
70402 266 
70668 17 
70685 26 
70711 253 
70964 3 
70967 163 
71130 2 
71132 29 
71161 19 
71180 207 
71387 259 
71646 198 
71844 75 
71919 6 
71925 1 
71926 63 
71989 14 
72003 194 
72197 93 
72290 45 
72335 296 
72631 21 
72652 117 
72769 27 
72796 28 
72824 112 
72936 34 
72970 114 
73084 1 
73085 143 
73228 50 
73278 108 
73386 42 
73428 145 
73573 34 
73607 222 
73829 2 
73831 103 
73934 195 
74129 46 
74175 30 
74205 220 
74425 70 
74495 249 
74744 49 
74793 247 
75040 23 
75063 23 
75086 33 
75119 162 
75281 32 
75313 11 
75324 145 
75469 249 
75718 3 
75721 16 
75737 94 
75831 58 
75889 16 
75905 51 
75956 14 
75970 50 
76020 31 
76051 145 
76196 8 
76204 9 
76213 9 
76222 108 
76330 337 
76667 18 
76685 40 
76725 6 
76731 152 
76883 67 
76950 225 
77175 5 
77180 66 
77246 59 
77305 373 
77678 9 
77687 107 
77794 35 
77829 142 
77971 49 
78020 54 
78074 29 
78103 61 
78164 22 
78186 173 
78359 49 
78408 129 
78537 112 
78649 129 
78778 249 
79027 13 
79040 213 
79253 25 
79278 373 
79651 32 
79683 373 
80056 59 
80115 19 
80134 3 
80137 61 
80198 188 
80386 54 
80440 92 
80532 135 
80667 48 
80715 120 
80835 5 
80840 10 
80850 60 
80910 6 
80916 373 
81289 100 
81389 50 
81439 178 
81617 332 
81949 609 
82558 18 
82576 25 
82601 152 
82753 127 
82880 62 
82942 49 
82991 68 
83059 119 
83178 173 
83351 2 
83353 113 
83466 52 
83518 33 
83551 112 
83663 53 
83716 24 
83740 238 
83978 32 
84010 28 
84038 21 
84059 41 
84100 71 
84171 95 
84266 266 
84532 88 
84620 88 
84708 50 
84758 71 
84829 247 
85076 1 
85077 23 
85100 19 
85119 135 
85254 609 
85863 131 
85994 3 
85997 43 
86040 136 
86176 18 
86194 24 
86218 160 
86378 176 
86554 37 
86591 264 
86855 78 
86933 245 
87178 64 
87242 29 
87271 19 
87290 1 
87291 119 
87410 85 
87495 52 
87547 40 
87587 23 
87610 323 
87933 6 
87939 36 
87975 179 
88154 147 
88301 16 
88317 55 
88372 42 
88414 113 
88527 173 
88700 33 
88733 2 
88735 31 
88766 10 
88776 25 
88801 45 
88846 135 
88981 33 
89014 209 
89223 3 
89226 209 
89435 15 
89450 28 
89478 4 
89482 104 
89586 65 
89651 154 
89805 6 
89811 31 
89842 15 
89857 53 
89910 3 
89913 168 
90081 31 
90112 7 
90119 84 
90203 3 
90206 144 
90350 213 
90563 1 
90564 200 
90764 6 
90770 33 
90803 85 
90888 200 
91088 3 
91091 127 
91218 10 
91228 42 
91270 49 
91319 10 
91329 128 
91457 7 
91464 45 
91509 55 
91564 89 
91653 91 
91744 66 
91810 2 
91812 57 
91869 4 
91873 68 
91941 42 
91983 61 
92044 19 
92063 103 
92166 90 
92256 75 
92331 32 
92363 4 
92367 34 
92401 28 
92429 34 
92463 52 
92515 113 
92628 67 
92695 28 
92723 24 
92747 246 
92993 2 
92995 36 
93031 34 
93065 89 
93154 37 
93191 41 
93232 61 
93293 200 
93493 62 
93555 243 
93798 2 
93800 48 
93848 191 
94039 88 
94127 25 
94152 95 
94247 73 
94320 17 
94337 12 
94349 28 
94377 35 
94412 5 
94417 98 
94515 118 
94633 131 
94764 107 
94871 57 
94928 80 
95008 34 
95042 120 
95162 93 
95255 111 
95366 5 
95371 31 
95402 17 
95419 39 
95458 216 
95674 105 
95779 323 
96102 57 
96159 144 
96303 53 
96356 4 
96360 64 
96424 42 
96466 40 
96506 13 
96519 154 
96673 245 
96918 3 
96921 60 
96981 43 
97024 76 
97100 5 
97105 34 
97139 5 
97144 16 
97160 69 
97229 123 
97352 195 
97547 4 
97551 190 
97741 41 
97782 71 
97853 218 
98071 238 
98309 1 
98310 98 
98408 163 
98571 127 
98698 129 
98827 19 
98846 15 
98861 161 
99022 213 
99235 29 
99264 373 
99637 44 
99681 81 
