6653
1 1 
2 1 
3 2 
5 3 
8 5 
13 8 
21 13 
34 21 
55 34 
89 55 
144 89 
233 144 
377 233 
610 377 
987 610 
1597 987 
2584 1597 
4181 2584 
6765 4181 
10946 6765 
17711 10946 
28657 17711 
46368 17711 
64079 144 
64223 55 
64278 21 
64299 8 
64307 3 
64310 1 
64311 1597 
65908 610 
66518 144 
66662 21 
66683 5 
66688 1 
66689 28657 
95346 2584 
97930 377 
98307 144 
98451 21 
98472 5 
98477 2 
98479 46368 
144847 4181 
149028 377 
149405 144 
149549 34 
149583 5 
149588 144847 
294435 1597 
296032 55 
296087 21 
296108 8 
296116 2 
296118 98479 
394597 10946 
405543 1597 
407140 5 
407145 2 
407147 10946 
418093 4181 
422274 1597 
423871 144 
424015 55 
424070 5 
424075 98479 
522554 28657 
551211 10946 
562157 2584 
564741 987 
565728 377 
566105 89 
566194 3 
566197 1 
566198 610 
566808 89 
566897 13 
566910 5 
566915 2 
566917 149588 
716505 28657 
745162 10946 
756108 2584 
758692 610 
759302 233 
759535 89 
759624 13 
759637 3 
759640 1 
759641 98479 
858120 17711 
875831 6765 
882596 610 
883206 233 
883439 55 
883494 21 
883515 5 
883520 1 
883521 98479 
982000 17711 
999711 233 
999944 55 
999999 13 
1000012 5 
1000017 46368 
1046385 987 
1047372 233 
1047605 34 
1047639 3 
1047642 98479 
1146121 4181 
1150302 233 
1150535 89 
1150624 34 
1150658 28657 
1179315 610 
1179925 55 
1179980 8 
1179988 3 
1179991 98479 
1278470 28657 
1307127 4181 
1311308 1597 
1312905 610 
1313515 144 
1313659 55 
1313714 21 
1313735 17711 
1331446 2584 
1334030 987 
1335017 233 
1335250 89 
1335339 5 
1335344 2 
1335346 66689 
1402035 6765 
1408800 987 
1409787 233 
1410020 34 
1410054 13 
1410067 5 
1410072 28657 
1438729 2584 
1441313 144 
1441457 55 
1441512 1 
1441513 149588 
1591101 10946 
1602047 4181 
1606228 377 
1606605 21 
1606626 8 
1606634 3 
1606637 1 
1606638 46368 
1653006 10946 
1663952 55 
1664007 13 
1664020 3 
1664023 28657 
1692680 2584 
1695264 610 
1695874 233 
1696107 55 
1696162 21 
1696183 2 
1696185 66689 
1762874 17711 
1780585 4181 
1784766 1597 
1786363 610 
1786973 89 
1787062 21 
1787083 5 
1787088 4181 
1791269 1597 
1792866 144 
1793010 34 
1793044 2 
1793046 17711 
1810757 2584 
1813341 610 
1813951 233 
1814184 89 
1814273 21 
1814294 5 
1814299 149588 
1963887 66689 
2030576 10946 
2041522 4181 
2045703 987 
2046690 233 
2046923 89 
2047012 8 
2047020 3 
2047023 28657 
2075680 2584 
2078264 987 
2079251 89 
2079340 21 
2079361 5 
2079366 1 
2079367 66689 
2146056 6765 
2152821 2584 
2155405 987 
2156392 144 
2156536 13 
2156549 1 
2156550 66689 
2223239 10946 
2234185 2584 
2236769 377 
2237146 144 
2237290 5 
2237295 46368 
2283663 6765 
2290428 1597 
2292025 377 
2292402 13 
2292415 3 
2292418 1 
2292419 296118 
2588537 66689 
2655226 34 
2655260 8 
2655268 1 
2655269 17711 
2672980 4181 
2677161 1597 
2678758 89 
2678847 21 
2678868 8 
2678876 3 
2678879 1 
2678880 2584 
2681464 987 
2682451 377 
2682828 144 
2682972 1 
2682973 149588 
2832561 17711 
2850272 2584 
2852856 377 
2853233 144 
2853377 55 
2853432 13 
2853445 3 
2853448 1 
2853449 10946 
2864395 377 
2864772 144 
2864916 34 
2864950 3 
2864953 1 
2864954 149588 
3014542 46368 
3060910 4181 
3065091 987 
3066078 377 
3066455 89 
3066544 13 
3066557 5 
3066562 2 
3066564 6765 
3073329 377 
3073706 8 
3073714 1 
3073715 17711 
3091426 6765 
3098191 1597 
3099788 377 
3100165 144 
3100309 13 
3100322 1 
3100323 149588 
3249911 17711 
3267622 6765 
3274387 2584 
3276971 987 
3277958 34 
3277992 13 
3278005 5 
3278010 1 
3278011 98479 
3376490 6765 
3383255 2584 
3385839 610 
3386449 144 
3386593 55 
3386648 1 
3386649 10946 
3397595 4181 
3401776 1597 
3403373 377 
3403750 17711 
3421461 4181 
3425642 144 
3425786 21 
3425807 8 
3425815 3 
3425818 66689 
3492507 17711 
3510218 6765 
3516983 2584 
3519567 144 
3519711 21 
3519732 5 
3519737 2 
3519739 28657 
3548396 2584 
3550980 610 
3551590 144 
3551734 55 
3551789 13 
3551802 3 
3551805 46368 
3598173 4181 
3602354 1597 
3603951 610 
3604561 55 
3604616 5 
3604621 2 
3604623 149588 
3754211 46368 
3800579 4181 
3804760 987 
3805747 377 
3806124 89 
3806213 34 
3806247 13 
3806260 5 
3806265 2 
3806267 144847 
3951114 610 
3951724 233 
3951957 21 
3951978 8 
3951986 3 
3951989 1 
3951990 17711 
3969701 2584 
3972285 987 
3973272 233 
3973505 55 
3973560 13 
3973573 5 
3973578 17711 
3991289 1597 
3992886 610 
3993496 144 
3993640 55 
3993695 8 
3993703 3 
3993706 1 
3993707 46368 
4040075 2584 
4042659 21 
4042680 8 
4042688 149588 
4192276 28657 
4220933 6765 
4227698 1597 
4229295 144 
4229439 13 
4229452 1 
4229453 296118 
4525571 66689 
4592260 6765 
4599025 1597 
4600622 233 
4600855 89 
4600944 21 
4600965 5 
4600970 2 
4600972 98479 
4699451 28657 
4728108 6765 
4734873 1597 
4736470 144 
4736614 21 
4736635 3 
4736638 1 
4736639 98479 
4835118 17711 
4852829 4181 
4857010 1597 
4858607 610 
4859217 89 
4859306 2 
4859308 149588 
5008896 10946 
5019842 4181 
5024023 89 
5024112 5 
5024117 2 
5024119 149588 
5173707 46368 
5220075 6765 
5226840 987 
5227827 21 
5227848 3 
5227851 28657 
5256508 2584 
5259092 89 
5259181 21 
5259202 46368 
5305570 4181 
5309751 1597 
5311348 610 
5311958 55 
5312013 21 
5312034 8 
5312042 3 
5312045 1 
5312046 17711 
5329757 987 
5330744 233 
5330977 89 
5331066 21 
5331087 5 
5331092 1 
5331093 10946 
5342039 2584 
5344623 987 
5345610 89 
5345699 13 
5345712 3 
5345715 1 
5345716 66689 
5412405 10946 
5423351 1597 
5424948 233 
5425181 55 
5425236 13 
5425249 5 
5425254 2 
5425256 98479 
5523735 17711 
5541446 2584 
5544030 610 
5544640 21 
5544661 5 
5544666 1 
5544667 17711 
5562378 4181 
5566559 987 
5567546 55 
5567601 1 
5567602 98479 
5666081 28657 
5694738 987 
5695725 377 
5696102 144 
5696246 55 
5696301 13 
5696314 66689 
5763003 2584 
5765587 987 
5766574 377 
5766951 89 
5767040 21 
5767061 8 
5767069 2 
5767071 66689 
5833760 4181 
5837941 987 
5838928 89 
5839017 34 
5839051 5 
5839056 28657 
5867713 10946 
5878659 89 
5878748 8 
5878756 98479 
5977235 2584 
5979819 377 
5980196 21 
5980217 394597 
6374814 1597 
6376411 377 
6376788 89 
6376877 34 
6376911 3 
6376914 1 
6376915 28657 
6405572 4181 
6409753 377 
6410130 144 
6410274 8 
6410282 3 
6410285 1 
6410286 149588 
6559874 17711 
6577585 233 
6577818 89 
6577907 21 
6577928 5 
6577933 149588 
6727521 6765 
6734286 987 
6735273 144 
6735417 55 
6735472 21 
6735493 2 
6735495 66689 
6802184 4181 
6806365 987 
6807352 233 
6807585 55 
6807640 98479 
6906119 10946 
6917065 1597 
6918662 377 
6919039 34 
6919073 66689 
6985762 2584 
6988346 987 
6989333 377 
6989710 2 
6989712 28657 
7018369 10946 
7029315 610 
7029925 233 
7030158 21 
7030179 5 
7030184 1 
7030185 28657 
7058842 377 
7059219 55 
7059274 5 
7059279 149588 
7208867 98479 
7307346 17711 
7325057 987 
7326044 377 
7326421 89 
7326510 2 
7326512 98479 
7424991 17711 
7442702 987 
7443689 89 
7443778 34 
7443812 8 
7443820 149588 
7593408 46368 
7639776 10946 
7650722 144 
7650866 55 
7650921 21 
7650942 8 
7650950 2 
7650952 46368 
7697320 4181 
7701501 987 
7702488 377 
7702865 55 
7702920 2 
7702922 46368 
7749290 10946 
7760236 1597 
7761833 233 
7762066 89 
7762155 21 
7762176 2 
7762178 17711 
7779889 4181 
7784070 987 
7785057 377 
7785434 21 
7785455 8 
7785463 28657 
7814120 2584 
7816704 987 
7817691 8 
7817699 296118 
8113817 46368 
8160185 4181 
8164366 987 
8165353 377 
8165730 34 
8165764 13 
8165777 3 
8165780 4181 
8169961 377 
8170338 34 
8170372 13 
8170385 5 
8170390 1 
8170391 294435 
8464826 610 
8465436 233 
8465669 55 
8465724 8 
8465732 6765 
8472497 610 
8473107 233 
8473340 13 
8473353 5 
8473358 1 
8473359 6765 
8480124 2584 
8482708 987 
8483695 13 
8483708 10946 
8494654 987 
8495641 377 
8496018 89 
8496107 21 
8496128 1 
8496129 10946 
8507075 2584 
8509659 55 
8509714 21 
8509735 5 
8509740 2 
8509742 28657 
8538399 6765 
8545164 1597 
8546761 610 
8547371 144 
8547515 21 
8547536 8 
8547544 2 
8547546 149405 
8696951 55 
8697006 2 
8697008 66689 
8763697 10946 
8774643 4181 
8778824 233 
8779057 55 
8779112 13 
8779125 5 
8779130 149588 
8928718 64079 
8992797 55 
8992852 2 
8992854 98479 
9091333 28657 
9119990 6765 
9126755 2584 
9129339 987 
9130326 377 
9130703 144 
9130847 55 
9130902 21 
9130923 46368 
9177291 10946 
9188237 2584 
9190821 233 
9191054 8 
9191062 66689 
9257751 6765 
9264516 1597 
9266113 377 
9266490 89 
9266579 5 
9266584 2 
9266586 4181 
9270767 1597 
9272364 610 
9272974 233 
9273207 13 
9273220 3 
9273223 1 
9273224 10946 
9284170 610 
9284780 55 
9284835 8 
9284843 46368 
9331211 4181 
9335392 1597 
9336989 610 
9337599 233 
9337832 89 
9337921 13 
9337934 5 
9337939 2 
9337941 66689 
9404630 17711 
9422341 6765 
9429106 377 
9429483 144 
9429627 21 
9429648 8 
9429656 2 
9429658 149588 
9579246 17711 
9596957 987 
9597944 233 
9598177 89 
9598266 34 
9598300 13 
9598313 418093 
10016406 1597 
10018003 610 
10018613 89 
10018702 34 
10018736 13 
10018749 1 
10018750 17711 
10036461 6765 
10043226 1597 
10044823 377 
10045200 55 
10045255 21 
10045276 8 
10045284 3 
10045287 1597 
10046884 377 
10047261 89 
10047350 34 
10047384 13 
10047397 3 
10047400 1 
10047401 4181 
10051582 233 
10051815 89 
10051904 13 
10051917 5 
10051922 66689 
10118611 10946 
10129557 2584 
10132141 987 
10133128 377 
10133505 89 
10133594 34 
10133628 3 
10133631 1 
10133632 17711 
10151343 6765 
10158108 377 
10158485 89 
10158574 34 
10158608 8 
10158616 1 
10158617 10946 
10169563 233 
10169796 13 
10169809 2 
10169811 4181 
10173992 987 
10174979 377 
10175356 55 
10175411 13 
10175424 5 
10175429 4181 
10179610 144 
10179754 21 
10179775 3 
10179778 1 
10179779 149588 
10329367 17711 
10347078 610 
10347688 8 
10347696 3 
10347699 66689 
10414388 17711 
10432099 233 
10432332 89 
10432421 8 
10432429 6765 
10439194 987 
10440181 377 
10440558 13 
10440571 3 
10440574 1 
10440575 98479 
10539054 28657 
10567711 6765 
10574476 2584 
10577060 377 
10577437 144 
10577581 34 
10577615 2 
10577617 149588 
10727205 66689 
10793894 17711 
10811605 6765 
10818370 1597 
10819967 144 
10820111 21 
10820132 8 
10820140 3 
10820143 149588 
10969731 17711 
10987442 4181 
10991623 144 
10991767 21 
10991788 8 
10991796 2 
10991798 28657 
11020455 987 
11021442 377 
11021819 144 
11021963 34 
11021997 13 
11022010 5 
11022015 46368 
11068383 6765 
11075148 2584 
11077732 610 
11078342 233 
11078575 89 
11078664 34 
11078698 1 
11078699 98479 
11177178 17711 
11194889 6765 
11201654 2584 
11204238 377 
11204615 144 
11204759 34 
11204793 3 
11204796 66689 
11271485 10946 
11282431 987 
11283418 377 
11283795 55 
11283850 13 
11283863 2 
11283865 28657 
11312522 10946 
11323468 2584 
11326052 610 
11326662 144 
11326806 55 
11326861 21 
11326882 8 
11326890 3 
11326893 28657 
11355550 1597 
11357147 377 
11357524 89 
11357613 21 
11357634 5 
11357639 149588 
11507227 66689 
11573916 10946 
11584862 4181 
11589043 1597 
11590640 610 
11591250 89 
11591339 34 
11591373 8 
11591381 1 
11591382 6765 
11598147 2584 
11600731 987 
11601718 377 
11602095 144 
11602239 55 
11602294 8 
11602302 3 
11602305 1 
11602306 6765 
11609071 987 
11610058 233 
11610291 21 
11610312 8 
11610320 3 
11610323 1 
11610324 149588 
11759912 98479 
11858391 10946 
11869337 2584 
11871921 610 
11872531 233 
11872764 21 
11872785 5 
11872790 2 
11872792 149588 
12022380 98479 
12120859 28657 
12149516 10946 
12160462 4181 
12164643 610 
12165253 55 
12165308 21 
12165329 5 
12165334 10946 
12176280 233 
12176513 89 
12176602 13 
12176615 5 
12176620 28657 
12205277 377 
12205654 21 
12205675 5 
12205680 1 
12205681 1597 
12207278 610 
12207888 89 
12207977 34 
12208011 13 
12208024 3 
12208027 1 
12208028 46368 
12254396 987 
12255383 233 
12255616 34 
12255650 13 
12255663 1 
12255664 46368 
12302032 6765 
12308797 2584 
12311381 987 
12312368 144 
12312512 34 
12312546 5 
12312551 2 
12312553 66689 
12379242 610 
12379852 144 
12379996 34 
12380030 5 
12380035 2 
12380037 46368 
12426405 6765 
12433170 987 
12434157 5 
12434162 46368 
12480530 4181 
12484711 34 
12484745 5 
12484750 2 
12484752 46368 
12531120 4181 
12535301 1597 
12536898 377 
12537275 55 
12537330 13 
12537343 5 
12537348 2 
12537350 149588 
12686938 6765 
12693703 377 
12694080 144 
12694224 34 
12694258 8 
12694266 149588 
12843854 10946 
12854800 610 
12855410 144 
12855554 34 
12855588 13 
12855601 1 
12855602 98479 
12954081 4181 
12958262 233 
12958495 89 
12958584 8 
12958592 2 
12958594 64311 
13022905 233 
13023138 21 
13023159 8 
13023167 2 
13023169 28657 
13051826 987 
13052813 233 
13053046 55 
13053101 1 
13053102 149588 
13202690 66689 
13269379 10946 
13280325 987 
13281312 377 
13281689 55 
13281744 21 
13281765 1 
13281766 66689 
13348455 2584 
13351039 377 
13351416 89 
13351505 13 
13351518 2 
13351520 10946 
13362466 987 
13363453 377 
13363830 13 
13363843 3 
13363846 1 
13363847 296118 
13659965 17711 
13677676 6765 
13684441 987 
13685428 377 
13685805 144 
13685949 55 
13686004 21 
13686025 5 
13686030 10946 
13696976 987 
13697963 377 
13698340 34 
13698374 13 
13698387 5 
13698392 2 
13698394 10946 
13709340 233 
13709573 34 
13709607 13 
13709620 2 
13709622 98479 
13808101 34 
13808135 13 
13808148 17711 
13825859 6765 
13832624 2584 
13835208 89 
13835297 34 
13835331 8 
13835339 3 
13835342 1 
13835343 28657 
13864000 10946 
13874946 2584 
13877530 233 
13877763 89 
13877852 21 
13877873 5 
13877878 149588 
14027466 17711 
14045177 1597 
14046774 233 
14047007 55 
14047062 5 
14047067 2 
14047069 98479 
14145548 17711 
14163259 987 
14164246 144 
14164390 1 
14164391 98479 
14262870 10946 
14273816 4181 
14277997 233 
14278230 21 
14278251 3 
14278254 46368 
14324622 10946 
14335568 4181 
14339749 233 
14339982 55 
14340037 3 
14340040 46368 
14386408 4181 
14390589 987 
14391576 377 
14391953 144 
14392097 21 
14392118 3 
14392121 46368 
14438489 4181 
14442670 89 
14442759 34 
14442793 8 
14442801 3 
14442804 149588 
14592392 17711 
14610103 1597 
14611700 233 
14611933 89 
14612022 34 
14612056 2 
14612058 98479 
14710537 10946 
14721483 610 
14722093 233 
14722326 34 
14722360 3 
14722363 1 
14722364 98479 
14820843 4181 
14825024 1597 
14826621 377 
14826998 21 
14827019 8 
14827027 3 
14827030 6765 
14833795 2584 
14836379 987 
14837366 377 
14837743 2 
14837745 46368 
14884113 233 
14884346 89 
14884435 13 
14884448 5 
14884453 1 
14884454 394597 
15279051 2584 
15281635 610 
15282245 144 
15282389 5 
15282394 2 
15282396 98479 
15380875 55 
15380930 21 
15380951 5 
15380956 66689 
15447645 610 
15448255 89 
15448344 21 
15448365 2 
15448367 4181 
15452548 377 
15452925 55 
15452980 13 
15452993 5 
15452998 2 
15453000 98479 
15551479 28657 
15580136 2584 
15582720 610 
15583330 8 
15583338 3 
15583341 28657 
15611998 6765 
15618763 2584 
15621347 987 
15622334 377 
15622711 89 
15622800 21 
15622821 3 
15622824 1 
15622825 10946 
15633771 2584 
15636355 377 
15636732 144 
15636876 34 
15636910 3 
15636913 1 
15636914 10946 
15647860 4181 
15652041 377 
15652418 89 
15652507 13 
15652520 6765 
15659285 1597 
15660882 377 
15661259 89 
15661348 21 
15661369 17711 
15679080 987 
15680067 377 
15680444 144 
15680588 55 
15680643 13 
15680656 3 
15680659 1 
15680660 46368 
15727028 4181 
15731209 1597 
15732806 233 
15733039 89 
15733128 13 
15733141 5 
15733146 1 
15733147 6765 
15739912 2584 
15742496 987 
15743483 377 
15743860 55 
15743915 13 
15743928 1 
15743929 4181 
15748110 233 
15748343 89 
15748432 34 
15748466 13 
15748479 3 
15748482 66689 
15815171 2584 
15817755 987 
15818742 233 
15818975 89 
15819064 34 
15819098 8 
15819106 1 
15819107 149588 
15968695 64311 
16033006 233 
16033239 55 
16033294 13 
16033307 5 
16033312 2 
16033314 6765 
16040079 233 
16040312 21 
16040333 8 
16040341 3 
16040344 149588 
16189932 10946 
16200878 2584 
16203462 377 
16203839 89 
16203928 34 
16203962 5 
16203967 2 
16203969 28657 
16232626 4181 
16236807 1597 
16238404 144 
16238548 55 
16238603 2 
16238605 46368 
16284973 4181 
16289154 1597 
16290751 144 
16290895 55 
16290950 8 
16290958 2 
16290960 66689 
16357649 6765 
16364414 987 
16365401 377 
16365778 89 
16365867 3 
16365870 46368 
16412238 4181 
16416419 1597 
16418016 233 
16418249 55 
16418304 21 
16418325 2 
16418327 66689 
16485016 10946 
16495962 2584 
16498546 89 
16498635 34 
16498669 5 
16498674 149588 
16648262 98479 
16746741 17711 
16764452 4181 
16768633 987 
16769620 89 
16769709 34 
16769743 1 
16769744 28657 
16798401 2584 
16800985 610 
16801595 144 
16801739 34 
16801773 2 
16801775 28657 
16830432 10946 
16841378 1597 
16842975 377 
16843352 89 
16843441 34 
16843475 13 
16843488 1 
16843489 10946 
16854435 4181 
16858616 377 
16858993 89 
16859082 34 
16859116 13 
16859129 1 
16859130 28657 
16887787 4181 
16891968 1597 
16893565 377 
16893942 55 
16893997 3 
16894000 28657 
16922657 10946 
16933603 4181 
16937784 987 
16938771 377 
16939148 3 
16939151 4181 
16943332 144 
16943476 55 
16943531 21 
16943552 8 
16943560 149588 
17093148 17711 
17110859 6765 
17117624 987 
17118611 377 
17118988 144 
17119132 55 
17119187 8 
17119195 3 
17119198 1 
17119199 98479 
17217678 17711 
17235389 1597 
17236986 144 
17237130 55 
17237185 5 
17237190 1 
17237191 98479 
17335670 4181 
17339851 610 
17340461 55 
17340516 21 
17340537 65908 
17406445 13 
17406458 1 
17406459 149588 
17556047 28657 
17584704 987 
17585691 233 
17585924 55 
17585979 21 
17586000 5 
17586005 2 
17586007 66689 
17652696 10946 
17663642 1597 
17665239 610 
17665849 233 
17666082 89 
17666171 5 
17666176 1 
17666177 28657 
17694834 10946 
17705780 1597 
17707377 89 
17707466 21 
17707487 8 
17707495 1 
17707496 6765 
17714261 2584 
17716845 233 
17717078 89 
17717167 21 
17717188 8 
17717196 3 
17717199 28657 
17745856 6765 
17752621 987 
17753608 377 
17753985 89 
17754074 34 
17754108 5 
17754113 149588 
17903701 66689 
17970390 10946 
17981336 4181 
17985517 987 
17986504 377 
17986881 55 
17986936 8 
17986944 1 
17986945 6765 
17993710 987 
17994697 377 
17995074 89 
17995163 21 
17995184 3 
17995187 149588 
18144775 28657 
18173432 2584 
18176016 610 
18176626 144 
18176770 55 
18176825 8 
18176833 3 
18176836 28657 
18205493 6765 
18212258 1597 
18213855 377 
18214232 89 
18214321 1 
18214322 149588 
18363910 1597 
18365507 89 
18365596 34 
18365630 13 
18365643 5 
18365648 2 
18365650 17711 
18383361 6765 
18390126 2584 
18392710 233 
18392943 89 
18393032 34 
18393066 8 
18393074 2 
18393076 149588 
18542664 98479 
18641143 28657 
18669800 4181 
18673981 987 
18674968 55 
18675023 13 
18675036 5 
18675041 2 
18675043 28657 
18703700 4181 
18707881 1597 
18709478 610 
18710088 233 
18710321 34 
18710355 13 
18710368 5 
18710373 1 
18710374 28657 
18739031 6765 
18745796 2584 
18748380 377 
18748757 144 
18748901 55 
18748956 21 
18748977 3 
18748980 98479 
18847459 17711 
18865170 987 
18866157 377 
18866534 144 
18866678 21 
18866699 5 
18866704 2 
18866706 66689 
18933395 17711 
18951106 89 
18951195 34 
18951229 8 
18951237 3 
18951240 98479 
19049719 10946 
19060665 4181 
19064846 610 
19065456 89 
19065545 34 
19065579 8 
19065587 3 
19065590 1 
19065591 66689 
19132280 10946 
19143226 1597 
19144823 377 
19145200 21 
19145221 5 
19145226 1 
19145227 66689 
19211916 4181 
19216097 1597 
19217694 610 
19218304 233 
19218537 34 
19218571 8 
19218579 1 
19218580 144847 
19363427 2584 
19366011 377 
19366388 89 
19366477 8 
19366485 2 
19366487 28657 
19395144 987 
19396131 233 
19396364 55 
19396419 21 
19396440 6765 
19403205 987 
19404192 377 
19404569 8 
19404577 3 
19404580 1 
19404581 4181 
19408762 1597 
19410359 377 
19410736 144 
19410880 34 
19410914 1 
19410915 10946 
19421861 233 
19422094 89 
19422183 34 
19422217 13 
19422230 3 
19422233 1 
19422234 17711 
19439945 6765 
19446710 987 
19447697 377 
19448074 55 
19448129 8 
19448137 2 
19448139 149588 
19597727 66689 
19664416 17711 
19682127 1597 
19683724 610 
19684334 233 
19684567 13 
19684580 3 
19684583 1 
19684584 66689 
19751273 610 
19751883 144 
19752027 34 
19752061 3 
19752064 1 
19752065 149588 
19901653 66689 
19968342 17711 
19986053 4181 
19990234 1597 
19991831 89 
19991920 21 
19991941 8 
19991949 3 
19991952 296118 
20288070 2584 
20290654 987 
20291641 144 
20291785 55 
20291840 2 
20291842 98479 
20390321 10946 
20401267 4181 
20405448 987 
20406435 233 
20406668 55 
20406723 5 
20406728 98479 
20505207 17711 
20522918 4181 
20527099 233 
20527332 89 
20527421 5 
20527426 149588 
20677014 4181 
20681195 377 
20681572 144 
20681716 55 
20681771 21 
20681792 3 
20681795 1 
20681796 46368 
20728164 987 
20729151 233 
20729384 55 
20729439 21 
20729460 5 
20729465 2 
20729467 28657 
20758124 377 
20758501 144 
20758645 55 
20758700 13 
20758713 3 
20758716 1 
20758717 28657 
20787374 2584 
20789958 233 
20790191 89 
20790280 34 
20790314 5 
20790319 1 
20790320 4181 
20794501 987 
20795488 233 
20795721 89 
20795810 21 
20795831 66689 
20862520 987 
20863507 377 
20863884 55 
20863939 3 
20863942 1 
20863943 66689 
20930632 6765 
20937397 2584 
20939981 610 
20940591 233 
20940824 21 
20940845 5 
20940850 610 
20941460 233 
20941693 34 
20941727 13 
20941740 1 
20941741 28657 
20970398 1597 
20971995 144 
20972139 55 
20972194 13 
20972207 5 
20972212 1 
20972213 17711 
20989924 377 
20990301 144 
20990445 34 
20990479 13 
20990492 5 
20990497 1 
20990498 28657 
21019155 1597 
21020752 233 
21020985 34 
21021019 5 
21021024 1 
21021025 66689 
21087714 17711 
21105425 6765 
21112190 2584 
21114774 987 
21115761 233 
21115994 34 
21116028 5 
21116033 2 
21116035 46368 
21162403 2584 
21164987 377 
21165364 144 
21165508 21 
21165529 2 
21165531 17711 
21183242 4181 
21187423 1597 
21189020 233 
21189253 89 
21189342 2 
21189344 46368 
21235712 10946 
21246658 1597 
21248255 233 
21248488 55 
21248543 1 
21248544 17711 
21266255 2584 
21268839 987 
21269826 233 
21270059 55 
21270114 21 
21270135 296118 
21566253 17711 
21583964 4181 
21588145 1597 
21589742 377 
21590119 144 
21590263 55 
21590318 21 
21590339 8 
21590347 1 
21590348 66689 
21657037 10946 
21667983 1597 
21669580 21 
21669601 8 
21669609 3 
21669612 1 
21669613 66689 
21736302 10946 
21747248 4181 
21751429 610 
21752039 55 
21752094 21 
21752115 5 
21752120 1 
21752121 28657 
21780778 4181 
21784959 987 
21785946 377 
21786323 144 
21786467 5 
21786472 1 
21786473 6765 
21793238 89 
21793327 8 
21793335 3 
21793338 149588 
21942926 10946 
21953872 1597 
21955469 144 
21955613 55 
21955668 21 
21955689 3 
21955692 149588 
22105280 98479 
22203759 28657 
22232416 4181 
22236597 1597 
22238194 144 
22238338 13 
22238351 1 
22238352 10946 
22249298 610 
22249908 144 
22250052 34 
22250086 5 
22250091 17711 
22267802 4181 
22271983 1597 
22273580 89 
22273669 34 
22273703 8 
22273711 1 
22273712 98479 
22372191 28657 
22400848 6765 
22407613 2584 
22410197 610 
22410807 55 
22410862 5 
22410867 149588 
22560455 17711 
22578166 4181 
22582347 987 
22583334 233 
22583567 55 
22583622 21 
22583643 5 
22583648 149588 
22733236 95346 
22828582 233 
22828815 89 
22828904 8 
22828912 2 
22828914 10946 
22839860 4181 
22844041 987 
22845028 144 
22845172 13 
22845185 3 
22845188 1 
22845189 66689 
22911878 17711 
22929589 6765 
22936354 2584 
22938938 377 
22939315 13 
22939328 2 
22939330 28657 
22967987 10946 
22978933 4181 
22983114 144 
22983258 21 
22983279 66689 
23049968 17711 
23067679 2584 
23070263 233 
23070496 55 
23070551 13 
23070564 5 
23070569 1 
23070570 17711 
23088281 6765 
23095046 89 
23095135 3 
23095138 1 
23095139 17711 
23112850 4181 
23117031 144 
23117175 34 
23117209 13 
23117222 2 
23117224 17711 
23134935 2584 
23137519 987 
23138506 377 
23138883 144 
23139027 34 
23139061 13 
23139074 5 
23139079 1 
23139080 6765 
23145845 1597 
23147442 144 
23147586 34 
23147620 28657 
23176277 10946 
23187223 377 
23187600 144 
23187744 55 
23187799 2 
23187801 66689 
23254490 6765 
23261255 2584 
23263839 233 
23264072 8 
23264080 3 
23264083 1 
23264084 17711 
23281795 4181 
23285976 610 
23286586 233 
23286819 55 
23286874 8 
23286882 4181 
23291063 1597 
23292660 89 
23292749 5 
23292754 2 
23292756 66689 
23359445 17711 
23377156 2584 
23379740 987 
23380727 377 
23381104 89 
23381193 8 
23381201 1 
23381202 66689 
23447891 10946 
23458837 233 
23459070 55 
23459125 5 
23459130 2 
23459132 66689 
23525821 1597 
23527418 610 
23528028 21 
23528049 5 
23528054 2 
23528056 17711 
23545767 1597 
23547364 233 
23547597 55 
23547652 21 
23547673 1 
23547674 149588 
23697262 28657 
23725919 10946 
23736865 2584 
23739449 610 
23740059 296118 
24036177 2584 
24038761 377 
24039138 55 
24039193 21 
24039214 8 
24039222 3 
24039225 1 
24039226 28657 
24067883 10946 
24078829 2584 
24081413 987 
24082400 377 
24082777 34 
24082811 13 
24082824 3 
24082827 98479 
24181306 2584 
24183890 377 
24184267 144 
24184411 55 
24184466 13 
24184479 1 
24184480 28657 
24213137 4181 
24217318 987 
24218305 144 
24218449 21 
24218470 2 
24218472 10946 
24229418 987 
24230405 144 
24230549 13 
24230562 5 
24230567 2 
24230569 66689 
24297258 10946 
24308204 233 
24308437 55 
24308492 21 
24308513 2 
24308515 66689 
24375204 2584 
24377788 233 
24378021 89 
24378110 34 
24378144 13 
24378157 3 
24378160 424075 
24802235 66689 
24868924 17711 
24886635 4181 
24890816 987 
24891803 377 
24892180 21 
24892201 8 
24892209 3 
24892212 98479 
24990691 987 
24991678 3 
24991681 1 
24991682 17711 
25009393 6765 
25016158 610 
25016768 233 
25017001 55 
25017056 1 
25017057 610 
25017667 13 
25017680 1 
25017681 4181 
25021862 987 
25022849 144 
25022993 34 
25023027 13 
25023040 5 
25023045 987 
25024032 233 
25024265 89 
25024354 8 
25024362 296118 
25320480 64311 
25384791 144 
25384935 13 
25384948 5 
25384953 1 
25384954 46368 
25431322 4181 
25435503 377 
25435880 13 
25435893 5 
25435898 2 
25435900 17711 
25453611 6765 
25460376 610 
25460986 144 
25461130 55 
25461185 21 
25461206 5 
25461211 28657 
25489868 10946 
25500814 2584 
25503398 987 
25504385 21 
25504406 8 
25504414 3 
25504417 1 
25504418 28657 
25533075 10946 
25544021 2584 
25546605 987 
25547592 377 
25547969 66689 
25614658 17711 
25632369 4181 
25636550 987 
25637537 377 
25637914 21 
25637935 2 
25637937 66689 
25704626 4181 
25708807 1597 
25710404 610 
25711014 89 
25711103 21 
25711124 5 
25711129 1 
25711130 149588 
25860718 66689 
25927407 17711 
25945118 6765 
25951883 987 
25952870 233 
25953103 89 
25953192 8 
25953200 2 
25953202 149588 
26102790 10946 
26113736 610 
26114346 144 
26114490 55 
26114545 2 
26114547 66689 
26181236 10946 
26192182 377 
26192559 34 
26192593 13 
26192606 3 
26192609 1 
26192610 17711 
26210321 2584 
26212905 987 
26213892 89 
26213981 34 
26214015 5 
26214020 28657 
26242677 987 
26243664 377 
26244041 144 
26244185 13 
26244198 5 
26244203 1 
26244204 98479 
26342683 6765 
26349448 610 
26350058 144 
26350202 55 
26350257 5 
26350262 66689 
26416951 2584 
26419535 987 
26420522 377 
26420899 89 
26420988 34 
26421022 1 
26421023 66689 
26487712 17711 
26505423 6765 
26512188 233 
26512421 89 
26512510 21 
26512531 8 
26512539 1 
26512540 296118 
26808658 28657 
26837315 4181 
26841496 1597 
26843093 377 
26843470 55 
26843525 21 
26843546 3 
26843549 1 
26843550 28657 
26872207 2584 
26874791 987 
26875778 144 
26875922 21 
26875943 2 
26875945 28657 
26904602 4181 
26908783 377 
26909160 144 
26909304 5 
26909309 1 
26909310 296118 
27205428 66689 
27272117 1597 
27273714 377 
27274091 89 
27274180 34 
27274214 13 
27274227 5 
27274232 2584 
27276816 144 
27276960 55 
27277015 3 
27277018 1 
27277019 1597 
27278616 89 
27278705 34 
27278739 13 
27278752 1 
27278753 10946 
27289699 4181 
27293880 377 
27294257 55 
27294312 21 
27294333 3 
27294336 2584 
27296920 987 
27297907 55 
27297962 21 
27297983 3 
27297986 1 
27297987 149588 
27447575 46368 
27493943 4181 
27498124 987 
27499111 377 
27499488 89 
27499577 21 
27499598 8 
27499606 3 
27499609 149588 
27649197 17711 
27666908 2584 
27669492 987 
27670479 377 
27670856 144 
27671000 34 
27671034 8 
27671042 3 
27671045 1 
27671046 377 
27671423 34 
27671457 13 
27671470 3 
27671473 1 
27671474 17711 
27689185 4181 
27693366 1597 
27694963 610 
27695573 233 
27695806 55 
27695861 21 
27695882 1 
27695883 66689 
27762572 233 
27762805 1 
27762806 28657 
27791463 377 
27791840 144 
27791984 55 
27792039 3 
27792042 1 
27792043 66689 
27858732 4181 
27862913 987 
27863900 144 
27864044 13 
27864057 5 
27864062 10946 
27875008 4181 
27879189 610 
27879799 144 
27879943 34 
27879977 13 
27879990 66689 
27946679 17711 
27964390 1597 
27965987 610 
27966597 21 
27966618 5 
27966623 4181 
27970804 233 
27971037 89 
27971126 34 
27971160 8 
27971168 3 
27971171 1 
27971172 21 
27971193 8 
27971201 1 
27971202 98479 
28069681 17711 
28087392 2584 
28089976 987 
28090963 233 
28091196 89 
28091285 34 
28091319 8 
28091327 66689 
28158016 10946 
28168962 4181 
28173143 89 
28173232 21 
28173253 1 
28173254 46368 
28219622 6765 
28226387 2584 
28228971 233 
28229204 34 
28229238 13 
28229251 3 
28229254 46368 
28275622 2584 
28278206 610 
28278816 233 
28279049 3 
28279052 1 
28279053 28657 
28307710 10946 
28318656 4181 
28322837 987 
28323824 377 
28324201 89 
28324290 34 
28324324 8 
28324332 2 
28324334 98479 
28422813 17711 
28440524 6765 
28447289 2584 
28449873 987 
28450860 144 
28451004 55 
28451059 21 
28451080 8 
28451088 1 
28451089 10946 
28462035 4181 
28466216 1597 
28467813 377 
28468190 144 
28468334 34 
28468368 8 
28468376 2 
28468378 66689 
28535067 4181 
28539248 987 
28540235 144 
28540379 55 
28540434 2 
28540436 17711 
28558147 2584 
28560731 377 
28561108 144 
28561252 55 
28561307 21 
28561328 5 
28561333 2 
28561335 2584 
28563919 144 
28564063 21 
28564084 3 
28564087 66689 
28630776 17711 
28648487 2584 
28651071 377 
28651448 144 
28651592 8 
28651600 2 
28651602 98479 
28750081 2584 
28752665 89 
28752754 21 
28752775 3 
28752778 296118 
29048896 17711 
29066607 6765 
29073372 233 
29073605 13 
29073618 5 
29073623 2 
29073625 28657 
29102282 2584 
29104866 377 
29105243 89 
29105332 8 
29105340 3 
29105343 17711 
29123054 6765 
29129819 2584 
29132403 377 
29132780 89 
29132869 13 
29132882 1 
29132883 46368 
29179251 10946 
29190197 89 
29190286 21 
29190307 5 
29190312 28657 
29218969 6765 
29225734 1597 
29227331 610 
29227941 233 
29228174 34 
29228208 8 
29228216 3 
29228219 1 
29228220 149588 
29377808 28657 
29406465 10946 
29417411 4181 
29421592 987 
29422579 377 
29422956 21 
29422977 8 
29422985 3 
29422988 28657 
29451645 6765 
29458410 1597 
29460007 144 
29460151 55 
29460206 1 
29460207 296118 
29756325 66689 
29823014 10946 
29833960 2584 
29836544 377 
29836921 55 
29836976 296118 
30133094 28657 
30161751 6765 
30168516 233 
30168749 89 
30168838 21 
30168859 149588 
30318447 377 
30318824 34 
30318858 8 
30318866 3 
30318869 28657 
30347526 10946 
30358472 2584 
30361056 987 
30362043 233 
30362276 34 
30362310 13 
30362323 149588 
30511911 28657 
30540568 6765 
30547333 1597 
30548930 610 
30549540 144 
30549684 55 
30549739 8 
30549747 2 
30549749 46368 
30596117 4181 
30600298 377 
30600675 144 
30600819 55 
30600874 21 
30600895 8 
30600903 2 
30600905 296118 
30897023 10946 
30907969 4181 
30912150 377 
30912527 144 
30912671 13 
30912684 3 
30912687 149588 
31062275 4181 
31066456 610 
31067066 4181 
31071247 610 
31071857 89 
31071946 21 
31071967 5 
31071972 1 
31071973 46368 
31118341 6765 
31125106 2584 
31127690 144 
31127834 98479 
31226313 17711 
31244024 1597 
31245621 377 
31245998 55 
31246053 21 
31246074 8 
31246082 3 
31246085 1 
31246086 28657 
31274743 10946 
31285689 1597 
31287286 89 
31287375 21 
31287396 5 
31287401 2 
31287403 66689 
31354092 17711 
31371803 6765 
31378568 144 
31378712 8 
31378720 3 
31378723 17711 
31396434 1597 
31398031 55 
31398086 21 
31398107 8 
31398115 2 
31398117 46368 
31444485 6765 
31451250 2584 
31453834 610 
31454444 233 
31454677 89 
31454766 13 
31454779 5 
31454784 2 
31454786 28657 
31483443 6765 
31490208 89 
31490297 34 
31490331 1 
31490332 28657 
31518989 10946 
31529935 4181 
31534116 987 
31535103 233 
31535336 8 
31535344 2584 
31537928 377 
31538305 55 
31538360 149588 
31687948 10946 
31698894 4181 
31703075 233 
31703308 89 
31703397 34 
31703431 1 
31703432 149588 
31853020 98479 
31951499 10946 
31962445 987 
31963432 233 
31963665 55 
31963720 21 
31963741 8 
31963749 1 
31963750 149588 
32113338 17711 
32131049 6765 
32137814 89 
32137903 5 
32137908 28657 
32166565 2584 
32169149 377 
32169526 55 
32169581 21 
32169602 5 
32169607 1 
32169608 149588 
32319196 4181 
32323377 1597 
32324974 377 
32325351 144 
32325495 8 
32325503 3 
32325506 28657 
32354163 10946 
32365109 4181 
32369290 1597 
32370887 377 
32371264 89 
32371353 13 
32371366 1 
32371367 149588 
32520955 28657 
32549612 10946 
32560558 2584 
32563142 987 
32564129 377 
32564506 144 
32564650 8 
32564658 3 
32564661 149588 
32714249 46368 
32760617 10946 
32771563 987 
32772550 233 
32772783 89 
32772872 21 
32772893 8 
32772901 6765 
32779666 987 
32780653 34 
32780687 8 
32780695 3 
32780698 1 
32780699 46368 
32827067 6765 
32833832 377 
32834209 144 
32834353 34 
32834387 13 
32834400 98479 
32932879 28657 
32961536 987 
32962523 144 
32962667 34 
32962701 8 
32962709 2 
32962711 66689 
33029400 2584 
33031984 144 
33032128 13 
33032141 66689 
33098830 2584 
33101414 89 
33101503 13 
33101516 5 
33101521 2 
33101523 46368 
33147891 10946 
33158837 144 
33158981 5 
33158986 1 
33158987 66689 
33225676 10946 
33236622 2584 
33239206 610 
33239816 144 
33239960 8 
33239968 2 
33239970 6765 
33246735 1597 
33248332 610 
33248942 233 
33249175 89 
33249264 21 
33249285 2 
33249287 149588 
33398875 10946 
33409821 4181 
33414002 987 
33414989 89 
33415078 34 
33415112 8 
33415120 2 
33415122 149588 
33564710 28657 
33593367 10946 
33604313 4181 
33608494 1597 
33610091 55 
33610146 13 
33610159 3 
33610162 1 
33610163 28657 
33638820 1597 
33640417 144 
33640561 21 
33640582 3 
33640585 1 
33640586 610 
33641196 8 
33641204 3 
33641207 1 
33641208 28657 
33669865 6765 
33676630 377 
33677007 144 
33677151 34 
33677185 149588 
33826773 66689 
33893462 6765 
33900227 2584 
33902811 144 
33902955 34 
33902989 5 
33902994 2 
33902996 149588 
34052584 66689 
34119273 6765 
34126038 2584 
34128622 987 
34129609 144 
34129753 34 
34129787 13 
34129800 5 
34129805 2 
34129807 28657 
34158464 2584 
34161048 987 
34162035 233 
34162268 55 
34162323 8 
34162331 3 
34162334 66689 
34229023 17711 
34246734 2584 
34249318 987 
34250305 233 
34250538 55 
34250593 21 
34250614 8 
34250622 3 
34250625 1 
34250626 149588 
34400214 98479 
34498693 17711 
34516404 6765 
34523169 987 
34524156 13 
34524169 5 
34524174 17711 
34541885 4181 
34546066 1597 
34547663 233 
34547896 34 
34547930 8 
34547938 66689 
34614627 17711 
34632338 6765 
34639103 2584 
34641687 987 
34642674 377 
34643051 144 
34643195 3 
34643198 149588 
34792786 66689 
34859475 10946 
34870421 4181 
34874602 1597 
34876199 89 
34876288 34 
34876322 13 
34876335 10946 
34887281 2584 
34889865 987 
34890852 377 
34891229 89 
34891318 8 
34891326 3 
34891329 1 
34891330 296118 
35187448 66689 
35254137 6765 
35260902 2584 
35263486 610 
35264096 89 
35264185 21 
35264206 2 
35264208 17711 
35281919 2584 
35284503 34 
35284537 13 
35284550 28657 
35313207 1597 
35314804 8 
35314812 2 
35314814 98479 
35413293 28657 
35441950 10946 
35452896 2584 
35455480 987 
35456467 89 
35456556 21 
35456577 5 
35456582 1 
35456583 66689 
35523272 17711 
35540983 2584 
35543567 144 
35543711 55 
35543766 5 
35543771 17711 
35561482 4181 
35565663 377 
35566040 144 
35566184 8 
35566192 3 
35566195 10946 
35577141 4181 
35581322 610 
35581932 233 
35582165 89 
35582254 21 
35582275 3 
35582278 1 
35582279 46368 
35628647 2584 
35631231 987 
35632218 377 
35632595 89 
35632684 1 
35632685 17711 
35650396 4181 
35654577 610 
35655187 233 
35655420 89 
35655509 21 
35655530 5 
35655535 1 
35655536 149588 
35805124 28657 
35833781 10946 
35844727 610 
35845337 144 
35845481 34 
35845515 13 
35845528 5 
35845533 296118 
36141651 10946 
36152597 4181 
36156778 987 
36157765 377 
36158142 89 
36158231 5 
36158236 1 
36158237 98479 
36256716 10946 
36267662 987 
36268649 233 
36268882 8 
36268890 2 
36268892 28657 
36297549 1597 
36299146 55 
36299201 21 
36299222 8 
36299230 66689 
36365919 4181 
36370100 987 
36371087 55 
36371142 8 
36371150 3 
36371153 1 
36371154 98479 
36469633 17711 
36487344 1597 
36488941 610 
36489551 233 
36489784 55 
36489839 13 
36489852 5 
36489857 10946 
36500803 2584 
36503387 610 
36503997 55 
36504052 21 
36504073 3 
36504076 1 
36504077 28657 
36532734 10946 
36543680 987 
36544667 377 
36545044 34 
36545078 66689 
36611767 6765 
36618532 13 
36618545 46368 
36664913 2584 
36667497 377 
36667874 55 
36667929 21 
36667950 149588 
36817538 10946 
36828484 2584 
36831068 233 
36831301 55 
36831356 13 
36831369 5 
36831374 296118 
37127492 6765 
37134257 1597 
37135854 89 
37135943 13 
37135956 1 
37135957 6765 
37142722 610 
37143332 233 
37143565 89 
37143654 13 
37143667 1 
37143668 17711 
37161379 4181 
37165560 987 
37166547 377 
37166924 144 
37167068 55 
37167123 21 
37167144 149588 
37316732 98479 
37415211 28657 
37443868 6765 
37450633 1597 
37452230 377 
37452607 89 
37452696 2 
37452698 28657 
37481355 10946 
37492301 4181 
37496482 987 
37497469 233 
37497702 5 
37497707 2 
37497709 66689 
37564398 17711 
37582109 1597 
37583706 377 
37584083 89 
37584172 8 
37584180 28657 
37612837 10946 
37623783 610 
37624393 89 
37624482 21 
37624503 5 
37624508 2 
37624510 296118 
37920628 1597 
37922225 377 
37922602 5 
37922607 149588 
38072195 6765 
38078960 987 
38079947 144 
38080091 55 
38080146 8 
38080154 3 
38080157 28657 
38108814 610 
38109424 89 
38109513 34 
38109547 3 
38109550 2584 
38112134 610 
38112744 233 
38112977 89 
38113066 8 
38113074 98479 
38211553 28657 
38240210 10946 
38251156 4181 
38255337 987 
38256324 144 
38256468 1 
38256469 46368 
38302837 4181 
38307018 610 
38307628 21 
38307649 1 
38307650 149588 
38457238 98479 
38555717 6765 
38562482 21 
38562503 3 
38562506 28657 
38591163 2584 
38593747 34 
38593781 13 
38593794 2 
38593796 66689 
38660485 2584 
38663069 233 
38663302 21 
38663323 2 
38663325 296118 
38959443 17711 
38977154 2584 
38979738 377 
38980115 89 
38980204 34 
38980238 8 
38980246 1 
38980247 17711 
38997958 6765 
39004723 2584 
39007307 610 
39007917 13 
39007930 5 
39007935 2 
39007937 149588 
39157525 98479 
39256004 6765 
39262769 2584 
39265353 987 
39266340 34 
39266374 3 
39266377 149588 
39415965 17711 
39433676 4181 
39437857 1597 
39439454 610 
39440064 233 
39440297 34 
39440331 3 
39440334 1 
39440335 296118 
39736453 66689 
39803142 2584 
39805726 610 
39806336 89 
39806425 8 
39806433 2 
39806435 89 
39806524 21 
39806545 8 
39806553 149588 
39956141 28657 
39984798 10946 
39995744 377 
39996121 144 
39996265 55 
39996320 5 
39996325 149588 
40145913 46368 
40192281 1597 
40193878 610 
40194488 144 
40194632 55 
40194687 6765 
40201452 987 
40202439 377 
40202816 144 
40202960 55 
40203015 21 
40203036 8 
40203044 2 
40203046 987 
40204033 144 
40204177 34 
40204211 5 
40204216 377 
40204593 55 
40204648 13 
40204661 2 
40204663 98479 
40303142 28657 
40331799 4181 
40335980 377 
40336357 55 
40336412 21 
40336433 8 
40336441 66689 
40403130 10946 
40414076 4181 
40418257 21 
40418278 3 
40418281 1 
40418282 149588 
40567870 46368 
40614238 6765 
40621003 377 
40621380 21 
40621401 8 
40621409 1 
40621410 66689 
40688099 17711 
40705810 2584 
40708394 233 
40708627 89 
40708716 34 
40708750 5 
40708755 2 
40708757 66689 
40775446 10946 
40786392 1597 
40787989 233 
40788222 8 
40788230 3 
40788233 10946 
40799179 610 
40799789 34 
40799823 8 
40799831 2 
40799833 10946 
40810779 987 
40811766 377 
40812143 34 
40812177 13 
40812190 3 
40812193 1 
40812194 98479 
40910673 377 
40911050 34 
40911084 13 
40911097 17711 
40928808 89 
40928897 34 
40928931 5 
40928936 2 
40928938 296118 
41225056 66689 
41291745 144 
41291889 34 
41291923 8 
41291931 3 
41291934 1 
41291935 149588 
41441523 66689 
41508212 10946 
41519158 4181 
41523339 1597 
41524936 55 
41524991 3 
41524994 1 
41524995 28657 
41553652 10946 
41564598 4181 
41568779 1597 
41570376 233 
41570609 34 
41570643 2 
41570645 28657 
41599302 2584 
41601886 610 
41602496 233 
41602729 89 
41602818 34 
41602852 8 
41602860 4181 
41607041 1597 
41608638 233 
41608871 55 
41608926 21 
41608947 2 
41608949 66689 
41675638 6765 
41682403 2584 
41684987 987 
41685974 233 
41686207 34 
41686241 3 
41686244 1 
41686245 610 
41686855 233 
41687088 55 
41687143 21 
41687164 5 
41687169 2 
41687171 6765 
41693936 2584 
41696520 987 
41697507 377 
41697884 89 
41697973 13 
41697986 5 
41697991 46368 
41744359 6765 
41751124 1597 
41752721 610 
41753331 144 
41753475 55 
41753530 1 
41753531 46368 
41799899 21 
41799920 8 
41799928 3 
41799931 10946 
41810877 4181 
41815058 55 
41815113 2 
41815115 10946 
41826061 2584 
41828645 987 
41829632 233 
41829865 55 
41829920 13 
41829933 5 
41829938 1 
41829939 98479 
41928418 2584 
41931002 987 
41931989 144 
41932133 55 
41932188 8 
41932196 2 
41932198 149588 
42081786 17711 
42099497 4181 
42103678 377 
42104055 55 
42104110 1 
42104111 98479 
42202590 17711 
42220301 2584 
42222885 987 
42223872 89 
42223961 3 
42223964 98479 
42322443 17711 
42340154 6765 
42346919 1597 
42348516 233 
42348749 34 
42348783 8 
42348791 46368 
42395159 2584 
42397743 987 
42398730 377 
42399107 55 
42399162 8 
42399170 3 
42399173 66689 
42465862 610 
42466472 55 
42466527 8 
42466535 1 
42466536 46368 
42512904 10946 
42523850 610 
42524460 144 
42524604 21 
42524625 8 
42524633 1 
42524634 28657 
42553291 6765 
42560056 377 
42560433 89 
42560522 8 
42560530 2 
42560532 46368 
42606900 4181 
42611081 1597 
42612678 377 
42613055 89 
42613144 34 
42613178 1 
42613179 98479 
42711658 10946 
42722604 2584 
42725188 377 
42725565 89 
42725654 13 
42725667 5 
42725672 98479 
42824151 17711 
42841862 233 
42842095 34 
42842129 5 
42842134 1 
42842135 296118 
43138253 66689 
43204942 987 
43205929 377 
43206306 144 
43206450 21 
43206471 8 
43206479 3 
43206482 149588 
43356070 66689 
43422759 10946 
43433705 1597 
43435302 610 
43435912 89 
43436001 3 
43436004 296118 
43732122 46368 
43778490 10946 
43789436 1597 
43791033 610 
43791643 144 
43791787 34 
43791821 13 
43791834 1 
43791835 6765 
43798600 377 
43798977 55 
43799032 8 
43799040 2 
43799042 98479 
43897521 17711 
43915232 6765 
43921997 2584 
43924581 987 
43925568 233 
43925801 89 
43925890 21 
43925911 98479 
44024390 17711 
44042101 2584 
44044685 987 
44045672 377 
44046049 89 
44046138 8 
44046146 2 
44046148 4181 
44050329 987 
44051316 377 
44051693 89 
44051782 34 
44051816 8 
44051824 10946 
44062770 1597 
44064367 610 
44064977 144 
44065121 21 
44065142 17711 
44082853 4181 
44087034 377 
44087411 89 
44087500 21 
44087521 8 
44087529 149588 
44237117 98479 
44335596 28657 
44364253 2584 
44366837 233 
44367070 3 
44367073 46368 
44413441 10946 
44424387 2584 
44426971 987 
44427958 233 
44428191 17711 
44445902 4181 
44450083 1597 
44451680 610 
44452290 89 
44452379 21 
44452400 1 
44452401 17711 
44470112 4181 
44474293 987 
44475280 89 
44475369 13 
44475382 1 
44475383 6765 
44482148 2584 
44484732 21 
44484753 8 
44484761 3 
44484764 1 
44484765 98479 
44583244 28657 
44611901 10946 
44622847 8 
44622855 3 
44622858 66689 
44689547 4181 
44693728 144 
44693872 21 
44693893 3 
44693896 1 
44693897 66689 
44760586 17711 
44778297 4181 
44782478 1597 
44784075 377 
44784452 55 
44784507 8 
44784515 66689 
44851204 6765 
44857969 987 
44858956 89 
44859045 3 
44859048 6765 
44865813 377 
44866190 144 
44866334 13 
44866347 3 
44866350 296118 
45162468 17711 
45180179 610 
45180789 144 
45180933 21 
45180954 8 
45180962 1 
45180963 98479 
45279442 28657 
45308099 10946 
45319045 377 
45319422 144 
45319566 55 
45319621 3 
45319624 2584 
45322208 610 
45322818 144 
45322962 55 
45323017 13 
45323030 1 
45323031 98479 
45421510 17711 
45439221 4181 
45443402 987 
45444389 89 
45444478 21 
45444499 5 
45444504 2 
45444506 66689 
45511195 6765 
45517960 2584 
45520544 987 
45521531 89 
45521620 34 
45521654 8 
45521662 66689 
45588351 10946 
45599297 4181 
45603478 55 
45603533 13 
45603546 2 
45603548 149588 
45753136 98479 
45851615 28657 
45880272 4181 
45884453 1597 
45886050 610 
45886660 233 
45886893 3 
45886896 46368 
45933264 610 
45933874 233 
45934107 34 
45934141 13 
45934154 98479 
46032633 10946 
46043579 4181 
46047760 1597 
46049357 610 
46049967 144 
46050111 21 
46050132 8 
46050140 1 
46050141 17711 
46067852 2584 
46070436 987 
46071423 377 
46071800 89 
46071889 34 
46071923 13 
46071936 2 
46071938 28657 
46100595 10946 
46111541 55 
46111596 13 
46111609 5 
46111614 149588 
46261202 10946 
46272148 4181 
46276329 987 
46277316 233 
46277549 89 
46277638 21 
46277659 8 
46277667 2 
46277669 17711 
46295380 233 
46295613 55 
46295668 5 
46295673 1 
46295674 28657 
46324331 1597 
46325928 610 
46326538 233 
46326771 55 
46326826 13 
46326839 5 
46326844 1 
46326845 2584 
46329429 987 
46330416 233 
46330649 5 
46330654 2 
46330656 149588 
46480244 46368 
46526612 10946 
46537558 2584 
46540142 89 
46540231 21 
46540252 5 
46540257 2 
46540259 98479 
46638738 10946 
46649684 4181 
46653865 1597 
46655462 55 
46655517 13 
46655530 149588 
46805118 46368 
46851486 1597 
46853083 610 
46853693 13 
46853706 3 
46853709 1 
46853710 46368 
46900078 1597 
46901675 233 
46901908 89 
46901997 34 
46902031 8 
46902039 1 
46902040 149588 
47051628 46368 
47097996 10946 
47108942 4181 
47113123 233 
47113356 55 
47113411 21 
47113432 8 
47113440 3 
47113443 149588 
47263031 1597 
47264628 610 
47265238 8 
47265246 2 
47265248 149588 
47414836 28657 
47443493 4181 
47447674 987 
47448661 233 
47448894 34 
47448928 8 
47448936 1 
47448937 149588 
47598525 17711 
47616236 6765 
47623001 2584 
47625585 610 
47626195 144 
47626339 55 
47626394 13 
47626407 2 
47626409 46368 
47672777 10946 
47683723 4181 
47687904 1597 
47689501 377 
47689878 34 
47689912 1 
47689913 149588 
47839501 66689 
47906190 2584 
47908774 987 
47909761 233 
47909994 55 
47910049 1 
47910050 17711 
47927761 4181 
47931942 377 
47932319 34 
47932353 8 
47932361 1 
47932362 149588 
48081950 28657 
48110607 4181 
48114788 610 
48115398 233 
48115631 55 
48115686 21 
48115707 5 
48115712 1 
48115713 296118 
48411831 28657 
48440488 6765 
48447253 233 
48447486 34 
48447520 5 
48447525 1 
48447526 46368 
48493894 10946 
48504840 1597 
48506437 233 
48506670 89 
48506759 13 
48506772 2 
48506774 98479 
48605253 28657 
48633910 8 
48633918 3 
48633921 1597 
48635518 377 
48635895 21 
48635916 98479 
48734395 17711 
48752106 6765 
48758871 987 
48759858 377 
48760235 34 
48760269 8 
48760277 3 
48760280 1 
48760281 46368 
48806649 4181 
48810830 610 
48811440 149588 
48961028 28657 
48989685 6765 
48996450 2584 
48999034 34 
48999068 8 
48999076 66689 
49065765 10946 
49076711 4181 
49080892 1597 
49082489 377 
49082866 55 
49082921 3 
49082924 1 
49082925 987 
49083912 233 
49084145 13 
49084158 5 
49084163 66689 
49150852 1597 
49152449 377 
49152826 144 
49152970 55 
49153025 13 
49153038 5 
49153043 10946 
49163989 2584 
49166573 987 
49167560 144 
49167704 21 
49167725 5 
49167730 149588 
49317318 17711 
49335029 4181 
49339210 610 
49339820 144 
49339964 55 
49340019 5 
49340024 66689 
49406713 987 
49407700 377 
49408077 144 
49408221 13 
49408234 3 
49408237 1 
49408238 296118 
49704356 17711 
49722067 6765 
49728832 2584 
49731416 377 
49731793 55 
49731848 13 
49731861 5 
49731866 66689 
49798555 17711 
49816266 4181 
49820447 987 
49821434 233 
49821667 89 
49821756 1 
49821757 17711 
49839468 987 
49840455 144 
49840599 55 
49840654 21 
49840675 5 
49840680 1 
49840681 10946 
49851627 987 
49852614 377 
49852991 144 
49853135 55 
49853190 13 
49853203 5 
49853208 66689 
49919897 10946 
49930843 4181 
49935024 1597 
49936621 144 
49936765 8 
49936773 610 
49937383 233 
49937616 89 
49937705 21 
49937726 1 
49937727 4181 
49941908 377 
49942285 55 
49942340 21 
49942361 3 
49942364 149588 
50091952 98479 
50190431 10946 
50201377 21 
50201398 8 
50201406 2584 
50203990 144 
50204134 21 
50204155 5 
50204160 2 
50204162 98479 
50302641 10946 
50313587 2584 
50316171 233 
50316404 34 
50316438 13 
50316451 2584 
50319035 610 
50319645 144 
50319789 55 
50319844 149588 
50469432 17711 
50487143 610 
50487753 233 
50487986 55 
50488041 8 
50488049 3 
50488052 66689 
50554741 4181 
50558922 1597 
50560519 377 
50560896 144 
50561040 6765 
50567805 1597 
50569402 55 
50569457 8 
50569465 1 
50569466 149588 
50719054 98479 
50817533 17711 
50835244 2584 
50837828 610 
50838438 144 
50838582 34 
50838616 8 
50838624 3 
50838627 66689 
50905316 10946 
50916262 4181 
50920443 987 
50921430 377 
50921807 144 
50921951 34 
50921985 6765 
50928750 1597 
50930347 610 
50930957 233 
50931190 13 
50931203 5 
50931208 2 
50931210 987 
50932197 98479 
51030676 4181 
51034857 1597 
51036454 377 
51036831 144 
51036975 34 
51037009 5 
51037014 1 
51037015 144847 
51181862 2584 
51184446 987 
51185433 21 
51185454 2 
51185456 66689 
51252145 2584 
51254729 610 
51255339 233 
51255572 89 
51255661 21 
51255682 8 
51255690 3 
51255693 1 
51255694 394597 
51650291 4181 
51654472 55 
51654527 8 
51654535 3 
51654538 1 
51654539 144 
51654683 55 
51654738 21 
51654759 8 
51654767 3 
51654770 144847 
51799617 2584 
51802201 610 
51802811 55 
51802866 8 
51802874 1 
51802875 17711 
51820586 6765 
51827351 987 
51828338 377 
51828715 21 
51828736 5 
51828741 2 
51828743 28657 
51857400 6765 
51864165 1597 
51865762 610 
51866372 233 
51866605 55 
51866660 13 
51866673 5 
51866678 149588 
52016266 66689 
52082955 17711 
52100666 1597 
52102263 377 
52102640 144 
52102784 8 
52102792 1 
52102793 149588 
52252381 66689 
52319070 17711 
52336781 610 
52337391 233 
52337624 55 
52337679 21 
52337700 5 
52337705 1 
52337706 610 
52338316 233 
52338549 89 
52338638 13 
52338651 149588 
52488239 66689 
52554928 2584 
52557512 987 
52558499 144 
52558643 13 
52558656 5 
52558661 2 
52558663 2584 
52561247 987 
52562234 233 
52562467 89 
52562556 34 
52562590 3 
52562593 17711 
52580304 377 
52580681 144 
52580825 55 
52580880 13 
52580893 2 
52580895 17711 
52598606 4181 
52602787 233 
52603020 21 
52603041 1 
52603042 1597 
52604639 89 
52604728 21 
52604749 66689 
52671438 10946 
52682384 987 
52683371 144 
52683515 5 
52683520 1 
52683521 28657 
52712178 987 
52713165 233 
52713398 55 
52713453 5 
52713458 1 
52713459 17711 
52731170 4181 
52735351 987 
52736338 144 
52736482 8 
52736490 2 
52736492 149588 
52886080 46368 
52932448 377 
52932825 34 
52932859 2 
52932861 98479 
53031340 17711 
53049051 6765 
53055816 987 
53056803 144 
53056947 5 
53056952 2 
53056954 98479 
53155433 28657 
53184090 10946 
53195036 4181 
53199217 1597 
53200814 144 
53200958 3 
53200961 46368 
53247329 10946 
53258275 1597 
53259872 377 
53260249 34 
53260283 149588 
53409871 17711 
53427582 6765 
53434347 377 
53434724 144 
53434868 13 
53434881 28657 
53463538 4181 
53467719 1597 
53469316 89 
53469405 8 
53469413 3 
53469416 1 
53469417 28657 
53498074 10946 
53509020 610 
53509630 233 
53509863 55 
53509918 21 
53509939 3 
53509942 66689 
53576631 10946 
53587577 1597 
53589174 377 
53589551 144 
53589695 21 
53589716 8 
53589724 149588 
53739312 17711 
53757023 987 
53758010 377 
53758387 144 
53758531 55 
53758586 21 
53758607 8 
53758615 2 
53758617 6765 
53765382 233 
53765615 55 
53765670 3 
53765673 1 
53765674 98479 
53864153 28657 
53892810 4181 
53896991 1597 
53898588 13 
53898601 5 
53898606 1 
53898607 98479 
53997086 28657 
54025743 10946 
54036689 4181 
54040870 1597 
54042467 610 
54043077 34 
54043111 13 
54043124 5 
54043129 98479 
54141608 2584 
54144192 987 
54145179 377 
54145556 55 
54145611 21 
54145632 3 
54145635 17711 
54163346 6765 
54170111 2584 
54172695 610 
54173305 233 
54173538 89 
54173627 34 
54173661 13 
54173674 5 
54173679 1 
54173680 296118 
54469798 4181 
54473979 1597 
54475576 13 
54475589 233 
54475822 34 
54475856 3 
54475859 17711 
54493570 6765 
54500335 1597 
54501932 610 
54502542 34 
54502576 13 
54502589 5 
54502594 66689 
54569283 2584 
54571867 55 
54571922 21 
54571943 1 
54571944 66689 
54638633 6765 
54645398 2584 
54647982 377 
54648359 5 
54648364 2 
54648366 10946 
54659312 4181 
54663493 377 
54663870 13 
54663883 3 
54663886 1 
54663887 46368 
54710255 2584 
54712839 233 
54713072 89 
54713161 34 
54713195 8 
54713203 3 
54713206 98479 
54811685 4181 
54815866 377 
54816243 55 
54816298 1 
54816299 66689 
54882988 10946 
54893934 1597 
54895531 610 
54896141 233 
54896374 55 
54896429 21 
54896450 8 
54896458 149588 
55046046 46368 
55092414 1597 
55094011 377 
55094388 34 
55094422 5 
55094427 2 
55094429 149588 
55244017 98479 
55342496 17711 
55360207 610 
55360817 144 
55360961 55 
55361016 66689 
55427705 17711 
55445416 6765 
55452181 2584 
55454765 987 
55455752 377 
55456129 144 
55456273 21 
55456294 8 
55456302 98479 
55554781 28657 
55583438 987 
55584425 13 
55584438 2 
55584440 4181 
55588621 610 
55589231 233 
55589464 21 
55589485 296118 
55885603 28657 
55914260 4181 
55918441 610 
55919051 233 
55919284 34 
55919318 13 
55919331 5 
55919336 28657 
55947993 10946 
55958939 144 
55959083 34 
55959117 1 
55959118 28657 
55987775 6765 
55994540 377 
55994917 21 
55994938 5 
55994943 1 
55994944 296118 
56291062 46368 
56337430 377 
56337807 144 
56337951 13 
56337964 28657 
56366621 6765 
56373386 987 
56374373 377 
56374750 21 
56374771 98479 
56473250 17711 
56490961 6765 
56497726 2584 
56500310 5 
56500315 98479 
56598794 4181 
56602975 610 
56603585 233 
56603818 89 
56603907 34 
56603941 13 
56603954 2 
56603956 46368 
56650324 10946 
56661270 1597 
56662867 610 
56663477 233 
56663710 89 
56663799 13 
56663812 5 
56663817 2 
56663819 144 
56663963 55 
56664018 2 
56664020 296118 
56960138 28657 
56988795 10946 
56999741 4181 
57003922 1597 
57005519 377 
57005896 144 
57006040 55 
57006095 13 
57006108 5 
57006113 149588 
57155701 98479 
57254180 987 
57255167 233 
57255400 13 
57255413 5 
57255418 1 
57255419 149588 
57405007 17711 
57422718 2584 
57425302 987 
57426289 377 
57426666 144 
57426810 55 
57426865 2 
57426867 149588 
57576455 46368 
57622823 1597 
57624420 610 
57625030 233 
57625263 34 
57625297 8 
57625305 2 
57625307 46368 
57671675 10946 
57682621 4181 
57686802 233 
57687035 89 
57687124 34 
57687158 46368 
57733526 4181 
57737707 1597 
57739304 377 
57739681 144 
57739825 55 
57739880 8 
57739888 2 
57739890 28657 
57768547 4181 
57772728 987 
57773715 377 
57774092 144 
57774236 55 
57774291 8 
57774299 3 
57774302 1 
57774303 2584 
57776887 987 
57777874 377 
57778251 13 
57778264 1 
57778265 424075 
58202340 2584 
58204924 610 
58205534 233 
58205767 34 
58205801 3 
58205804 1 
58205805 28657 
58234462 6765 
58241227 610 
58241837 144 
58241981 34 
58242015 13 
58242028 1 
58242029 149588 
58391617 98479 
58490096 28657 
58518753 2584 
58521337 21 
58521358 8 
58521366 1 
58521367 149588 
58670955 28657 
58699612 2584 
58702196 377 
58702573 144 
58702717 13 
58702730 2 
58702732 97930 
58800662 144 
58800806 55 
58800861 13 
58800874 46368 
58847242 6765 
58854007 2584 
58856591 377 
58856968 144 
58857112 55 
58857167 21 
58857188 8 
58857196 3 
58857199 66689 
58923888 10946 
58934834 2584 
58937418 610 
58938028 55 
58938083 5 
58938088 1 
58938089 149588 
59087677 46368 
59134045 6765 
59140810 1597 
59142407 610 
59143017 89 
59143106 21 
59143127 3 
59143130 1 
59143131 10946 
59154077 4181 
59158258 89 
59158347 13 
59158360 5 
59158365 149588 
59307953 98479 
59406432 6765 
59413197 610 
59413807 55 
59413862 13 
59413875 3 
59413878 98479 
59512357 6765 
59519122 2584 
59521706 987 
59522693 377 
59523070 13 
59523083 3 
59523086 1 
59523087 66689 
59589776 10946 
59600722 2584 
59603306 987 
59604293 377 
59604670 144 
59604814 13 
59604827 3 
59604830 1 
59604831 64223 
59669054 21 
59669075 5 
59669080 17711 
59686791 2584 
59689375 89 
59689464 21 
59689485 8 
59689493 2 
59689495 28657 
59718152 2584 
59720736 987 
59721723 144 
59721867 21 
59721888 8 
59721896 3 
59721899 149588 
59871487 1597 
59873084 34 
59873118 5 
59873123 1 
59873124 46368 
59919492 6765 
59926257 2584 
59928841 987 
59929828 8 
59929836 2 
59929838 46368 
59976206 6765 
59982971 987 
59983958 377 
59984335 89 
59984424 34 
59984458 5 
59984463 2 
59984465 149588 
60134053 17711 
60151764 6765 
60158529 2584 
60161113 610 
60161723 55 
60161778 21 
60161799 5 
60161804 2 
60161806 66689 
60228495 6765 
60235260 377 
60235637 144 
60235781 2 
60235783 17711 
60253494 1597 
60255091 144 
60255235 55 
60255290 13 
60255303 1 
60255304 17711 
60273015 4181 
60277196 1597 
60278793 377 
60279170 144 
60279314 34 
60279348 8 
60279356 1 
60279357 28657 
60308014 10946 
60318960 1597 
60320557 610 
60321167 233 
60321400 34 
60321434 3 
60321437 28657 
60350094 4181 
60354275 1597 
60355872 233 
60356105 8 
60356113 1 
60356114 6765 
60362879 987 
60363866 233 
60364099 89 
60364188 5 
60364193 2 
60364195 17711 
60381906 1597 
60383503 144 
60383647 55 
60383702 8 
60383710 2 
60383712 28657 
60412369 6765 
60419134 2584 
60421718 55 
60421773 13 
60421786 3 
60421789 1 
60421790 149588 
60571378 10946 
60582324 21 
60582345 5 
60582350 1 
60582351 98479 
60680830 28657 
60709487 2584 
60712071 144 
60712215 13 
60712228 5 
60712233 149588 
60861821 66689 
60928510 10946 
60939456 4181 
60943637 1597 
60945234 377 
60945611 144 
60945755 34 
60945789 5 
60945794 2 
60945796 28657 
60974453 10946 
60985399 4181 
60989580 610 
60990190 233 
60990423 34 
60990457 8 
60990465 2 
60990467 64311 
61054778 987 
61055765 233 
61055998 89 
61056087 95346 
61151433 987 
61152420 144 
61152564 21 
61152585 1 
61152586 66689 
61219275 987 
61220262 377 
61220639 89 
61220728 13 
61220741 5 
61220746 1 
61220747 149588 
61370335 17711 
61388046 4181 
61392227 610 
61392837 233 
61393070 8 
61393078 3 
61393081 66689 
61459770 17711 
61477481 6765 
61484246 377 
61484623 34 
61484657 8 
61484665 10946 
61495611 377 
61495988 144 
61496132 13 
61496145 5 
61496150 2 
61496152 66689 
61562841 4181 
61567022 610 
61567632 233 
61567865 8 
61567873 3 
61567876 1 
61567877 149588 
61717465 28657 
61746122 233 
61746355 13 
61746368 5 
61746373 1 
61746374 377 
61746751 34 
61746785 5 
61746790 2 
61746792 28657 
61775449 10946 
61786395 89 
61786484 34 
61786518 13 
61786531 10946 
61797477 1597 
61799074 610 
61799684 233 
61799917 21 
61799938 1 
61799939 17711 
61817650 6765 
61824415 2584 
61826999 377 
61827376 144 
61827520 34 
61827554 13 
61827567 5 
61827572 2 
61827574 17711 
61845285 2584 
61847869 987 
61848856 233 
61849089 34 
61849123 1 
61849124 17711 
61866835 6765 
61873600 89 
61873689 21 
61873710 1 
61873711 46368 
61920079 6765 
61926844 2584 
61929428 233 
61929661 34 
61929695 5 
61929700 2 
61929702 610 
61930312 233 
61930545 89 
61930634 13 
61930647 3 
61930650 28657 
61959307 10946 
61970253 1597 
61971850 610 
61972460 233 
61972693 89 
61972782 34 
61972816 5 
61972821 17711 
61990532 4181 
61994713 1597 
61996310 34 
61996344 5 
61996349 1 
61996350 46368 
62042718 6765 
62049483 2584 
62052067 987 
62053054 377 
62053431 89 
62053520 34 
62053554 3 
62053557 98479 
62152036 2584 
62154620 89 
62154709 8 
62154717 98479 
62253196 28657 
62281853 2584 
62284437 377 
62284814 34 
62284848 8 
62284856 2 
62284858 98479 
62383337 28657 
62411994 6765 
62418759 1597 
62420356 610 
62420966 2 
62420968 98479 
62519447 10946 
62530393 1597 
62531990 610 
62532600 89 
62532689 8 
62532697 98479 
62631176 4181 
62635357 1597 
62636954 89 
62637043 34 
62637077 2 
62637079 66689 
62703768 10946 
62714714 2584 
62717298 987 
62718285 377 
62718662 55 
62718717 3 
62718720 1 
62718721 28657 
62747378 6765 
62754143 2584 
62756727 144 
62756871 21 
62756892 5 
62756897 1 
62756898 149588 
62906486 66689 
62973175 17711 
62990886 6765 
62997651 2584 
63000235 610 
63000845 233 
63001078 66689 
63067767 6765 
63074532 2584 
63077116 987 
63078103 233 
63078336 89 
63078425 34 
63078459 3 
63078462 1 
63078463 566917 
63645380 98479 
63743859 17711 
63761570 4181 
63765751 610 
63766361 55 
63766416 13 
63766429 3 
63766432 17711 
63784143 4181 
63788324 1597 
63789921 233 
63790154 55 
63790209 21 
63790230 3 
63790233 1 
63790234 66689 
63856923 10946 
63867869 2584 
63870453 987 
63871440 21 
63871461 5 
63871466 1 
63871467 4181 
63875648 987 
63876635 233 
63876868 34 
63876902 8 
63876910 3 
63876913 1 
63876914 10946 
63887860 987 
63888847 233 
63889080 34 
63889114 8 
63889122 1 
63889123 149588 
64038711 46368 
64085079 4181 
64089260 1597 
64090857 144 
64091001 2 
64091003 46368 
64137371 10946 
64148317 4181 
64152498 1597 
64154095 55 
64154150 13 
64154163 5 
64154168 2 
64154170 28657 
64182827 10946 
64193773 4181 
64197954 987 
64198941 377 
64199318 144 
64199462 55 
64199517 13 
64199530 17711 
64217241 4181 
64221422 1597 
64223019 233 
64223252 34 
64223286 8 
64223294 3 
64223297 1 
64223298 2584 
64225882 144 
64226026 13 
64226039 5 
64226044 1 
64226045 17711 
64243756 6765 
64250521 2584 
64253105 89 
64253194 8 
64253202 610 
64253812 233 
64254045 55 
64254100 21 
64254121 8 
64254129 1 
64254130 17711 
64271841 6765 
64278606 1597 
64280203 233 
64280436 34 
64280470 2 
64280472 66689 
64347161 4181 
64351342 34 
64351376 5 
64351381 1 
64351382 424075 
64775457 46368 
64821825 10946 
64832771 4181 
64836952 377 
64837329 89 
64837418 21 
64837439 2 
64837441 17711 
64855152 6765 
64861917 2584 
64864501 987 
64865488 377 
64865865 89 
64865954 21 
64865975 1 
64865976 10946 
64876922 987 
64877909 144 
64878053 55 
64878108 13 
64878121 66689 
64944810 10946 
64955756 2584 
64958340 987 
64959327 377 
64959704 55 
64959759 5 
64959764 2 
64959766 10946 
64970712 4181 
64974893 987 
64975880 377 
64976257 144 
64976401 34 
64976435 3 
64976438 98479 
65074917 28657 
65103574 6765 
65110339 987 
65111326 233 
65111559 55 
65111614 21 
65111635 8 
65111643 3 
65111646 1 
65111647 66689 
65178336 10946 
65189282 1597 
65190879 377 
65191256 21 
65191277 8 
65191285 3 
65191288 28657 
65219945 4181 
65224126 1597 
65225723 610 
65226333 233 
65226566 55 
65226621 2 
65226623 98479 
65325102 28657 
65353759 4181 
65357940 144 
65358084 13 
65358097 5 
65358102 1 
65358103 46368 
65404471 10946 
65415417 4181 
65419598 1597 
65421195 610 
65421805 3 
65421808 1 
65421809 98479 
65520288 10946 
65531234 1597 
65532831 89 
65532920 34 
65532954 13 
65532967 1 
65532968 98479 
65631447 28657 
65660104 6765 
65666869 1597 
65668466 233 
65668699 34 
65668733 4181 
65672914 610 
65673524 144 
65673668 17711 
65691379 4181 
65695560 89 
65695649 34 
65695683 13 
65695696 5 
65695701 2 
65695703 149588 
65845291 17711 
65863002 6765 
65869767 1597 
65871364 34 
65871398 8 
65871406 3 
65871409 46368 
65917777 2584 
65920361 610 
65920971 144 
65921115 6765 
65927880 233 
65928113 1 
65928114 149588 
66077702 987 
66078689 233 
66078922 89 
66079011 34 
66079045 8 
66079053 17711 
66096764 6765 
66103529 987 
66104516 233 
66104749 34 
66104783 13 
66104796 5 
66104801 10946 
66115747 2584 
66118331 987 
66119318 144 
66119462 34 
66119496 1 
66119497 144847 
66264344 987 
66265331 89 
66265420 34 
66265454 5 
66265459 2 
66265461 610 
66266071 89 
66266160 8 
66266168 98479 
66364647 17711 
66382358 6765 
66389123 987 
66390110 377 
66390487 55 
66390542 3 
66390545 1 
66390546 98479 
66489025 6765 
66495790 89 
66495879 66689 
66562568 10946 
66573514 610 
66574124 233 
66574357 89 
66574446 34 
66574480 8 
66574488 3 
66574491 149588 
66724079 66689 
66790768 6765 
66797533 2584 
66800117 987 
66801104 5 
66801109 98479 
66899588 1597 
66901185 610 
66901795 144 
66901939 34 
66901973 5 
66901978 1 
66901979 66689 
66968668 6765 
66975433 144 
66975577 55 
66975632 21 
66975653 2 
66975655 98479 
67074134 10946 
67085080 1597 
67086677 610 
67087287 144 
67087431 55 
67087486 3 
67087489 1 
67087490 149588 
67237078 17711 
67254789 1597 
67256386 89 
67256475 21 
67256496 5 
67256501 2 
67256503 46368 
67302871 6765 
67309636 2584 
67312220 233 
67312453 55 
67312508 8 
67312516 149588 
67462104 17711 
67479815 233 
67480048 89 
67480137 21 
67480158 3 
67480161 1 
67480162 17711 
67497873 4181 
67502054 987 
67503041 377 
67503418 89 
67503507 34 
67503541 5 
67503546 1 
67503547 149588 
67653135 98479 
67751614 17711 
67769325 6765 
67776090 2584 
67778674 987 
67779661 55 
67779716 8 
67779724 3 
67779727 149588 
67929315 6765 
67936080 987 
67937067 233 
67937300 5 
67937305 2 
67937307 66689 
68003996 17711 
68021707 987 
68022694 144 
68022838 2 
68022840 149588 
68172428 28657 
68201085 10946 
68212031 377 
68212408 144 
68212552 21 
68212573 3 
68212576 28657 
68241233 6765 
68247998 2584 
68250582 610 
68251192 144 
68251336 55 
68251391 1 
68251392 149588 
68400980 28657 
68429637 6765 
68436402 377 
68436779 3 
68436782 296118 
68732900 28657 
68761557 2584 
68764141 987 
68765128 144 
68765272 55 
68765327 3 
68765330 1 
68765331 149588 
68914919 66689 
68981608 2584 
68984192 987 
68985179 377 
68985556 144 
68985700 55 
68985755 21 
68985776 8 
68985784 2 
68985786 149588 
69135374 17711 
69153085 89 
69153174 34 
69153208 5 
69153213 2 
69153215 149588 
69302803 17711 
69320514 6765 
69327279 987 
69328266 377 
69328643 144 
69328787 55 
69328842 13 
69328855 1 
69328856 296118 
69624974 17711 
69642685 4181 
69646866 55 
69646921 1 
69646922 46368 
69693290 4181 
69697471 1597 
69699068 610 
69699678 34 
69699712 1 
69699713 149588 
69849301 66689 
69915990 4181 
69920171 1597 
69921768 55 
69921823 13 
69921836 1 
69921837 28657 
69950494 6765 
69957259 1597 
69958856 144 
69959000 55 
69959055 21 
69959076 2 
69959078 46368 
70005446 6765 
70012211 1597 
70013808 233 
70014041 55 
70014096 21 
70014117 8 
70014125 2 
70014127 2584 
70016711 377 
70017088 89 
70017177 34 
70017211 8 
70017219 3 
70017222 1 
70017223 28657 
70045880 4181 
70050061 987 
70051048 89 
70051137 8 
70051145 66689 
70117834 2584 
70120418 610 
70121028 233 
70121261 89 
70121350 13 
70121363 3 
70121366 149588 
70270954 17711 
70288665 1597 
70290262 377 
70290639 144 
70290783 21 
70290804 46368 
70337172 2584 
70339756 377 
70340133 144 
70340277 21 
70340298 8 
70340306 1 
70340307 28657 
70368964 6765 
70375729 2584 
70378313 13 
70378326 3 
70378329 28657 
70406986 1597 
70408583 144 
70408727 55 
70408782 5 
70408787 95346 
70504133 233 
70504366 89 
70504455 34 
70504489 13 
70504502 2 
70504504 46368 
70550872 4181 
70555053 1597 
70556650 144 
70556794 55 
70556849 21 
70556870 2 
70556872 66689 
70623561 17711 
70641272 6765 
70648037 1597 
70649634 610 
70650244 89 
70650333 34 
70650367 3 
70650370 98479 
70748849 28657 
70777506 2584 
70780090 987 
70781077 377 
70781454 34 
70781488 5 
70781493 66689 
70848182 2584 
70850766 610 
70851376 144 
70851520 55 
70851575 21 
70851596 2 
70851598 144847 
70996445 610 
70997055 233 
70997288 89 
70997377 21 
70997398 8 
70997406 2 
70997408 2584 
70999992 13 
71000005 2 
71000007 149588 
71149595 66689 
71216284 17711 
71233995 6765 
71240760 987 
71241747 233 
71241980 13 
71241993 2 
71241995 10946 
71252941 2584 
71255525 610 
71256135 144 
71256279 21 
71256300 8 
71256308 66689 
71322997 987 
71323984 233 
71324217 89 
71324306 34 
71324340 8 
71324348 3 
71324351 1 
71324352 296118 
71620470 28657 
71649127 1597 
71650724 377 
71651101 144 
71651245 55 
71651300 21 
71651321 8 
71651329 2 
71651331 17711 
71669042 610 
71669652 233 
71669885 55 
71669940 13 
71669953 1 
71669954 98479 
71768433 2584 
71771017 55 
71771072 5 
71771077 2 
71771079 6765 
71777844 2584 
71780428 987 
71781415 377 
71781792 144 
71781936 55 
71781991 21 
71782012 8 
71782020 3 
71782023 98479 
71880502 4181 
71884683 610 
71885293 144 
71885437 55 
71885492 3 
71885495 1 
71885496 10946 
71896442 610 
71897052 89 
71897141 34 
71897175 8 
71897183 149588 
72046771 6765 
72053536 610 
72054146 233 
72054379 34 
72054413 13 
72054426 5 
72054431 10946 
72065377 2584 
72067961 610 
72068571 144 
72068715 34 
72068749 8 
72068757 2 
72068759 98479 
72167238 28657 
72195895 144 
72196039 34 
72196073 8 
72196081 66689 
72262770 10946 
72273716 233 
72273949 55 
72274004 5 
72274009 296118 
72570127 28657 
72598784 6765 
72605549 2584 
72608133 233 
72608366 89 
72608455 8 
72608463 2 
72608465 46368 
72654833 6765 
72661598 2584 
72664182 987 
72665169 89 
72665258 13 
72665271 5 
72665276 46368 
72711644 6765 
72718409 2584 
72720993 987 
72721980 377 
72722357 144 
72722501 55 
72722556 13 
72722569 2 
72722571 66689 
72789260 6765 
72796025 1597 
72797622 610 
72798232 233 
72798465 55 
72798520 13 
72798533 2 
72798535 46368 
72844903 6765 
72851668 1597 
72853265 377 
72853642 55 
72853697 13 
72853710 1 
72853711 149588 
73003299 6765 
73010064 2584 
73012648 610 
73013258 233 
73013491 21 
73013512 1 
73013513 296118 
73309631 17711 
73327342 6765 
73334107 987 
73335094 34 
73335128 8 
73335136 3 
73335139 1 
73335140 17711 
73352851 6765 
73359616 2584 
73362200 987 
73363187 233 
73363420 89 
73363509 3 
73363512 1 
73363513 66689 
73430202 10946 
73441148 987 
73442135 144 
73442279 55 
73442334 21 
73442355 8 
73442363 3 
73442366 28657 
73471023 10946 
73481969 4181 
73486150 377 
73486527 149588 
73636115 28657 
73664772 1597 
73666369 610 
73666979 233 
73667212 55 
73667267 21 
73667288 3 
73667291 1 
73667292 149588 
73816880 28657 
73845537 10946 
73856483 2584 
73859067 987 
73860054 233 
73860287 89 
73860376 21 
73860397 5 
73860402 2 
73860404 46368 
73906772 10946 
73917718 987 
73918705 55 
73918760 21 
73918781 3 
73918784 149588 
74068372 98479 
74166851 28657 
74195508 10946 
74206454 4181 
74210635 1597 
74212232 144 
74212376 55 
74212431 5 
74212436 2 
74212438 17711 
74230149 6765 
74236914 987 
74237901 233 
74238134 34 
74238168 5 
74238173 1 
74238174 66689 
74304863 610 
74305473 34 
74305507 5 
74305512 2 
74305514 66689 
74372203 10946 
74383149 4181 
74387330 610 
74387940 34 
74387974 5 
74387979 1 
74387980 66689 
74454669 10946 
74465615 1597 
74467212 377 
74467589 144 
74467733 55 
74467788 21 
74467809 3 
74467812 98479 
74566291 610 
74566901 55 
74566956 5 
74566961 2 
74566963 149588 
74716551 66689 
74783240 17711 
74800951 1597 
74802548 377 
74802925 89 
74803014 21 
74803035 1 
74803036 66689 
74869725 4181 
74873906 987 
74874893 55 
74874948 13 
74874961 5 
74874966 2 
74874968 296118 
75171086 46368 
75217454 10946 
75228400 4181 
75232581 1597 
75234178 610 
75234788 233 
75235021 55 
75235076 13 
75235089 4181 
75239270 89 
75239359 34 
75239393 8 
75239401 1 
75239402 28657 
75268059 10946 
75279005 1597 
75280602 55 
75280657 13 
75280670 1 
75280671 46368 
75327039 6765 
75333804 377 
75334181 144 
75334325 34 
75334359 1 
75334360 10946 
75345306 4181 
75349487 233 
75349720 34 
75349754 8 
75349762 3 
75349765 1 
75349766 66689 
75416455 2584 
75419039 233 
75419272 13 
75419285 17711 
75436996 1597 
75438593 233 
75438826 55 
75438881 13 
75438894 5 
75438899 2 
75438901 10946 
75449847 4181 
75454028 610 
75454638 233 
75454871 34 
75454905 13 
75454918 5 
75454923 6765 
75461688 233 
75461921 89 
75462010 34 
75462044 13 
75462057 3 
75462060 1 
75462061 46368 
75508429 10946 
75519375 4181 
75523556 233 
75523789 89 
75523878 21 
75523899 8 
75523907 3 
75523910 1 
75523911 28657 
75552568 377 
75552945 5 
75552950 149588 
75702538 28657 
75731195 6765 
75737960 144 
75738104 34 
75738138 3 
75738141 1 
75738142 66689 
75804831 17711 
75822542 6765 
75829307 2584 
75831891 610 
75832501 89 
75832590 34 
75832624 3 
75832627 149588 
75982215 28657 
76010872 10946 
76021818 2584 
76024402 610 
76025012 233 
76025245 55 
76025300 13 
76025313 3 
76025316 149588 
76174904 46368 
76221272 10946 
76232218 1597 
76233815 610 
76234425 21 
76234446 8 
76234454 3 
76234457 149588 
76384045 28657 
76412702 1597 
76414299 233 
76414532 89 
76414621 8 
76414629 3 
76414632 1 
76414633 66689 
76481322 10946 
76492268 2584 
76494852 233 
76495085 89 
76495174 13 
76495187 5 
76495192 149588 
76644780 98479 
76743259 17711 
76760970 6765 
76767735 610 
76768345 21 
76768366 8 
76768374 1 
76768375 17711 
76786086 4181 
76790267 377 
76790644 144 
76790788 55 
76790843 21 
76790864 8 
76790872 1 
76790873 296118 
77086991 66689 
77153680 10946 
77164626 1597 
77166223 610 
77166833 89 
77166922 34 
77166956 13 
77166969 5 
77166974 66689 
77233663 6765 
77240428 233 
77240661 89 
77240750 21 
77240771 65908 
77306679 55 
77306734 13 
77306747 5 
77306752 2 
77306754 149588 
77456342 66689 
77523031 4181 
77527212 1597 
77528809 377 
77529186 144 
77529330 34 
77529364 13 
77529377 2 
77529379 46368 
77575747 6765 
77582512 2584 
77585096 987 
77586083 8 
77586091 3 
77586094 149588 
77735682 66689 
77802371 17711 
77820082 987 
77821069 377 
77821446 89 
77821535 5 
77821540 2 
77821542 4181 
77825723 1597 
77827320 610 
77827930 233 
77828163 34 
77828197 3 
77828200 1 
77828201 17711 
77845912 1597 
77847509 233 
77847742 55 
77847797 8 
77847805 3 
77847808 66689 
77914497 1597 
77916094 233 
77916327 89 
77916416 34 
77916450 5 
77916455 66689 
77983144 17711 
78000855 6765 
78007620 1597 
78009217 610 
78009827 144 
78009971 34 
78010005 13 
78010018 5 
78010023 1 
78010024 17711 
78027735 2584 
78030319 34 
78030353 8 
78030361 66689 
78097050 10946 
78107996 4181 
78112177 233 
78112410 13 
78112423 5 
78112428 149588 
78262016 10946 
78272962 4181 
78277143 1597 
78278740 233 
78278973 34 
78279007 5 
78279012 2 
78279014 98479 
78377493 4181 
78381674 610 
78382284 144 
78382428 34 
78382462 5 
78382467 149588 
78532055 98479 
78630534 610 
78631144 89 
78631233 34 
78631267 13 
78631280 5 
78631285 1 
78631286 66689 
78697975 10946 
78708921 4181 
78713102 987 
78714089 89 
78714178 21 
78714199 5 
78714204 1 
78714205 66689 
78780894 6765 
78787659 1597 
78789256 610 
78789866 144 
78790010 13 
78790023 5 
78790028 28657 
78818685 10946 
78829631 4181 
78833812 1597 
78835409 377 
78835786 144 
78835930 13 
78835943 5 
78835948 1 
78835949 98479 
78934428 6765 
78941193 610 
78941803 144 
78941947 21 
78941968 8 
78941976 1 
78941977 98479 
79040456 6765 
79047221 2584 
79049805 610 
79050415 233 
79050648 89 
79050737 13 
79050750 2 
79050752 149588 
79200340 98479 
79298819 28657 
79327476 10946 
79338422 4181 
79342603 987 
79343590 377 
79343967 144 
79344111 13 
79344124 1 
79344125 28657 
79372782 10946 
79383728 2584 
79386312 987 
79387299 144 
79387443 8 
79387451 2 
79387453 17711 
79405164 4181 
79409345 610 
79409955 89 
79410044 34 
79410078 5 
79410083 2 
79410085 17711 
79427796 4181 
79431977 987 
79432964 34 
79432998 5 
79433003 2 
79433005 10946 
79443951 4181 
79448132 987 
79449119 144 
79449263 21 
79449284 5 
79449289 66689 
79515978 17711 
79533689 6765 
79540454 233 
79540687 8 
79540695 3 
79540698 6765 
79547463 2584 
79550047 233 
79550280 13 
79550293 149588 
79699881 46368 
79746249 2584 
79748833 987 
79749820 144 
79749964 34 
79749998 8 
79750006 2 
79750008 10946 
79760954 2584 
79763538 987 
79764525 377 
79764902 89 
79764991 34 
79765025 13 
79765038 5 
79765043 1 
79765044 149588 
79914632 17711 
79932343 6765 
79939108 2584 
79941692 610 
79942302 89 
79942391 34 
79942425 5 
79942430 1 
79942431 46368 
79988799 10946 
79999745 4181 
80003926 610 
80004536 144 
80004680 55 
80004735 13 
80004748 1 
80004749 149588 
80154337 28657 
80182994 10946 
80193940 1597 
80195537 610 
80196147 144 
80196291 13 
80196304 2 
80196306 98479 
80294785 987 
80295772 377 
80296149 89 
80296238 34 
80296272 13 
80296285 5 
80296290 2 
80296292 28657 
80324949 10946 
80335895 4181 
80340076 610 
80340686 144 
80340830 34 
80340864 8 
80340872 46368 
80387240 6765 
80394005 144 
80394149 34 
80394183 5 
80394188 1 
80394189 149405 
80543594 89 
80543683 13 
80543696 3 
80543699 149588 
80693287 10946 
80704233 610 
80704843 144 
80704987 55 
80705042 1 
80705043 149588 
80854631 64311 
80918942 377 
80919319 144 
80919463 55 
80919518 21 
80919539 5 
80919544 149588 
81069132 98479 
81167611 6765 
81174376 610 
81174986 233 
81175219 34 
81175253 13 
81175266 3 
81175269 10946 
81186215 4181 
81190396 610 
81191006 55 
81191061 21 
81191082 8 
81191090 3 
81191093 296118 
81487211 66689 
81553900 10946 
81564846 2584 
81567430 610 
81568040 144 
81568184 55 
81568239 21 
81568260 8 
81568268 1 
81568269 98479 
81666748 28657 
81695405 6765 
81702170 55 
81702225 21 
81702246 8 
81702254 66689 
81768943 10946 
81779889 1597 
81781486 377 
81781863 89 
81781952 21 
81781973 1 
81781974 17711 
81799685 6765 
81806450 34 
81806484 5 
81806489 1 
81806490 149588 
81956078 66689 
82022767 2584 
82025351 233 
82025584 55 
82025639 3 
82025642 66689 
82092331 17711 
82110042 2584 
82112626 610 
82113236 233 
82113469 89 
82113558 21 
82113579 10946 
82124525 4181 
82128706 987 
82129693 89 
82129782 13 
82129795 3 
82129798 1 
82129799 296118 
82425917 28657 
82454574 1597 
82456171 610 
82456781 89 
82456870 21 
82456891 8 
82456899 1 
82456900 17711 
82474611 610 
82475221 233 
82475454 89 
82475543 21 
82475564 8 
82475572 1 
82475573 149588 
82625161 2584 
82627745 987 
82628732 233 
82628965 89 
82629054 34 
82629088 2 
82629090 149588 
82778678 65908 
82844586 144 
82844730 55 
82844785 21 
82844806 8 
82844814 3 
82844817 17711 
82862528 6765 
82869293 987 
82870280 233 
82870513 89 
82870602 8 
82870610 149588 
83020198 4181 
83024379 1597 
83025976 55 
83026031 1 
83026032 10946 
83036978 1597 
83038575 144 
83038719 21 
83038740 8 
83038748 1 
83038749 17711 
83056460 6765 
83063225 610 
83063835 144 
83063979 55 
83064034 13 
83064047 3 
83064050 1 
83064051 17711 
83081762 6765 
83088527 987 
83089514 377 
83089891 55 
83089946 2 
83089948 28657 
83118605 10946 
83129551 1597 
83131148 610 
83131758 233 
83131991 89 
83132080 21 
83132101 8 
83132109 3 
83132112 28657 
83160769 10946 
83171715 4181 
83175896 1597 
83177493 377 
83177870 144 
83178014 34 
83178048 5 
83178053 2 
83178055 28657 
83206712 10946 
83217658 4181 
83221839 233 
83222072 55 
83222127 13 
83222140 5 
83222145 1 
83222146 28657 
83250803 2584 
83253387 987 
83254374 377 
83254751 144 
83254895 34 
83254929 13 
83254942 3 
83254945 1 
83254946 98479 
83353425 28657 
83382082 1597 
83383679 610 
83384289 233 
83384522 34 
83384556 13 
83384569 5 
83384574 2 
83384576 66689 
83451265 17711 
83468976 4181 
83473157 610 
83473767 233 
83474000 34 
83474034 5 
83474039 2 
83474041 95346 
83569387 610 
83569997 233 
83570230 55 
83570285 13 
83570298 5 
83570303 407147 
83977450 2584 
83980034 610 
83980644 21 
83980665 8 
83980673 66689 
84047362 2584 
84049946 987 
84050933 233 
84051166 89 
84051255 34 
84051289 2 
84051291 522554 
84573845 17711 
84591556 6765 
84598321 2584 
84600905 610 
84601515 144 
84601659 55 
84601714 21 
84601735 5 
84601740 1 
84601741 98479 
84700220 10946 
84711166 987 
84712153 377 
84712530 34 
84712564 13 
84712577 5 
84712582 2 
84712584 66689 
84779273 10946 
84790219 610 
84790829 233 
84791062 13 
84791075 3 
84791078 10946 
84802024 2584 
84804608 610 
84805218 144 
84805362 34 
84805396 6765 
84812161 987 
84813148 144 
84813292 13 
84813305 5 
84813310 1 
84813311 149588 
84962899 28657 
84991556 10946 
85002502 4181 
85006683 1597 
85008280 610 
85008890 34 
85008924 8 
85008932 2 
85008934 296118 
85305052 46368 
85351420 2584 
85354004 610 
85354614 34 
85354648 5 
85354653 28657 
85383310 6765 
85390075 2584 
85392659 610 
85393269 233 
85393502 21 
85393523 8 
85393531 3 
85393534 6765 
85400299 987 
85401286 233 
85401519 55 
85401574 13 
85401587 3 
85401590 1 
85401591 149588 
85551179 28657 
85579836 6765 
85586601 1597 
85588198 610 
85588808 21 
85588829 5 
85588834 2 
85588836 28657 
85617493 6765 
85624258 987 
85625245 233 
85625478 89 
85625567 34 
85625601 13 
85625614 2584 
85628198 610 
85628808 144 
85628952 55 
85629007 13 
85629020 5 
85629025 2 
85629027 46368 
85675395 10946 
85686341 2584 
85688925 610 
85689535 55 
85689590 21 
85689611 2 
85689613 149588 
85839201 28657 
85867858 10946 
85878804 4181 
85882985 987 
85883972 233 
85884205 89 
85884294 13 
85884307 5 
85884312 2 
85884314 28657 
85912971 10946 
85923917 2584 
85926501 987 
85927488 233 
85927721 21 
85927742 296118 
86223860 6765 
86230625 377 
86231002 89 
86231091 1 
86231092 10946 
86242038 2584 
86244622 610 
86245232 89 
86245321 34 
86245355 1 
86245356 17711 
86263067 2584 
86265651 233 
86265884 8 
86265892 1 
86265893 149588 
86415481 98479 
86513960 6765 
86520725 987 
86521712 144 
86521856 55 
86521911 13 
86521924 5 
86521929 2 
86521931 424075 
86946006 66689 
87012695 6765 
87019460 610 
87020070 34 
87020104 8 
87020112 3 
87020115 1 
87020116 66689 
87086805 987 
87087792 377 
87088169 89 
87088258 34 
87088292 13 
87088305 5 
87088310 2 
87088312 98479 
87186791 6765 
87193556 2584 
87196140 987 
87197127 144 
87197271 13 
87197284 5 
87197289 2 
87197291 66689 
87263980 1597 
87265577 610 
87266187 233 
87266420 34 
87266454 13 
87266467 2 
87266469 17711 
87284180 6765 
87290945 89 
87291034 10946 
87301980 4181 
87306161 987 
87307148 144 
87307292 13 
87307305 1 
87307306 296118 
87603424 10946 
87614370 2584 
87616954 377 
87617331 89 
87617420 5 
87617425 6765 
87624190 2584 
87626774 89 
87626863 34 
87626897 8 
87626905 3 
87626908 149588 
87776496 10946 
87787442 377 
87787819 144 
87787963 21 
87787984 8 
87787992 3 
87787995 1 
87787996 4181 
87792177 1597 
87793774 34 
87793808 8 
87793816 98479 
87892295 28657 
87920952 6765 
87927717 2584 
87930301 987 
87931288 89 
87931377 34 
87931411 13 
87931424 1 
87931425 424075 
88355500 66689 
88422189 17711 
88439900 4181 
88444081 1597 
88445678 610 
88446288 144 
88446432 98479 
88544911 6765 
88551676 144 
88551820 55 
88551875 8 
88551883 3 
88551886 1 
88551887 17711 
88569598 4181 
88573779 1597 
88575376 377 
88575753 144 
88575897 55 
88575952 13 
88575965 5 
88575970 2 
88575972 98479 
88674451 2584 
88677035 377 
88677412 55 
88677467 21 
88677488 3 
88677491 1 
88677492 28657 
88706149 55 
88706204 8 
88706212 3 
88706215 1 
88706216 98479 
88804695 28657 
88833352 987 
88834339 377 
88834716 21 
88834737 8 
88834745 10946 
88845691 2584 
88848275 610 
88848885 233 
88849118 89 
88849207 34 
88849241 8 
88849249 3 
88849252 1 
88849253 17711 
88866964 6765 
88873729 2584 
88876313 377 
88876690 144 
88876834 21 
88876855 3 
88876858 1 
88876859 149588 
89026447 98479 
89124926 610 
89125536 89 
89125625 21 
89125646 8 
89125654 2 
89125656 10946 
89136602 4181 
89140783 610 
89141393 233 
89141626 89 
89141715 8 
89141723 3 
89141726 10946 
89152672 1597 
89154269 377 
89154646 55 
89154701 21 
89154722 1 
89154723 98479 
89253202 6765 
89259967 377 
89260344 55 
89260399 8 
89260407 3 
89260410 1 
89260411 28657 
89289068 4181 
89293249 1597 
89294846 55 
89294901 21 
89294922 1 
89294923 66689 
89361612 10946 
89372558 2584 
89375142 377 
89375519 55 
89375574 13 
89375587 3 
89375590 6765 
89382355 2584 
89384939 987 
89385926 3 
89385929 149588 
89535517 66689 
89602206 10946 
89613152 1597 
89614749 610 
89615359 89 
89615448 13 
89615461 3 
89615464 1 
89615465 66689 
89682154 2584 
89684738 610 
89685348 34 
89685382 8 
89685390 3 
89685393 1 
89685394 46368 
89731762 2584 
89734346 610 
89734956 89 
89735045 21 
89735066 3 
89735069 46368 
89781437 10946 
89792383 4181 
89796564 610 
89797174 144 
89797318 21 
89797339 1 
89797340 28657 
89825997 10946 
89836943 2584 
89839527 610 
89840137 55 
89840192 13 
89840205 28657 
89868862 6765 
89875627 987 
89876614 377 
89876991 34 
89877025 8 
89877033 3 
89877036 149588 
90026624 10946 
90037570 4181 
90041751 1597 
90043348 610 
90043958 89 
90044047 8 
90044055 1 
90044056 296118 
90340174 28657 
90368831 10946 
90379777 144 
90379921 13 
90379934 1 
90379935 28657 
90408592 10946 
90419538 2584 
90422122 377 
90422499 21 
90422520 1 
90422521 98479 
90521000 28657 
90549657 2584 
90552241 34 
90552275 66689 
90618964 2584 
90621548 377 
90621925 144 
90622069 55 
90622124 5 
90622129 2 
90622131 10946 
90633077 4181 
90637258 610 
90637868 233 
90638101 34 
90638135 149588 
90787723 65908 
90853631 377 
90854008 144 
90854152 2 
90854154 149588 
91003742 66689 
91070431 4181 
91074612 610 
91075222 55 
91075277 8 
91075285 28657 
91103942 6765 
91110707 1597 
91112304 610 
91112914 233 
91113147 55 
91113202 5 
91113207 2 
91113209 987 
91114196 296118 
91410314 610 
91410924 144 
91411068 55 
91411123 8 
91411131 3 
91411134 1 
91411135 407147 
91818282 2584 
91820866 610 
91821476 89 
91821565 8 
91821573 1 
91821574 28657 
91850231 1597 
91851828 610 
91852438 34 
91852472 8 
91852480 1 
91852481 98479 
91950960 28657 
91979617 6765 
91986382 2584 
91988966 377 
91989343 55 
91989398 21 
91989419 3 
91989422 1 
91989423 296118 
92285541 46368 
92331909 6765 
92338674 987 
92339661 144 
92339805 3 
92339808 1 
92339809 149588 
92489397 17711 
92507108 6765 
92513873 2584 
92516457 987 
92517444 377 
92517821 89 
92517910 21 
92517931 8 
92517939 1 
92517940 98479 
92616419 17711 
92634130 4181 
92638311 610 
92638921 144 
92639065 21 
92639086 2 
92639088 10946 
92650034 4181 
92654215 144 
92654359 3 
92654362 424075 
93078437 6765 
93085202 610 
93085812 34 
93085846 13 
93085859 2 
93085861 149588 
93235449 98479 
93333928 28657 
93362585 10946 
93373531 4181 
93377712 987 
93378699 34 
93378733 2 
93378735 17711 
93396446 1597 
93398043 610 
93398653 89 
93398742 34 
93398776 13 
93398789 3 
93398792 1 
93398793 6765 
93405558 2584 
93408142 21 
93408163 5 
93408168 2 
93408170 2584 
93410754 610 
93411364 144 
93411508 55 
93411563 8 
93411571 3 
93411574 1 
93411575 46368 
93457943 10946 
93468889 1597 
93470486 144 
93470630 55 
93470685 21 
93470706 1 
93470707 46368 
93517075 10946 
93528021 1597 
93529618 377 
93529995 89 
93530084 21 
93530105 8 
93530113 3 
93530116 66689 
93596805 10946 
93607751 4181 
93611932 1597 
93613529 233 
93613762 34 
93613796 1 
93613797 424075 
94037872 28657 
94066529 6765 
94073294 2584 
94075878 144 
94076022 21 
94076043 3 
94076046 28657 
94104703 6765 
94111468 610 
94112078 233 
94112311 89 
94112400 21 
94112421 1 
94112422 98479 
94210901 6765 
94217666 1597 
94219263 610 
94219873 144 
94220017 55 
94220072 98479 
94318551 17711 
94336262 2584 
94338846 34 
94338880 8 
94338888 10946 
94349834 55 
94349889 21 
94349910 5 
94349915 2 
94349917 987 
94350904 377 
94351281 34 
94351315 8 
94351323 3 
94351326 46368 
94397694 6765 
94404459 2584 
94407043 233 
94407276 5 
94407281 1 
94407282 66689 
94473971 10946 
94484917 2584 
94487501 987 
94488488 55 
94488543 21 
94488564 2 
94488566 17711 
94506277 2584 
94508861 610 
94509471 233 
94509704 21 
94509725 5 
94509730 2 
94509732 66689 
94576421 610 
94577031 89 
94577120 34 
94577154 8 
94577162 2 
94577164 46368 
94623532 10946 
94634478 4181 
94638659 1597 
94640256 610 
94640866 144 
94641010 34 
94641044 13 
94641057 5 
94641062 2 
94641064 149588 
94790652 46368 
94837020 2584 
94839604 233 
94839837 55 
94839892 5 
94839897 46368 
94886265 6765 
94893030 2584 
94895614 987 
94896601 377 
94896978 21 
94896999 5 
94897004 149588 
95046592 46368 
95092960 10946 
95103906 2584 
95106490 987 
95107477 233 
95107710 1 
95107711 149588 
95257299 28657 
95285956 10946 
95296902 1597 
95298499 89 
95298588 34 
95298622 3 
95298625 98479 
95397104 10946 
95408050 987 
95409037 89 
95409126 34 
95409160 13 
95409173 5 
95409178 1 
95409179 46368 
95455547 10946 
95466493 4181 
95470674 144 
95470818 34 
95470852 13 
95470865 3 
95470868 17711 
95488579 2584 
95491163 610 
95491773 89 
95491862 34 
95491896 5 
95491901 28657 
95520558 2584 
95523142 987 
95524129 34 
95524163 8 
95524171 1 
95524172 66689 
95590861 10946 
95601807 4181 
95605988 1597 
95607585 610 
95608195 233 
95608428 89 
95608517 8 
95608525 3 
95608528 4181 
95612709 987 
95613696 233 
95613929 55 
95613984 46368 
95660352 610 
95660962 144 
95661106 34 
95661140 13 
95661153 3 
95661156 1 
95661157 149588 
95810745 17711 
95828456 6765 
95835221 1597 
95836818 377 
95837195 89 
95837284 21 
95837305 1 
95837306 46368 
95883674 6765 
95890439 1597 
95892036 377 
95892413 144 
95892557 34 
95892591 13 
95892604 5 
95892609 98479 
95991088 17711 
96008799 2584 
96011383 610 
96011993 34 
96012027 13 
96012040 5 
96012045 66689 
96078734 17711 
96096445 6765 
96103210 1597 
96104807 377 
96105184 144 
96105328 21 
96105349 8 
96105357 2 
96105359 17711 
96123070 6765 
96129835 987 
96130822 377 
96131199 89 
96131288 21 
96131309 8 
96131317 3 
96131320 1 
96131321 98479 
96229800 1597 
96231397 610 
96232007 144 
96232151 8 
96232159 46368 
96278527 10946 
96289473 2584 
96292057 987 
96293044 21 
96293065 2 
96293067 28657 
96321724 10946 
96332670 987 
96333657 21 
96333678 8 
96333686 2 
96333688 424075 
96757763 66689 
96824452 1597 
96826049 233 
96826282 55 
96826337 3 
96826340 1 
96826341 98479 
96924820 17711 
96942531 1597 
96944128 610 
96944738 144 
96944882 13 
96944895 5 
96944900 1 
96944901 98479 
97043380 17711 
97061091 6765 
97067856 1597 
97069453 377 
97069830 55 
97069885 5 
97069890 1 
97069891 66689 
97136580 17711 
97154291 4181 
97158472 987 
97159459 233 
97159692 55 
97159747 21 
97159768 8 
97159776 3 
97159779 1 
97159780 28657 
97188437 4181 
97192618 1597 
97194215 144 
97194359 34 
97194393 13 
97194406 3 
97194409 1 
97194410 10946 
97205356 4181 
97209537 987 
97210524 377 
97210901 144 
97211045 21 
97211066 1 
97211067 149588 
97360655 66689 
97427344 17711 
97445055 4181 
97449236 1597 
97450833 144 
97450977 34 
97451011 8 
97451019 2584 
97453603 610 
97454213 89 
97454302 34 
97454336 3 
97454339 149588 
97603927 2584 
97606511 377 
97606888 89 
97606977 21 
97606998 5 
97607003 2 
97607005 28657 
97635662 1597 
97637259 610 
97637869 89 
97637958 13 
97637971 3 
97637974 1 
97637975 28657 
97666632 10946 
97677578 233 
97677811 21 
97677832 2 
97677834 17711 
97695545 6765 
97702310 610 
97702920 144 
97703064 34 
97703098 8 
97703106 2 
97703108 149588 
97852696 2584 
97855280 610 
97855890 144 
97856034 55 
97856089 13 
97856102 5 
97856107 10946 
97867053 377 
97867430 2 
97867432 98479 
97965911 17711 
97983622 6765 
97990387 2584 
97992971 987 
97993958 233 
97994191 89 
97994280 34 
97994314 5 
97994319 98479 
98092798 17711 
98110509 6765 
98117274 987 
98118261 233 
98118494 89 
98118583 34 
98118617 1 
98118618 46368 
98164986 89 
98165075 34 
98165109 8 
98165117 3 
98165120 46368 
98211488 4181 
98215669 34 
98215703 46368 
98262071 10946 
98273017 4181 
98277198 1597 
98278795 610 
98279405 233 
98279638 89 
98279727 1 
98279728 98479 
98378207 28657 
98406864 10946 
98417810 2584 
98420394 610 
98421004 34 
98421038 1 
98421039 28657 
98449696 1597 
98451293 89 
98451382 34 
98451416 8 
98451424 3 
98451427 1 
98451428 98479 
98549907 28657 
98578564 10946 
98589510 2584 
98592094 610 
98592704 144 
98592848 55 
98592903 21 
98592924 5 
98592929 2 
98592931 149588 
98742519 28657 
98771176 10946 
98782122 4181 
98786303 377 
98786680 144 
98786824 55 
98786879 2 
98786881 98479 
98885360 28657 
98914017 6765 
98920782 1597 
98922379 610 
98922989 233 
98923222 89 
98923311 21 
98923332 1 
98923333 28657 
98951990 10946 
98962936 4181 
98967117 377 
98967494 89 
98967583 34 
98967617 5 
98967622 1 
98967623 10946 
98978569 4181 
98982750 987 
98983737 144 
98983881 55 
98983936 13 
98983949 5 
98983954 2 
98983956 149588 
99133544 46368 
99179912 10946 
99190858 55 
99190913 21 
99190934 66689 
99257623 10946 
99268569 2584 
99271153 233 
99271386 55 
99271441 13 
99271454 3 
99271457 98479 
99369936 10946 
99380882 4181 
99385063 1597 
99386660 377 
99387037 89 
99387126 2 
99387128 98479 
99485607 28657 
99514264 10946 
99525210 4181 
99529391 987 
99530378 233 
99530611 21 
99530632 5 
