1764
1 1 
2 1 
3 1 
4 2 
6 4 
10 1 
11 3 
14 1 
15 1 
16 4 
20 16 
36 1 
37 11 
48 1 
49 3 
52 6 
58 2 
60 3 
63 1 
64 2 
66 16 
82 2 
84 2 
86 3 
89 4 
93 2 
95 4 
99 14 
113 6 
119 4 
123 1 
124 6 
130 3 
133 16 
149 1 
150 6 
156 11 
167 3 
170 15 
185 11 
196 1 
197 11 
208 1 
209 10 
219 20 
239 6 
245 3 
248 6 
254 3 
257 6 
263 6 
269 2 
271 11 
282 1 
283 37 
320 3 
323 52 
375 1 
376 6 
382 4 
386 1 
387 37 
424 6 
430 1 
431 20 
451 4 
455 1 
456 15 
471 11 
482 2 
484 10 
494 6 
500 20 
520 20 
540 3 
543 95 
638 1 
639 14 
653 11 
664 20 
684 6 
690 2 
692 10 
702 283 
985 20 
1005 15 
1020 4 
1024 16 
1040 20 
1060 14 
1074 20 
1094 6 
1100 3 
1103 20 
1123 14 
1137 2 
1139 20 
1159 4 
1163 20 
1183 3 
1186 16 
1202 20 
1222 6 
1228 2 
1230 156 
1386 6 
1392 2 
1394 16 
1410 1 
1411 64 
1475 20 
1495 99 
1594 14 
1608 11 
1619 1 
1620 84 
1704 99 
1803 14 
1817 20 
1837 14 
1851 15 
1866 20 
1886 6 
1892 2 
1894 16 
1910 60 
1970 14 
1984 20 
2004 2 
2006 20 
2026 6 
2032 1 
2033 37 
2070 4 
2074 16 
2090 99 
2189 52 
2241 11 
2252 95 
2347 2 
2349 16 
2365 95 
2460 20 
2480 11 
2491 66 
2557 1 
2558 167 
2725 95 
2820 58 
2878 66 
2944 84 
3028 1 
3029 167 
3196 219 
3415 99 
3514 6 
3520 2 
3522 99 
3621 3 
3624 4 
3628 1 
3629 156 
3785 6 
3791 52 
3843 4 
3847 1 
3848 702 
4550 66 
4616 6 
4622 3 
4625 66 
4691 11 
4702 1 
4703 431 
5134 6 
5140 1 
5141 424 
5565 3 
5568 66 
5634 1 
5635 64 
5699 20 
5719 99 
5818 14 
5832 702 
6534 37 
6571 2 
6573 133 
6706 3 
6709 64 
6773 89 
6862 3 
6865 37 
6902 4 
6906 20 
6926 3 
6929 20 
6949 6 
6955 93 
7048 14 
7062 49 
7111 52 
7163 89 
7252 84 
7336 84 
7420 15 
7435 14 
7449 49 
7498 133 
7631 1 
7632 6 
7638 1 
7639 6 
7645 2 
7647 16 
7663 37 
7700 6 
7706 484 
8190 16 
8206 66 
8272 2 
8274 52 
8326 1 
8327 156 
8483 11 
8494 156 
8650 11 
8661 2 
8663 49 
8712 1 
8713 156 
8869 387 
9256 484 
9740 3 
9743 64 
9807 119 
9926 63 
9989 208 
10197 484 
10681 16 
10697 455 
11152 113 
11265 3 
11268 93 
11361 167 
11528 702 
12230 99 
12329 11 
12340 2 
12342 156 
12498 133 
12631 6 
12637 2 
12639 431 
13070 6 
13076 323 
13399 16 
13415 1 
13416 156 
13572 156 
13728 387 
14115 702 
14817 66 
14883 1 
14884 20 
14904 3 
14907 37 
14944 4 
14948 133 
15081 49 
15130 208 
15338 484 
15822 16 
15838 543 
16381 66 
16447 3 
16450 156 
16606 63 
16669 323 
16992 1 
16993 1411 
18404 2 
18406 64 
18470 119 
18589 14 
18603 49 
18652 208 
18860 484 
19344 16 
19360 124 
19484 89 
19573 20 
19593 99 
19692 14 
19706 49 
19755 60 
19815 209 
20024 167 
20191 219 
20410 37 
20447 66 
20513 4 
20517 387 
20904 14 
20918 209 
21127 456 
21583 6 
21589 2 
21591 156 
21747 66 
21813 4 
21817 1 
21818 283 
22101 20 
22121 11 
22132 2 
22134 1894 
24028 11 
24039 543 
24582 37 
24619 6 
24625 500 
25125 16 
25141 1 
25142 124 
25266 3 
25269 387 
25656 37 
25693 4 
25697 500 
26197 16 
26213 3 
26216 1163 
27379 6 
27385 1 
27386 156 
27542 4 
27546 431 
27977 6 
27983 66 
28049 6 
28055 1 
28056 89 
28145 2 
28147 1103 
29250 500 
29750 16 
29766 4625 
34391 3522 
37913 1103 
39016 8494 
47510 4 
47514 1 
47515 39016 
86531 2189 
88720 48 
88768 6573 
95341 95 
95436 3 
95439 12639 
108078 197 
108275 2 
108277 64 
108341 20 
108361 113 
108474 49 
108523 208 
108731 484 
109215 16 
109231 455 
109686 209 
109895 167 
110062 219 
110281 3522 
113803 37 
113840 4 
113844 1 
113845 64 
113909 1 
113910 113 
114023 4 
114027 1 
114028 63 
114091 208 
114299 484 
114783 16 
114799 185 
114984 156 
115140 323 
115463 64 
115527 37 
115564 66 
115630 520 
116150 4 
116154 1851 
118005 11 
118016 2 
118018 1411 
119429 49 
119478 1230 
120708 387 
121095 2033 
123128 20 
123148 11 
123159 3522 
126681 1103 
127784 702 
128486 239 
128725 2 
128727 3522 
132249 1103 
133352 2252 
135604 58 
135662 1 
135663 64 
135727 20 
135747 99 
135846 63 
135909 208 
136117 500 
136617 455 
137072 209 
137281 167 
137448 219 
137667 3629 
141296 1074 
142370 543 
142913 543 
143456 89 
143545 2 
143547 1851 
145398 6 
145404 5141 
150545 3522 
154067 1103 
155170 5832 
161002 431 
161433 11 
161444 99 
161543 63 
161606 208 
161814 484 
162298 16 
162314 455 
162769 209 
162978 167 
163145 219 
163364 3629 
166993 1074 
168067 543 
168610 2491 
171101 5141 
176242 3522 
179764 1103 
180867 34391 
215258 1230 
216488 64 
216552 5141 
221693 48 
221741 702 
222443 58 
222501 1 
222502 21127 
243629 283 
243912 20 
243932 6 
243938 5568 
249506 20024 
269530 99 
269629 6 
269635 5568 
275203 1704 
276907 66 
276973 15 
276988 119 
277107 14 
277121 49 
277170 208 
277378 484 
277862 4691 
282553 4 
282557 1074 
283631 156 
283787 387 
284174 2491 
286665 3196 
289861 133 
289994 6 
290000 197 
290197 49 
290246 208 
290454 484 
290938 471 
291409 209 
291618 167 
291785 20 
291805 1 
291806 197 
292003 1 
292004 3196 
295200 124 
295324 4 
295328 283 
295611 20 
295631 2 
295633 702 
296335 95 
296430 1 
296431 271 
296702 4 
296706 1 
296707 156 
296863 156 
297019 2 
297021 219 
297240 10 
297250 7632 
304882 89 
304971 20 
304991 156 
305147 6 
305153 208 
305361 500 
305861 455 
306316 209 
306525 167 
306692 219 
306911 1475 
308386 16 
308402 2 
308404 2090 
310494 37 
310531 6 
310537 3 
310540 1074 
311614 156 
311770 387 
312157 5141 
317298 248 
317546 64 
317610 119 
317729 14 
317743 49 
317792 208 
318000 1163 
319163 1 
319164 386 
319550 239 
319789 2878 
322667 49 
322716 2 
322718 456 
323174 4 
323178 1 
323179 130 
323309 2 
323311 702 
324013 239 
324252 1 
324253 156 
324409 4 
324413 1 
324414 382 
324796 2491 
327287 5141 
332428 3522 
335950 1103 
337053 47515 
384568 5832 
390400 323 
390723 37 
390760 6 
390766 1 
390767 7498 
398265 10 
398275 5568 
403843 8713 
412556 20 
412576 6 
412582 3 
412585 543 
413128 52 
413180 2 
413182 5568 
418750 6906 
425656 4 
425660 1 
425661 5719 
431380 6 
431386 3 
431389 6865 
438254 20 
438274 6 
438280 2 
438282 2252 
440534 20 
440554 14 
440568 10697 
451265 93 
451358 1837 
453195 11 
453206 1 
453207 12639 
465846 387 
466233 20 
466253 11 
466264 1 
466265 12639 
478904 8869 
487773 99 
487872 10 
487882 28056 
515938 22134 
538072 1202 
539274 11 
539285 2 
539287 64 
539351 20 
539371 99 
539470 14 
539484 257 
539741 484 
540225 16 
540241 455 
540696 209 
540905 3848 
544753 167 
544920 8869 
553789 52 
553841 4 
553845 1 
553846 323 
554169 3522 
557691 1103 
558794 7706 
566500 387 
566887 20 
566907 15 
566922 13076 
579998 14115 
594113 323 
594436 20 
594456 11 
594467 1 
594468 431 
594899 6 
594905 14907 
609812 12639 
622451 12639 
635090 2878 
637968 49 
638017 15081 
653098 20 
653118 11 
653129 1 
653130 47515 
700645 110281 
810926 2252 
813178 64 
813242 2944 
816186 20 
816206 3 
816209 13076 
829285 14907 
844192 12639 
856831 2878 
859709 49 
859758 95439 
955197 6955 
962152 15 
962167 126681 
1088848 86 
1088934 2 
1088936 86531 
1175467 1837 
1177304 64 
1177368 20 
1177388 99 
1177487 63 
1177550 692 
1178242 16 
1178258 455 
1178713 209 
1178922 167 
1179089 219 
1179308 3629 
1182937 1074 
1184011 156 
1184167 387 
1184554 7632 
1192186 3522 
1195708 88768 
1284476 1103 
1285579 5568 
1291147 21818 
1312965 25697 
1338662 115564 
1454226 257 
1454483 4 
1454487 12639 
1467126 170 
1467296 6 
1467302 14907 
1482209 137667 
1619876 2558 
1622434 60 
1622494 2 
1622496 222502 
1844998 418750 
2263748 3848 
2267596 133 
2267729 515938 
2783667 15838 
2799505 283 
2799788 11 
2799799 1 
2799800 170 
2799970 11 
2799981 2 
2799983 14 
2799997 49 
2800046 208 
2800254 484 
2800738 16 
2800754 455 
2801209 209 
2801418 167 
2801585 219 
2801804 3629 
2805433 1230 
2806663 387 
2807050 2491 
2809541 8663 
2818204 1103 
2819307 88768 
2908075 5568 
2913643 21818 
2935461 25697 
2961158 47515 
3008673 13572 
3022245 119 
3022364 2 
3022366 20 
3022386 99 
3022485 63 
3022548 208 
3022756 484 
3023240 16 
3023256 455 
3023711 209 
3023920 5568 
3029488 64 
3029552 2491 
3032043 5141 
3037184 13076 
3050260 95 
3050355 3 
3050358 84 
3050442 99 
3050541 63 
3050604 1163 
3051767 209 
3051976 167 
3052143 219 
3052362 3629 
3055991 1074 
3057065 156 
3057221 387 
3057608 2491 
3060099 5141 
3065240 11361 
3076601 119 
3076720 2 
3076722 13076 
3089798 14907 
3104705 12639 
3117344 13076 
3130420 156 
3130576 1 
3130577 27386 
3157963 664 
3158627 6 
3158633 5568 
3164201 19360 
3183561 99 
3183660 2349 
3186009 10 
3186019 25697 
3211716 95439 
3307155 5141 
3312296 4 
3312300 14907 
3327207 66 
3327273 6 
3327279 1 
3327280 11528 
3338808 271 
3339079 6 
3339085 702 
3339787 58 
3339845 1 
3339846 500 
3340346 10 
3340356 14907 
3355263 12639 
3367902 168610 
3536512 1704 
3538216 20 
3538236 4 
3538240 64 
3538304 20 
3538324 99 
3538423 271 
3538694 484 
3539178 16 
3539194 455 
3539649 209 
3539858 386 
3540244 3629 
3543873 1074 
3544947 156 
3545103 387 
3545490 7632 
3553122 3522 
3556644 1103 
3557747 88768 
3646515 47515 
3694030 5568 
3699598 115564 
3815162 13076 
3828238 27546 
3855784 22134 
3877918 323 
3878241 14 
3878255 95439 
3973694 3196 
3976890 209 
3977099 3 
3977102 95439 
4072541 4703 
4077244 271 
4077515 10 
4077525 121095 
4198620 702 
4199322 282 
4199604 297250 
4496854 3522 
4500376 95 
4500471 20 
4500491 99 
4500590 14 
4500604 257 
4500861 484 
4501345 16 
4501361 455 
4501816 209 
4502025 386 
4502411 3629 
4506040 1230 
4507270 387 
4507657 7632 
4515289 4625 
4519914 88768 
4608682 5568 
4614250 21818 
4636068 25697 
4661765 47515 
4709280 5832 
4715112 430 
4715542 47515 
4763057 14115 
4777172 156 
4777328 1 
4777329 13076 
4790405 14907 
4805312 47515 
4852827 10197 
4863024 431 
4863455 14 
4863469 440568 
5304037 9256 
5313293 323 
5313616 20 
5313636 11 
5313647 2 
5313649 64 
5313713 20 
5313733 99 
5313832 63 
5313895 692 
5314587 471 
5315058 209 
5315267 167 
5315434 219 
5315653 3629 
5319282 1074 
5320356 156 
5320512 2878 
5323390 5141 
5328531 3522 
5332053 1103 
5333156 88768 
5421924 5568 
5427492 21818 
5449310 25697 
5475007 115564 
5590571 8869 
5599440 156 
5599596 2 
5599598 3848 
5603446 197 
5603643 4 
5603647 14907 
5618554 12639 
5631193 180867 
5812060 9989 
5822049 49 
5822098 2 
5822100 28056 
5850156 2725 
5852881 52 
5852933 1 
5852934 180867 
6033801 10697 
6044498 99 
6044597 4 
6044601 1 
6044602 28056 
6072658 28056 
6100714 179764 
6280478 271 
6280749 6 
6280755 3 
6280758 47515 
6328273 9743 
6338016 20 
6338036 2 
6338038 150545 
6488583 2365 
6490948 3 
6490951 47515 
6538466 21818 
6560284 254 
6560538 2 
6560540 28056 
6588596 176242 
6764838 3196 
6768034 99 
6768133 3 
6768136 84 
6768220 99 
6768319 14 
6768333 49 
6768382 1163 
6769545 209 
6769754 167 
6769921 219 
6770140 3629 
6773769 1074 
6774843 156 
6774999 387 
6775386 2491 
6777877 5141 
6783018 3522 
6786540 1103 
6787643 88768 
6876411 5568 
6881979 21818 
6903797 25697 
6929494 143547 
7073041 222502 
7295543 4625 
7300168 37 
7300205 7163 
7307368 52 
7307420 1 
7307421 222502 
7529923 20517 
7550440 323 
7550763 390767 
7941530 3848 
7945378 60 
7945438 88768 
8034206 3848 
8038054 543 
8038597 48 
8038645 297250 
8335895 52 
8335947 2 
8335949 28056 
8364005 39016 
8403021 2090 
8405111 20 
8405131 3 
8405134 440568 
8845702 5832 
8851534 323 
8851857 20 
8851877 10 
8851887 700645 
9552532 15338 
9567870 64 
9567934 243938 
9811872 2090 
9813962 89 
9814051 3 
9814054 3848 
9817902 543 
9818445 37 
9818482 10 
9818492 487882 
10306374 292004 
10598378 702 
10599080 48 
10599128 28147 
10627275 20 
10627295 1 
10627296 638017 
11265313 3196 
11268509 20 
11268529 11 
11268540 1 
11268541 813242 
12081783 1454487 
13536270 1622496 
15158766 14115 
15172881 387 
15173268 2 
15173270 64 
15173334 20 
15173354 113 
15173467 49 
15173516 208 
15173724 484 
15174208 16 
15174224 455 
15174679 209 
15174888 386 
15175274 3629 
15178903 1074 
15179977 156 
15180133 387 
15180520 2491 
15183011 5141 
15188152 88768 
15276920 4625 
15281545 5568 
15287113 21818 
15308931 25697 
15334628 115564 
15450192 13076 
15463268 14907 
15478175 12639 
15490814 221741 
15712555 638017 
16350572 1622496 
17973068 222502 
18195570 28056 
18223626 487882 
18711508 962167 
19673675 813242 
20486917 1454487 
21941404 3855784 
25797188 1620 
25798808 66 
25798874 11 
25798885 2 
25798887 4519914 
30318801 27546 
30346347 185 
30346532 6 
30346538 176242 
30522780 2006 
30524786 14 
30524800 133 
30524933 257 
30525190 484 
30525674 16 
30525690 455 
30526145 209 
30526354 167 
30526521 219 
30526740 4703 
30531443 156 
30531599 387 
30531986 2491 
30534477 5141 
30539618 3522 
30543140 1103 
30544243 88768 
30633011 5568 
30638579 162978 
30801557 99 
30801656 2 
30801658 13076 
30814734 27546 
30842280 221741 
31064021 638017 
31702038 1622496 
33324534 222502 
33547036 28056 
33575092 1844998 
35420090 413182 
35833272 4703 
35837975 387 
35838362 20 
35838382 1 
35838383 962167 
36800550 4703 
36805253 239 
36805492 2 
36805494 64 
36805558 20 
36805578 99 
36805677 63 
36805740 208 
36805948 484 
36806432 16 
36806448 664 
36807112 167 
36807279 219 
36807498 4703 
36812201 543 
36812744 7632 
36820376 3522 
36823898 1103 
36825001 116154 
36941155 25697 
36966852 115564 
37082416 13076 
37095492 14907 
37110399 180867 
37291266 1594 
37292860 10 
37292870 47515 
37340385 3848 
37344233 543 
37344776 3 
37344779 638017 
37982796 1844998 
39827794 28056 
39855850 487882 
40343732 962167 
41305899 2267729 
43573628 1844998 
45418626 277862 
45696488 1495 
45697983 20 
45698003 1 
45698004 6280758 
51978762 8851887 
60830649 216552 
61047201 2252 
61049453 16 
61049469 1 
61049470 6280758 
67330228 6280758 
73610986 5631193 
79242179 116154 
79358333 156 
79358489 64 
79358553 119 
79358672 14 
79358686 49 
79358735 208 
79358943 484 
79359427 471 
79359898 209 
79360107 5141 
79365248 99 
79365347 4 
79365351 1 
79365352 2878 
79368230 5141 
79373371 4625 
79377996 88768 
79466764 168610 
79635374 37 
79635411 13076 
79648487 14907 
79663394 12639 
79676033 859758 
80535791 1844998 
82380789 28056 
82408845 487882 
82896727 962167 
83858894 2267729 
86126623 8405134 
94531757 10599128 
105130885 11268 
105142153 36 
105142189 64 
105142253 20 
105142273 99 
105142372 271 
105142643 484 
105143127 16 
105143143 455 
105143598 209 
105143807 386 
105144193 3629 
105147822 1074 
105148896 156 
105149052 387 
105149439 2491 
105151930 8663 
105160593 95439 
105256032 47515 
105303547 115564 
105419111 13076 
105432187 27546 
105459733 221741 
105681474 1844998 
107526472 413182 
107939654 2252 
107941906 66 
107941972 15 
107941987 222502 
108164489 28056 
108192545 487882 
108680427 962167 
109642594 222502 
109865096 16993 
109882089 1123 
109883212 11 
109883223 566922 
110450145 5635 
110455780 52 
110455832 4 
110455836 1454487 
111910323 4199604 
116109927 47515 
116157442 6534 
116163976 4 
116163980 1 
116163981 16350572 
132514553 653130 
133167683 5635 
133173318 16 
133173334 197 
133173531 49 
133173580 208 
133173788 500 
133174288 455 
133174743 209 
133174952 167 
133175119 219 
133175338 4703 
133180041 156 
133180197 387 
133180584 2491 
133183075 5141 
133188216 3522 
133191738 95439 
133287177 21818 
133308995 25697 
133334692 115564 
133450256 13076 
133463332 14907 
133478239 12639 
133490878 221741 
133712619 638017 
134350636 1312965 
135663601 3196 
135666797 124 
135666921 2 
135666923 305861 
135972784 323 
135973107 20 
135973127 4 
135973131 1 
135973132 222502 
136195634 28056 
136223690 487882 
136711572 962167 
137673739 813242 
138486981 4863469 
143350450 418750 
143769200 3196 
143772396 66 
143772462 197 
143772659 49 
143772708 208 
143772916 500 
143773416 455 
143773871 376 
143774247 219 
143774466 3629 
143778095 1230 
143779325 387 
143779712 2491 
143782203 5141 
143787344 3522 
143790866 1103 
143791969 116154 
143908123 25697 
143933820 115564 
144049384 27983 
144077367 222502 
144299869 11528 
144311397 323 
144311720 20 
144311740 6 
144311746 1 
144311747 638017 
144949764 1622496 
146572260 249506 
146821766 1040 
146822806 11 
146822817 1 
146822818 487882 
147310700 1312965 
148623665 12230 
148635895 36 
148635931 84 
148636015 99 
148636114 14 
148636128 49 
148636177 692 
148636869 16 
148636885 664 
148637549 167 
148637716 219 
148637935 3629 
148641564 1230 
148642794 387 
148643181 2491 
148645672 5141 
148650813 3522 
148654335 1103 
148655438 88768 
148744206 5568 
148749774 47515 
148797289 115564 
148912853 13076 
148925929 14907 
148940836 12639 
148953475 132249 
149085724 382 
149086106 3 
149086109 88768 
149174877 323 
149175200 16 
149175216 638017 
149813233 700645 
150513878 26216 
150540094 500 
150540594 2 
150540596 1088936 
151629532 28147 
151657679 543 
151658222 6 
151658228 3 
151658231 515938 
152174169 337053 
152511222 2944 
152514166 20 
152514186 84 
152514270 99 
152514369 14 
152514383 49 
152514432 692 
152515124 471 
152515595 376 
152515971 219 
152516190 3629 
152519819 1074 
152520893 156 
152521049 387 
152521436 7632 
152529068 3522 
152532590 1103 
152533693 116154 
152649847 25697 
152675544 115564 
152791108 13076 
152804184 14907 
152819091 312157 
153131248 4703 
153135951 382 
153136333 3 
153136336 554169 
153690505 702 
153691207 271 
153691478 10 
153691488 249506 
153940994 8494 
153949488 89 
153949577 1 
153949578 1338662 
155288240 25697 
155313937 37 
155313974 10 
155313984 222502 
155536486 28056 
155564542 487882 
156052424 2819307 
158871731 47515 
158919246 26216 
158945462 263 
158945725 4 
158945729 1 
158945730 335950 
159281680 639 
159282319 1 
159282320 4199604 
163481924 215258 
163697182 702 
163697884 170 
163698054 14 
163698068 110281 
163808349 702 
163809051 133 
163809184 15 
163809199 3878255 
167687454 6588596 
174276050 21127 
174297177 16 
174297193 3 
174297196 4863469 
179160665 1338662 
180499327 47515 
180546842 29766 
180576608 1230 
180577838 113 
180577951 3 
180577954 2267729 
182845683 180867 
183026550 12342 
183038892 20 
183038912 6 
183038918 2 
183038920 1454487 
184493407 7252 
184500659 16 
184500675 1 
184500676 859758 
185360434 47515 
185407949 29766 
185437715 3629 
185441344 66 
185441410 11 
185441421 2 
185441423 3878255 
189319678 21941404 
211261082 1195708 
212456790 47515 
212504305 27386 
212531691 130 
212531821 10599128 
223130949 4863469 
227994418 3878255 
231872673 1622496 
233495169 180867 
233676036 18860 
233694896 93 
233694989 20 
233695009 113 
233695122 49 
233695171 692 
233695863 16 
233695879 455 
233696334 209 
233696543 167 
233696710 3848 
233700558 1074 
233701632 156 
233701788 2878 
233704666 5141 
233709807 3522 
233713329 1103 
233714432 88768 
233803200 5568 
233808768 21818 
233830586 154067 
233984653 269 
233984922 1 
233984923 14907 
233999830 12639 
234012469 859758 
234872227 1622496 
236494723 222502 
236717225 28056 
236745281 487882 
237233163 962167 
238195330 119478 
238314808 702 
238315510 11 
238315521 653130 
238968651 39016 
239007667 702 
239008369 197 
239008566 6 
239008572 1454487 
240463059 8405134 
248868193 39016 
248907209 7435 
248914644 4 
248914648 1 
248914649 10306374 
259221023 269635 
259490658 3029 
259493687 124 
259493811 1 
259493812 64 
259493876 133 
259494009 49 
259494058 208 
259494266 484 
259494750 16 
259494766 455 
259495221 209 
259495430 167 
259495597 3848 
259499445 1074 
259500519 156 
259500675 387 
259501062 2491 
259503553 5141 
259508694 4625 
259513319 88768 
259602087 5568 
259607655 21818 
259629473 137667 
259767140 3522 
259770662 66 
259770728 6 
259770734 27983 
259798717 12639 
259811356 221741 
260033097 544920 
260578017 4703 
260582720 20 
260582740 6 
260582746 2 
260582748 64 
260582812 20 
260582832 99 
260582931 14 
260582945 49 
260582994 208 
260583202 484 
260583686 471 
260584157 209 
260584366 386 
260584752 4703 
260589455 156 
260589611 387 
260589998 7632 
260597630 3522 
260601152 1103 
260602255 88768 
260691023 5568 
260696591 21818 
260718409 25697 
260744106 143547 
260887653 12639 
260900292 221741 
261122033 638017 
261760050 515938 
262275988 16993 
262292981 543 
262293524 86 
262293610 222502 
262516112 28056 
262544168 487882 
263032050 337053 
263369103 13416 
263382519 20 
263382539 6 
263382545 1 
263382546 222502 
263605048 384568 
263989616 4550 
263994166 49 
263994215 2 
263994217 126681 
264120898 86 
264120984 2 
264120986 95439 
264216425 3196 
264219621 37 
264219658 1 
264219659 579998 
264799657 7706 
264807363 95 
264807458 1 
264807459 275203 
265082662 484 
265083146 6 
265083152 1 
265083153 1195708 
266278861 47515 
266326376 20191 
266346567 99 
266346666 962167 
267308833 39016 
267347849 3029 
267350878 4 
267350882 3130577 
270481459 18860 
270500319 95 
270500414 3 
270500417 4077525 
274577942 88768 
274666710 323 
274667033 37 
274667070 10 
274667080 1088936 
275756016 1184554 
276940570 5141 
276945711 82 
276945793 1 
276945794 4863469 
281809263 3878255 
285687518 4199604 
289887122 128727 
290015849 2558 
290018407 133 
290018540 6 
290018546 2267729 
292286275 121095 
292407370 1020 
292408390 1 
292408391 3878255 
296286646 12639 
296299285 16 
296299301 3 
296299304 962167 
297261471 10197 
297271668 185 
297271853 6 
297271859 1 
297271860 116154 
297388014 219 
297388233 6 
297388239 1 
297388240 15490814 
312879054 171101 
313050155 3196 
313053351 60 
313053411 1 
313053412 25798887 
338852299 1088936 
339941235 21941404 
361882639 2267729 
364150368 478904 
364629272 6709 
364635981 16 
364635997 2 
364635999 1844998 
366480997 384568 
366865565 2558 
366868123 133 
366868256 1 
366868257 155170 
367023427 4703 
367028130 84 
367028214 99 
367028313 14 
367028327 49 
367028376 702 
367029078 6 
367029084 702 
367029786 124 
367029910 4 
367029914 1 
367029915 3848 
367033763 1074 
367034837 156 
367034993 387 
367035380 2491 
367037871 5141 
367043012 3522 
367046534 1103 
367047637 88768 
367136405 5568 
367141973 21818 
367163791 25697 
367189488 115564 
367305052 13076 
367318128 14907 
367333035 12639 
367345674 221741 
367567415 2267729 
369835144 215258 
370050402 20 
370050422 6 
370050428 2 
370050430 515938 
370566368 962167 
371528535 2267729 
373796264 3646515 
377442779 24582 
377467361 20 
377467381 4 
377467385 4715542 
382182927 18470 
382201397 1 
382201398 128727 
382330125 702 
382330827 20 
382330847 6 
382330853 1 
382330854 3878255 
386209109 6338038 
392547147 119478 
392666625 500 
392667125 16 
392667141 3 
392667144 4863469 
397530613 22134 
397552747 113 
397552860 4 
397552864 5631193 
403184057 47515 
403231572 34391 
403265963 283 
403266246 20 
403266266 6 
403266272 1088936 
404355208 4863469 
409218677 2783667 
412002344 5635 
412007979 16 
412007995 1 
412007996 1088936 
413096932 31702038 
444798970 1482209 
446281179 95439 
446376618 9989 
446386607 10 
446386617 45698004 
492084621 1088936 
493173557 15130 
493188687 48 
493188735 1088936 
494277671 5852934 
500130605 47515 
500178120 22134 
500200254 1202 
500201456 6 
500201462 10599128 
510800590 4863469 
515664059 3878255 
519542314 515938 
520058252 16993 
520075245 1230 
520076475 82 
520076557 1 
520076558 1088936 
521165494 79466764 
600632258 88768 
600721026 2026 
600723052 1 
600723053 25798887 
626521940 1088936 
627610876 105681474 
733292350 700645 
733992995 47515 
734040510 15338 
734055848 387 
734056235 20 
734056255 3 
