2184
1 1 
2 1 
3 2 
5 1 
6 5 
11 6 
17 6 
23 2 
25 1 
26 1 
27 1 
28 6 
34 2 
36 3 
39 1 
40 3 
43 2 
45 5 
50 3 
53 1 
54 3 
57 1 
58 2 
60 1 
61 11 
72 1 
73 3 
76 1 
77 11 
88 2 
90 2 
92 3 
95 1 
96 3 
99 2 
101 6 
107 1 
108 1 
109 3 
112 1 
113 2 
115 11 
126 3 
129 1 
130 1 
131 11 
142 3 
145 1 
146 6 
152 1 
153 6 
159 2 
161 3 
164 1 
165 1 
166 3 
169 1 
170 1 
171 3 
174 5 
179 1 
180 1 
181 1 
182 3 
185 1 
186 2 
188 11 
199 2 
201 2 
203 5 
208 6 
214 1 
215 6 
221 2 
223 2 
225 5 
230 11 
241 3 
244 1 
245 5 
250 1 
251 1 
252 2 
254 3 
257 1 
258 1 
259 6 
265 2 
267 1 
268 5 
273 2 
275 6 
281 3 
284 1 
285 6 
291 3 
294 1 
295 5 
300 17 
317 1 
318 11 
329 3 
332 1 
333 1 
334 6 
340 6 
346 2 
348 1 
349 2 
351 11 
362 3 
365 1 
366 2 
368 5 
373 3 
376 17 
393 5 
398 5 
403 3 
406 3 
409 2 
411 6 
417 3 
420 1 
421 2 
423 17 
440 5 
445 11 
456 3 
459 1 
460 5 
465 3 
468 3 
471 1 
472 2 
474 5 
479 11 
490 5 
495 11 
506 2 
508 5 
513 3 
516 3 
519 11 
530 5 
535 17 
552 1 
553 26 
579 3 
582 1 
583 6 
589 61 
650 1 
651 17 
668 6 
674 1 
675 6 
681 3 
684 3 
687 1 
688 6 
694 3 
697 2 
699 11 
710 3 
713 6 
719 3 
722 3 
725 6 
731 5 
736 6 
742 3 
745 28 
773 11 
784 3 
787 1 
788 17 
805 5 
810 11 
821 3 
824 1 
825 6 
831 2 
833 17 
850 2 
852 3 
855 1 
856 3 
859 5 
864 2 
866 25 
891 73 
964 1 
965 6 
971 3 
974 1 
975 6 
981 1 
982 28 
1010 5 
1015 3 
1018 17 
1035 5 
1040 5 
1045 6 
1051 43 
1094 1 
1095 26 
1121 109 
1230 2 
1232 5 
1237 34 
1271 17 
1288 3 
1291 1 
1292 23 
1315 36 
1351 1 
1352 73 
1425 2 
1427 36 
1463 1 
1464 28 
1492 1 
1493 61 
1554 3 
1557 45 
1602 2 
1604 17 
1621 17 
1638 5 
1643 77 
1720 6 
1726 112 
1838 39 
1877 43 
1920 1 
1921 45 
1966 1 
1967 26 
1993 166 
2159 1 
2160 268 
2428 1 
2429 11 
2440 2 
2442 90 
2532 199 
2731 188 
2919 6 
2925 3 
2928 589 
3517 36 
3553 245 
3798 2 
3800 1604 
5404 6 
5410 2 
5412 965 
6377 1726 
8103 61 
8164 6 
8170 2928 
11098 181 
11279 2442 
13721 3 
13724 1 
13725 126 
13851 825 
14676 1232 
15908 736 
16644 294 
16938 891 
17829 27 
17856 697 
18553 1352 
19905 17 
19922 5 
19927 1557 
21484 1 
21485 456 
21941 2 
21943 589 
22532 17 
22549 5 
22554 2731 
25285 61 
25346 6 
25352 334 
25686 1095 
26781 17 
26798 3 
26801 788 
27589 11 
27600 2 
27602 180 
27782 109 
27891 3800 
31691 1094 
32785 2160 
34945 54 
34999 2 
35001 1993 
36994 90 
37084 201 
37285 2160 
39445 28 
39473 2 
39475 519 
39994 1 
39995 208 
40203 2 
40205 788 
40993 3 
40996 58 
41054 295 
41349 146 
41495 2 
41497 1015 
42512 3800 
46312 188 
46500 6 
46506 3 
46509 2160 
48669 230 
48899 6 
48905 3 
48908 583 
49491 1993 
51484 131 
51615 6 
51621 3 
51624 2928 
54552 115 
54667 1 
54668 221 
54889 975 
55864 535 
56399 6 
56405 479 
56884 1121 
58005 23 
58028 2160 
60188 153 
60341 340 
60681 351 
61032 208 
61240 2928 
64168 340 
64508 1 
64509 1237 
65746 28 
65774 2 
65776 1315 
67091 17 
67108 3 
67111 423 
67534 11 
67545 5 
67550 1292 
68842 651 
69493 11 
69504 891 
70395 3 
70398 1 
70399 3553 
73952 115 
74067 2 
74069 2160 
76229 245 
76474 891 
77365 11 
77376 1 
77377 215 
77592 300 
77892 479 
78371 40 
78411 1 
78412 519 
78931 2 
78933 1018 
79951 11 
79962 2 
79964 508 
80472 2 
80474 1427 
81901 6 
81907 3 
81910 1 
81911 1271 
83182 3 
83185 1352 
84537 36 
84573 2 
84575 376 
84951 11 
84962 2 
84964 1040 
86004 479 
86483 5 
86488 153 
86641 2160 
88801 11 
88812 3 
88815 1 
88816 852 
89668 259 
89927 257 
90184 2928 
93112 215 
93327 161 
93488 519 
94007 275 
94282 805 
95087 736 
95823 131 
95954 3 
95957 1 
95958 773 
96731 833 
97564 3 
97567 459 
98026 3800 
101826 254 
102080 1121 
103201 101 
103302 1 
103303 1051 
104354 28 
104382 3 
104385 1557 
105942 2 
105944 1121 
107065 88 
107153 403 
107556 146 
107702 265 
107967 1 
107968 495 
108463 553 
109016 891 
109907 40 
109947 1 
109948 257 
110205 203 
110408 2 
110410 267 
110677 1643 
112320 73 
112393 1237 
113630 11 
113641 3 
113644 1 
113645 1993 
115638 95 
115733 317 
116050 1464 
117514 6 
117520 2 
117522 681 
118203 2 
118205 824 
119029 2731 
121760 1 
121761 3800 
125561 161 
125722 90 
125812 188 
126000 6 
126006 3 
126009 1 
126010 1877 
127887 23 
127910 1 
127911 2160 
130071 131 
130202 6 
130208 17 
130225 2 
130227 553 
130780 11 
130791 1352 
132143 11 
132154 2 
132156 1121 
133277 50 
133327 1726 
135053 54 
135107 1 
135108 788 
135896 11 
135907 5 
135912 423 
136335 199 
136534 77 
136611 108 
136719 535 
137254 6 
137260 3 
137263 1921 
139184 11 
139195 1 
139196 2919 
142115 5 
142120 519 
142639 6 
142645 3 
142648 1 
142649 975 
143624 810 
144434 6 
144440 3 
144443 1121 
145564 54 
145618 1 
145619 180 
145799 250 
146049 115 
146164 6 
146170 1 
146171 1051 
147222 6 
147228 3 
147231 1 
147232 1045 
148277 1 
148278 2442 
150720 77 
150797 6 
150803 2 
150805 61 
150866 1 
150867 1121 
151988 61 
152049 6 
152055 2 
152057 26 
152083 99 
152182 1 
152183 745 
152928 348 
153276 351 
153627 6 
153633 3 
153636 1 
153637 179 
153816 417 
154233 245 
154478 225 
154703 3800 
158503 1237 
159740 2 
159742 3800 
163542 719 
164261 1 
164262 3800 
168062 1121 
169183 77 
169260 1237 
170497 11 
170508 5 
170513 583 
171096 3 
171099 516 
171615 268 
171883 34 
171917 1 
171918 553 
172471 153 
172624 1 
172625 259 
172884 519 
173403 3 
173406 1427 
174833 6 
174839 2 
174841 725 
175566 3553 
179119 6 
179125 3 
179128 76 
179204 2160 
181364 146 
181510 2 
181512 859 
182371 479 
182850 5 
182855 3800 
186655 1292 
187947 3 
187950 1 
187951 5412 
193363 115 
193478 982 
194460 1 
194461 1604 
196065 668 
196733 267 
197000 1352 
198352 28 
198380 77 
198457 6 
198463 3 
198466 1 
198467 131 
198598 153 
198751 6 
198757 1 
198758 417 
199175 1 
199176 856 
200032 2160 
202192 95 
202287 2160 
204447 57 
204504 2928 
207432 96 
207528 2 
207530 788 
208318 2928 
211246 34 
211280 460 
211740 174 
211914 3 
211917 1 
211918 208 
212126 5 
212131 340 
212471 161 
212632 975 
213607 1 
213608 1018 
214626 2 
214628 583 
215211 495 
215706 6 
215712 3 
215715 1 
215716 697 
216413 2928 
219341 553 
219894 23 
219917 1 
219918 2928 
222846 230 
223076 5 
223081 1271 
224352 2 
224354 982 
225336 1921 
227257 43 
227300 1 
227301 722 
228023 1427 
229450 17 
229467 1 
229468 1292 
230760 1921 
232681 6 
232687 2 
232689 1121 
233810 36 
233846 1 
233847 787 
234634 850 
235484 516 
236000 208 
236208 3 
236211 1493 
237704 45 
237749 3 
237752 45 
237797 3 
237800 146 
237946 3 
237949 365 
238314 6 
238320 2160 
240480 208 
240688 2 
240690 2928 
243618 252 
243870 1018 
244888 3800 
248688 245 
248933 250 
249183 859 
250042 3 
250045 1 
250046 684 
250730 513 
251243 589 
251832 479 
252311 2928 
255239 92 
255331 115 
255446 409 
255855 423 
256278 2160 
258438 43 
258481 1 
258482 2160 
260642 174 
260816 1 
260817 77 
260894 131 
261025 2 
261027 745 
261772 23 
261795 1 
261796 368 
262164 421 
262585 373 
262958 2 
262960 1643 
264603 53 
264656 230 
264886 583 
265469 1 
265470 472 
265942 1095 
267037 17 
267054 2 
267056 688 
267744 1877 
269621 26 
269647 891 
270538 43 
270581 1 
270582 479 
271061 3 
271064 1 
271065 275 
271340 109 
271449 351 
271800 6 
271806 3 
271809 39 
271848 982 
272830 6 
272836 2 
272838 1993 
274831 146 
274977 5 
274982 891 
275873 17 
275890 3 
275893 1 
275894 1557 
277451 28 
277479 468 
277947 2 
277949 788 
278737 11 
278748 3 
278751 1 
278752 96 
278848 2 
278850 201 
279051 2731 
281782 72 
281854 230 
282084 291 
282375 1 
282376 1993 
284369 17 
284386 5 
284391 153 
284544 2 
284546 1292 
285838 6 
285844 3 
285847 1 
285848 146 
285994 965 
286959 257 
287216 1993 
289209 43 
289252 725 
289977 5 
289982 1602 
291584 1 
291585 866 
292451 376 
292827 3553 
296380 182 
296562 1 
296563 25 
296588 1993 
298581 77 
298658 6 
298664 2928 
301592 479 
302071 2 
302073 1121 
303194 866 
304060 3 
304063 1 
304064 1271 
305335 3 
305338 1 
305339 245 
305584 3 
305587 1 
305588 1121 
306709 36 
306745 2 
306747 719 
307466 2 
307468 479 
307947 1 
307948 2160 
310108 159 
310267 1 
310268 50 
310318 2928 
313246 300 
313546 6 
313552 2 
313554 479 
314033 2 
314035 90 
314125 182 
314307 589 
314896 45 
314941 3 
314944 3553 
318497 92 
318589 1 
318590 1921 
320511 589 
321100 11 
321111 3 
321114 1 
321115 257 
321372 1288 
322660 1352 
324012 1993 
326005 161 
326166 1 
326167 45 
326212 1 
326213 445 
326658 833 
327491 2442 
329933 810 
330743 1 
330744 1643 
332387 445 
332832 6 
332838 3 
332841 1493 
334334 36 
334370 891 
335261 26 
335287 1121 
336408 72 
336480 651 
337131 1967 
339098 17 
339115 5 
339120 1351 
340471 506 
340977 334 
341311 1427 
342738 1 
342739 1121 
343860 28 
343888 5 
343893 182 
344075 1 
344076 92 
344168 1557 
345725 6 
345731 445 
346176 3553 
349729 61 
349790 2 
349792 1557 
351349 17 
351366 2 
351368 334 
351702 145 
351847 1726 
353573 6 
353579 2 
353581 3800 
357381 346 
357727 1 
357728 1993 
359721 146 
359867 3 
359870 112 
359982 146 
360128 5 
360133 1720 
361853 5 
361858 1051 
362909 28 
362937 1 
362938 1292 
364230 11 
364241 5 
364246 348 
364594 17 
364611 5 
364616 1121 
365737 77 
365814 6 
365820 2 
365822 1352 
367174 53 
367227 1726 
368953 45 
368998 1292 
370290 3 
370293 188 
370481 99 
370580 411 
370991 472 
371463 58 
371521 153 
371674 5 
371679 1838 
373517 142 
373659 1315 
374974 6 
374980 2 
374982 833 
375815 513 
376328 146 
376474 3 
376477 1 
376478 334 
376812 1643 
378455 28 
378483 417 
378900 2 
378902 115 
379017 45 
379062 508 
379570 688 
380258 275 
380533 1 
380534 745 
381279 11 
381290 2 
381292 891 
382183 58 
382241 1 
382242 675 
382917 1352 
384269 28 
384297 3 
384300 788 
385088 11 
385099 1 
385100 745 
385845 3 
385848 1621 
387469 2160 
389629 188 
389817 6 
389823 3 
389826 201 
390027 3553 
393580 50 
393630 1 
393631 468 
394099 1921 
396020 251 
396271 423 
396694 11 
396705 1 
396706 8170 
404876 2532 
407408 188 
407596 3 
407599 589 
408188 36 
408224 1 
408225 95 
408320 2928 
411248 186 
411434 1 
411435 456 
411891 300 
412191 1 
412192 1621 
413813 6 
413819 3 
413822 1 
413823 188 
414011 5 
414016 535 
414551 11 
414562 3 
414565 1 
414566 2429 
416995 440 
417435 3 
417438 535 
417973 1726 
419699 76 
419775 423 
420198 5 
420203 519 
420722 6 
420728 3 
420731 516 
421247 2 
421249 668 
421917 245 
422162 3 
422165 417 
422582 2160 
424742 36 
424778 2 
424780 1993 
426773 107 
426880 411 
427291 2 
427293 2928 
430221 208 
430429 3 
430432 101 
430533 96 
430629 982 
431611 1425 
433036 1 
433037 745 
433782 11 
433793 5 
433798 188 
433986 6 
433992 3 
433995 1557 
435552 975 
436527 3 
436530 552 
437082 1877 
438959 39 
438998 268 
439266 366 
439632 318 
439950 1 
439951 300 
440251 11 
440262 2 
440264 258 
440522 1051 
441573 40 
441613 479 
442092 3 
442095 850 
442945 1 
442946 468 
443414 146 
443560 1 
443561 891 
444452 54 
444506 1 
444507 1051 
445558 28 
445586 1015 
446601 1121 
447722 5 
447727 334 
448061 3 
448064 1 
448065 1352 
449417 6 
449423 3 
449426 1 
449427 2928 
452355 28 
452383 5 
452388 421 
452809 373 
453182 2160 
455342 28 
455370 3 
455373 1 
455374 166 
455540 346 
455886 3800 
459686 589 
460275 3 
460278 1 
460279 40 
460319 300 
460619 11 
460630 1 
460631 171 
460802 11 
460813 2 
460815 17 
460832 3 
460835 1 
460836 421 
461257 745 
462002 25 
462027 300 
462327 6 
462333 2 
462335 77 
462412 805 
463217 2 
463219 1292 
464511 519 
465030 3 
465033 1 
465034 126 
465160 1993 
467153 164 
467317 1121 
468438 11 
468449 833 
469282 6 
469288 2 
469290 275 
469565 2 
469567 1838 
471405 805 
472210 3 
472213 179 
472392 2532 
474924 166 
475090 423 
475513 1 
475514 60 
475574 1557 
477131 166 
477297 170 
477467 1643 
479110 2 
479112 1464 
480576 23 
480599 36 
480635 294 
480929 2429 
483358 6 
483364 2 
483366 174 
483540 833 
484373 11 
484384 2 
484386 508 
484894 423 
485317 11 
485328 2 
485330 368 
485698 2 
485700 866 
486566 6 
486572 3 
486575 1 
486576 2160 
488736 1121 
489857 61 
489918 651 
490569 3 
490572 1993 
492565 153 
492718 3 
492721 1 
492722 852 
493574 589 
494163 53 
494216 2928 
497144 259 
497403 3 
497406 2928 
500334 230 
500564 2 
500566 891 
501457 6 
501463 1 
501464 215 
501679 5 
501684 445 
502129 3 
502132 225 
502357 1 
502358 171 
502529 406 
502935 2 
502937 1726 
504663 45 
504708 3 
504711 1 
504712 259 
504971 3 
504974 1 
504975 1877 
506852 11 
506863 2 
506865 142 
507007 2 
507009 589 
507598 27 
507625 252 
507877 36 
507913 2 
507915 1643 
509558 589 
510147 2928 
513075 281 
513356 2 
513358 376 
513734 1993 
515727 1315 
517042 28 
517070 5 
517075 126 
517201 54 
517255 2 
517257 713 
517970 5 
517975 479 
518454 6 
518460 3553 
522013 208 
522221 3 
522224 423 
522647 6 
522653 3 
522656 1 
522657 1352 
524009 17 
524026 2 
524028 3800 
527828 891 
528719 11 
528730 281 
529011 2 
529013 208 
529221 1045 
530266 131 
530397 810 
531207 3517 
534724 17 
534741 1 
534742 77 
534819 6 
534825 1 
534826 745 
535571 17 
535588 5 
535593 318 
535911 2532 
538443 107 
538550 88 
538638 856 
539494 2 
539496 1967 
541463 6 
541469 2 
541471 340 
541811 3 
541814 368 
542182 1051 
543233 11 
543244 2 
543246 688 
543934 1 
543935 1726 
545661 45 
545706 2 
545708 1121 
546829 58 
546887 731 
547618 710 
548328 1 
548329 2928 
551257 215 
551472 3 
551475 215 
551690 731 
552421 3 
552424 1 
552425 1493 
553918 1643 
555561 11 
555572 866 
556438 6 
556444 1 
556445 368 
556813 3 
556816 859 
557675 651 
558326 61 
558387 589 
558976 3 
558979 1 
558980 833 
559813 1 
559814 95 
559909 351 
560260 365 
560625 1315 
561940 268 
562208 3 
562211 1051 
563262 773 
564035 6 
564041 1 
564042 891 
564933 61 
564994 6 
565000 3 
565003 245 
565248 1 
565249 1352 
566601 28 
566629 1 
566630 731 
567361 54 
567415 376 
567791 6 
567797 1 
567798 736 
568534 3 
568537 188 
568725 2 
568727 362 
569089 2 
569091 982 
570073 11 
570084 73 
570157 2 
570159 113 
570272 810 
571082 5 
571087 710 
571797 2 
571799 300 
572099 1921 
574020 6 
574026 1 
574027 440 
574467 398 
574865 3 
574868 1 
574869 96 
574965 6 
574971 2928 
577899 552 
578451 398 
578849 2928 
581777 340 
582117 3 
582120 773 
582893 589 
583482 34 
583516 1 
583517 1557 
585074 36 
585110 1 
585111 1993 
587104 115 
587219 2 
587221 1291 
588512 1095 
589607 589 
590196 11 
590207 2 
590209 1604 
591813 1643 
593456 54 
593510 445 
593955 2 
593957 1232 
595189 2 
595191 166 
595357 2 
595359 1838 
597197 25 
597222 1051 
598273 6 
598279 2429 
600708 6 
600714 3 
600717 1 
600718 1051 
601769 11 
601780 406 
602186 57 
602243 3800 
606043 174 
606217 2 
606219 115 
606334 6 
606340 3 
606343 1 
606344 713 
607057 1 
607058 318 
607376 6 
607382 2 
607384 1993 
609377 153 
609530 5 
609535 2532 
612067 174 
612241 1 
612242 589 
612831 6 
612837 2 
612839 1720 
614559 2 
614561 1993 
616554 101 
616655 3 
616658 1 
616659 975 
617634 5 
617639 965 
618604 5 
618609 130 
618739 251 
618990 1237 
620227 295 
620522 3 
620525 77 
620602 6 
620608 2 
620610 1292 
621902 1 
621903 1877 
623780 1 
623781 254 
624035 318 
624353 109 
624462 1 
624463 688 
625151 1726 
626877 77 
626954 5 
626959 285 
627244 2 
627246 553 
627799 6 
627805 864 
628669 495 
629164 1726 
630890 45 
630935 3 
630938 589 
631527 45 
631572 2 
631574 699 
632273 1315 
633588 17 
633605 1 
633606 2 
633608 1121 
634729 40 
634769 490 
635259 3 
635262 203 
635465 113 
635578 1838 
637416 36 
637452 1121 
638573 17 
638590 3 
638593 1 
638594 675 
639269 2 
639271 465 
639736 1557 
641293 40 
641333 1 
641334 215 
641549 3 
641552 1051 
642603 3 
642606 273 
642879 1 
642880 11 
642891 1 
642892 651 
643543 6 
643549 1288 
644837 3800 
648637 230 
648867 5 
648872 553 
649425 17 
649442 5 
649447 2 
649449 181 
649630 1121 
650751 11 
650762 3 
650765 267 
651032 2442 
653474 61 
653535 3553 
657088 171 
657259 2 
657261 2532 
659793 179 
659972 421 
660393 1 
660394 60 
660454 318 
660772 2 
660774 866 
661640 23 
661663 1 
661664 479 
662143 1838 
663981 11 
663992 5 
663997 675 
664672 3 
664675 1 
664676 76 
664752 112 
664864 1352 
666216 1315 
667531 28 
667559 1 
667560 300 
667860 6 
667866 3 
667869 284 
668153 1352 
669505 5 
669510 589 
670099 60 
670159 553 
670712 11 
670723 1 
670724 254 
670978 688 
671666 3 
671669 1352 
673021 58 
673079 1 
673080 1638 
674718 3 
674721 1993 
676714 17 
676731 92 
676823 725 
677548 3 
677551 1 
677552 3800 
681352 1045 
682397 3 
682400 1 
682401 3553 
685954 54 
686008 2 
686010 1464 
687474 1095 
688569 23 
688592 722 
689314 891 
690205 58 
690263 675 
690938 535 
691473 3 
691476 1 
691477 3800 
695277 553 
695830 1726 
697556 460 
698016 1 
698017 722 
698739 2 
698741 825 
699566 1040 
700606 2 
700608 2160 
702768 3 
702771 1 
702772 2928 
705700 535 
706235 1237 
707472 11 
707483 1 
707484 113 
707597 25 
707622 365 
707987 684 
708671 96 
708767 1993 
710760 77 
710837 6 
710843 1 
710844 1493 
712337 53 
712390 1877 
714267 188 
714455 1 
714456 203 
714659 2429 
717088 409 
717497 891 
718388 40 
718428 115 
718543 6 
718549 2 
718551 2160 
720711 77 
720788 3 
720791 460 
721251 214 
721465 713 
722178 376 
722554 2 
722556 203 
722759 3 
722762 1 
722763 43 
722806 864 
723670 101 
723771 5 
723776 459 
724235 745 
724980 6 
724986 72 
725058 1425 
726483 188 
726671 1427 
728098 5 
728103 170 
728273 982 
729255 26 
729281 1095 
730376 3 
730379 495 
730874 3 
730877 318 
731195 6 
731201 3 
731204 1 
731205 788 
731993 6 
731999 1 
732000 50 
732050 368 
732418 3 
732421 1 
732422 579 
733001 26 
733027 891 
733918 28 
733946 5 
733951 1237 
735188 25 
735213 349 
735562 971 
736533 2 
736535 1121 
737656 3 
737659 2928 
740587 40 
740627 2 
740629 1051 
741680 833 
742513 2 
742515 40 
742555 165 
742720 108 
742828 1045 
743873 722 
744595 589 
745184 58 
745242 1 
745243 2532 
747775 73 
747848 403 
748251 2 
748253 982 
749235 6 
749241 3 
749244 1 
749245 6 
749251 3 
749254 856 
750110 1 
750111 115 
750226 3 
750229 1 
750230 366 
750596 535 
751131 2 
751133 295 
751428 186 
751614 1315 
752929 1427 
754356 6 
754362 1493 
755855 11 
755866 2442 
758308 179 
758487 77 
758564 2 
758566 72 
758638 1726 
760364 92 
760456 1 
760457 1726 
762183 28 
762211 2 
762213 294 
762507 856 
763363 411 
763774 1557 
765331 28 
765359 1 
765360 28 
765388 5 
765393 285 
765678 1 
765679 2731 
768410 164 
768574 2532 
771106 77 
771183 535 
771718 11 
771729 5 
771734 28 
771762 3 
771765 1 
771766 1271 
773037 403 
773440 398 
773838 273 
774111 1838 
775949 28 
775977 2 
775979 295 
776274 1 
776275 474 
776749 174 
776923 1604 
778527 5 
778532 113 
778645 1 
778646 225 
778871 1427 
780298 17 
780315 3 
780318 1 
780319 28 
780347 36 
780383 1 
780384 2160 
782544 6 
782550 2 
782552 403 
782955 1 
782956 1121 
784077 2 
784079 101 
784180 2 
784182 366 
784548 1121 
785669 28 
785697 1 
785698 1993 
787691 130 
787821 186 
788007 2442 
790449 77 
790526 1427 
791953 161 
792114 1237 
793351 1095 
794446 17 
794463 1 
794464 281 
794745 268 
795013 2 
795015 36 
795051 699 
795750 6 
795756 891 
796647 23 
796670 1726 
798396 61 
798457 6 
798463 2 
798465 1292 
799757 6 
799763 2 
799765 181 
799946 852 
800798 2 
800800 1237 
802037 17 
802054 3 
802057 285 
802342 333 
802675 982 
803657 11 
803668 2 
803670 553 
804223 6 
804229 1 
804230 2928 
807158 268 
807426 2 
807428 1993 
809421 101 
809522 334 
809856 1 
809857 179 
810036 169 
810205 589 
810794 5 
810799 982 
811781 891 
812672 17 
812689 5 
812694 445 
813139 1 
813140 589 
813729 28 
813757 3 
813760 3800 
817560 1121 
818681 73 
818754 2 
818756 300 
819056 11 
819067 3 
819070 1 
819071 651 
819722 6 
819728 3 
819731 285 
820016 423 
820439 11 
820450 3 
820453 1 
820454 1877 
822331 445 
822776 6 
822782 1 
822783 129 
822912 406 
823318 788 
824106 11 
824117 3 
824120 130 
824250 1726 
825976 88 
826064 245 
826309 589 
826898 17 
826915 181 
827096 2160 
829256 61 
829317 6 
829323 1 
829324 1271 
830595 373 
830968 349 
831317 1352 
832669 61 
832730 6 
832736 1 
832737 373 
833110 275 
833385 5 
833390 1877 
835267 6 
835273 1315 
836588 34 
836622 1 
836623 788 
837411 474 
837885 553 
838438 17 
838455 2 
838457 43 
838500 1232 
839732 182 
839914 1427 
841341 411 
841752 1493 
843245 11 
843256 3 
843259 1 
843260 699 
843959 1621 
845580 153 
845733 3 
845736 1967 
847703 25 
847728 1493 
849221 57 
849278 773 
850051 5 
850056 2731 
852787 40 
852827 1 
852828 1237 
854065 28 
854093 3 
854096 26 
854122 329 
854451 2 
854453 1838 
856291 17 
856308 3 
856311 1121 
857432 131 
857563 6 
857569 3 
857572 1 
857573 423 
857996 6 
858002 2 
858004 1993 
859997 142 
860139 579 
860718 1726 
862444 583 
863027 3 
863030 1 
863031 1095 
864126 27 
864153 73 
864226 208 
864434 1 
864435 891 
865326 28 
865354 3 
865357 725 
866082 2 
866084 254 
866338 468 
866806 101 
866907 351 
867258 5 
867263 1095 
868358 11 
868369 1 
868370 1993 
870363 6 
870369 3 
870372 1 
870373 2532 
872905 23 
872928 589 
873517 43 
873560 1 
873561 3800 
877361 891 
878252 61 
878313 5 
878318 39 
878357 2160 
880517 126 
880643 1 
880644 535 
881179 3 
881182 398 
881580 61 
881641 258 
881899 810 
882709 252 
882961 788 
883749 6 
883755 2 
883757 1015 
884772 1 
884773 27 
884800 39 
884839 2160 
886999 225 
887224 3 
887227 1993 
889220 77 
889297 3 
889300 2928 
892228 182 
892410 1464 
893874 54 
893928 333 
894261 215 
894476 2 
894478 1464 
895942 2 
895944 1493 
897437 60 
897497 964 
898461 250 
898711 23 
898734 223 
898957 3800 
902757 1121 
903878 6 
903884 1 
903885 45 
903930 1237 
905167 28 
905195 5 
905200 334 
905534 5 
905539 745 
906284 11 
906295 1 
906296 651 
906947 3 
906950 1 
906951 1464 
908415 17 
908432 1 
908433 1838 
910271 17 
910288 1838 
912126 34 
912160 329 
912489 1 
912490 77 
912567 6 
912573 651 
913224 6 
913230 1 
913231 3800 
917031 975 
918006 1 
918007 1967 
919974 50 
920024 2 
920026 1352 
921378 39 
921417 506 
921923 495 
922418 1018 
923436 1427 
924863 25 
924888 76 
924964 300 
925264 3 
925267 1 
925268 3553 
928821 115 
928936 3 
928939 1 
928940 699 
929639 3 
929642 1051 
930693 6 
930699 3 
930702 513 
931215 2 
931217 713 
931930 465 
932395 2731 
935126 146 
935272 3 
935275 1 
935276 2532 
937808 45 
937853 3 
937856 1040 
938896 126 
939022 745 
939767 982 
940749 11 
940760 3 
940763 745 
941508 27 
941535 725 
942260 1352 
943612 11 
943623 3 
943626 1 
943627 351 
943978 6 
943984 1 
943985 11 
943996 3 
943999 1 
944000 188 
944188 6 
944194 2 
944196 891 
945087 45 
945132 3 
945135 50 
945185 99 
945284 61 
945345 3 
945348 27 
945375 1967 
947342 225 
947567 2160 
949727 1271 
950998 11 
951009 3 
951012 1967 
952979 11 
952990 3 
952993 1993 
954986 23 
955009 1 
955010 1427 
956437 23 
956460 28 
956488 589 
957077 45 
957122 3 
957125 1 
957126 465 
957591 2 
957593 223 
957816 351 
958167 273 
958440 1621 
960061 1 
960062 53 
960115 1877 
961992 17 
962009 866 
962875 1 
962876 982 
963858 17 
963875 2 
963877 495 
964372 6 
964378 688 
965066 300 
965366 6 
965372 1 
965373 1292 
966665 17 
966682 3 
966685 2532 
969217 165 
969382 2928 
972310 530 
972840 2 
972842 165 
973007 3800 
976807 651 
977458 11 
977469 2 
977471 1232 
978703 3 
978706 479 
979185 6 
979191 1 
979192 1493 
980685 43 
980728 1 
980729 11 
980740 5 
980745 2442 
983187 1 
983188 1643 
984831 6 
984837 1 
984838 891 
985729 589 
986318 43 
986361 519 
986880 1993 
988873 45 
988918 1315 
990233 28 
990261 3800 
994061 589 
994650 6 
994656 2 
994658 73 
994731 107 
994838 245 
995083 674 
995757 34 
995791 965 
996756 2 
996758 1493 
998251 866 
