1097
1 1 
2 1 
3 1 
4 2 
6 2 
8 2 
10 2 
12 2 
14 2 
16 2 
18 2 
20 2 
22 2 
24 2 
26 2 
28 2 
30 2 
32 2 
34 2 
36 2 
38 2 
40 2 
42 2 
44 2 
46 2 
48 2 
50 2 
52 2 
54 2 
56 2 
58 2 
60 2 
62 4 
66 4 
70 4 
74 2 
76 2 
78 4 
82 2 
84 14 
98 84 
182 98 
280 182 
462 280 
742 462 
1204 742 
1946 1204 
3150 1946 
5096 3150 
8246 5096 
13342 8246 
21588 13342 
34930 21588 
56518 34930 
91448 56518 
147966 91448 
239414 147966 
387380 239414 
626794 387380 
1014174 626794 
1640968 1014174 
2655142 1640968 
4296110 2655142 
6951252 4296110 
11247362 6951252 
18198614 11247362 
29445976 18198614 
47644590 29445976 
77090566 47644590 
124735156 77090566 
201825722 124735156 
326560878 201825722 
528386600 326560878 
854947478 124735156 
979682634 18198614 
997881248 1640968 
999522216 387380 
999909596 56518 
999966114 8246 
999974360 3150 
999977510 1204 
999978714 462 
999979176 182 
999979358 44 
999979402 1 
999979403 14 
999979417 16 
999979433 6 
999979439 30 
999979469 38 
999979507 4 
999979511 32 
999979543 10 
999979553 18 
999979571 26 
999979597 12 
999979609 10 
999979619 2 
999979621 16 
999979637 2 
999979639 18 
999979657 42 
999979699 28 
999979727 26 
999979753 58 
999979811 6 
999979817 2 
999979819 34 
999979853 6 
999979859 20 
999979879 10 
999979889 30 
999979919 32 
999979951 6 
999979957 4 
999979961 50 
999980011 10 
999980021 8 
999980029 28 
999980057 14 
999980071 16 
999980087 36 
999980123 18 
999980141 20 
999980161 48 
999980209 4 
999980213 18 
999980231 50 
999980281 16 
999980297 30 
999980327 2 
999980329 10 
999980339 18 
999980357 6 
999980363 48 
999980411 6 
999980417 2 
999980419 54 
999980473 6 
999980479 10 
999980489 2 
999980491 28 
999980519 14 
999980533 6 
999980539 24 
999980563 10 
999980573 30 
999980603 14 
999980617 6 
999980623 6 
999980629 4 
999980633 18 
999980651 26 
999980677 12 
999980689 12 
999980701 10 
999980711 30 
999980741 26 
999980767 10 
999980777 20 
999980797 12 
999980809 22 
999980831 48 
999980879 18 
999980897 2 
999980899 24 
999980923 84 
999981007 4 
999981011 38 
999981049 12 
999981061 46 
999981107 26 
999981133 30 
999981163 16 
999981179 8 
999981187 10 
999981197 12 
999981209 14 
999981223 48 
999981271 28 
999981299 14 
999981313 16 
999981329 2 
999981331 66 
999981397 6 
999981403 10 
999981413 36 
999981449 24 
999981473 14 
999981487 4 
999981491 26 
999981517 6 
999981523 4 
999981527 20 
999981547 4 
999981551 56 
999981607 6 
999981613 24 
999981637 22 
999981659 54 
999981713 26 
999981739 4 
999981743 38 
999981781 10 
999981791 6 
999981797 50 
999981847 16 
999981863 14 
999981877 30 
999981907 42 
999981949 4 
999981953 26 
999981979 34 
999982013 20 
999982033 24 
999982057 12 
999982069 58 
999982127 6 
999982133 56 
999982189 24 
999982213 16 
999982229 2 
999982231 22 
999982253 18 
999982271 2 
999982273 16 
999982289 20 
999982309 82 
999982391 2 
999982393 18 
999982411 28 
999982439 18 
999982457 14 
999982471 22 
999982493 6 
999982499 14 
999982513 6 
999982519 18 
999982537 10 
999982547 2 
999982549 12 
999982561 22 
999982583 54 
999982637 2 
999982639 24 
999982663 4 
999982667 24 
999982691 2 
999982693 40 
999982733 8 
999982741 10 
999982751 20 
999982771 76 
999982847 2 
999982849 12 
999982861 98 
999982959 10 
999982969 34 
999983003 6 
999983009 32 
999983041 10 
999983051 12 
999983063 18 
999983081 30 
999983111 26 
999983137 66 
999983203 6 
999983209 10 
999983219 32 
999983251 36 
999983287 6 
999983293 4 
999983297 14 
999983311 18 
999983329 10 
999983339 20 
999983359 22 
999983381 26 
999983407 22 
999983429 8 
999983437 22 
999983459 14 
999983473 4 
999983477 44 
999983521 10 
999983531 60 
999983591 12 
999983603 26 
999983629 22 
999983651 6 
999983657 14 
999983671 12 
999983683 10 
999983693 30 
999983723 60 
999983783 36 
999983819 2 
999983821 18 
999983839 30 
999983869 24 
999983893 28 
999983921 2 
999983923 24 
999983947 42 
999983989 4 
999983993 8 
999984001 30 
999984031 12 
999984043 16 
999984059 18 
999984077 14 
999984091 10 
999984101 6 
999984107 62 
999984169 30 
999984199 34 
999984233 6 
999984239 2 
999984241 6 
999984247 10 
999984257 20 
999984277 4 
999984281 2 
999984283 6 
999984289 78 
999984367 4 
999984371 2 
999984373 6 
999984379 18 
999984397 60 
999984457 6 
999984463 36 
999984499 22 
999984521 18 
999984539 2 
999984541 30 
999984571 42 
999984613 4 
999984617 2 
999984619 54 
999984673 6 
999984679 4 
999984683 8 
999984691 6 
999984697 10 
999984707 2 
999984709 12 
999984721 46 
999984767 12 
999984779 8 
999984787 22 
999984809 18 
999984827 20 
999984847 36 
999984883 16 
999984899 2 
999984901 6 
999984907 4 
999984911 32 
999984943 28 
999984971 30 
999985001 8 
999985009 22 
999985031 38 
999985069 28 
999985097 26 
999985123 4 
999985127 14 
999985141 16 
999985157 20 
999985177 10 
999985187 24 
999985211 32 
999985243 4 
999985247 2 
999985249 60 
999985309 4 
999985313 38 
999985351 28 
999985379 8 
999985387 4 
999985391 12 
999985403 20 
999985423 28 
999985451 20 
999985471 30 
999985501 16 
999985517 20 
999985537 4 
999985541 8 
999985549 40 
999985589 12 
999985601 6 
999985607 12 
999985619 20 
999985639 22 
999985661 6 
999985667 2 
999985669 4 
999985673 60 
999985733 8 
999985741 84 
999985825 12 
999985837 76 
999985913 36 
999985949 8 
999985957 10 
999985967 2 
999985969 70 
999986039 2 
999986041 10 
999986051 8 
999986059 10 
999986069 20 
999986089 12 
999986101 6 
999986107 16 
999986123 6 
999986129 8 
999986137 22 
999986159 8 
999986167 4 
999986171 2 
999986173 4 
999986177 2 
999986179 40 
999986219 12 
999986231 30 
999986261 2 
999986263 16 
999986279 18 
999986297 6 
999986303 8 
999986311 22 
999986333 66 
999986399 12 
999986411 2 
999986413 6 
999986419 22 
999986441 60 
999986501 8 
999986509 4 
999986513 54 
999986567 32 
999986599 10 
999986609 18 
999986627 12 
999986639 2 
999986641 10 
999986651 30 
999986681 26 
999986707 12 
999986719 12 
999986731 52 
999986783 6 
999986789 50 
999986839 10 
999986849 8 
999986857 4 
999986861 2 
999986863 54 
999986917 4 
999986921 6 
999986927 30 
999986957 2 
999986959 82 
999987041 20 
999987061 36 
999987097 4 
999987101 2 
999987103 34 
999987137 6 
999987143 8 
999987151 60 
999987211 16 
999987227 54 
999987281 18 
999987299 1 
999987300 1 
999987301 1 
999987302 1 
999987303 1 
999987304 1 
999987305 1 
999987306 1 
999987307 16 
999987323 1 
999987324 1 
999987325 12 
999987337 12 
999987349 22 
999987371 6 
999987377 12 
999987389 20 
999987409 12 
999987421 6 
999987427 1 
999987428 1 
999987429 4 
999987433 16 
999987449 18 
999987467 20 
999987487 10 
999987497 6 
999987503 98 
999987601 6 
999987607 24 
999987631 66 
999987697 46 
999987743 18 
999987761 2 
999987763 66 
999987829 18 
999987847 24 
999987871 10 
999987881 32 
999987913 16 
999987929 14 
999987943 40 
999987983 24 
999988007 6 
999988013 38 
999988051 28 
999988079 38 
999988117 16 
999988133 30 
999988163 38 
999988201 16 
999988217 2 
999988219 24 
999988243 18 
999988261 16 
999988277 2 
999988279 34 
999988313 8 
999988321 22 
999988343 14 
999988357 70 
999988427 20 
999988447 6 
999988453 6 
999988459 18 
999988477 22 
999988499 14 
999988513 6 
999988519 4 
999988523 18 
999988541 2 
999988543 4 
999988547 24 
999988571 18 
999988589 20 
999988609 70 
999988679 66 
999988745 2 
999988747 10 
999988757 6 
999988763 50 
999988813 10 
999988823 8 
999988831 30 
999988861 16 
999988877 6 
999988883 18 
999988901 2 
999988903 16 
999988919 30 
999988949 12 
999988961 26 
999988987 30 
999989017 16 
999989033 36 
999989069 14 
999989083 4 
999989087 54 
999989141 2 
999989143 6 
999989149 12 
999989161 30 
999989191 10 
999989201 2 
999989203 16 
999989219 12 
999989231 26 
999989257 10 
999989267 26 
999989293 4 
999989297 2 
999989299 22 
999989321 6 
999989327 32 
999989359 12 
999989371 40 
999989411 18 
999989429 18 
999989447 14 
999989461 48 
999989509 10 
999989519 48 
999989567 78 
999989645 2 
999989647 34 
999989681 8 
999989689 12 
999989701 16 
999989717 20 
999989737 40 
999989777 20 
999989797 4 
999989801 56 
999989857 6 
999989863 36 
999989899 58 
999989957 24 
999989981 30 
999990011 18 
999990029 42 
999990071 20 
999990091 6 
999990097 12 
999990109 34 
999990143 84 
999990227 12 
999990239 20 
999990259 30 
999990289 4 
999990293 8 
999990301 18 
999990319 28 
999990347 6 
999990353 6 
999990359 14 
999990373 46 
999990419 2 
999990421 40 
999990461 18 
999990479 38 
999990517 52 
999990569 2 
999990571 10 
999990581 2 
999990583 16 
999990599 32 
999990631 78 
999990709 54 
999990763 24 
999990787 22 
999990809 24 
999990833 8 
999990841 10 
999990851 2 
999990853 4 
999990857 12 
999990869 8 
999990877 34 
999990911 2 
999990913 10 
999990923 8 
999990931 16 
999990947 26 
999990973 4 
999990977 14 
999990991 6 
999990997 12 
999991009 28 
999991037 24 
999991061 2 
999991063 4 
999991067 14 
999991081 42 
999991123 10 
999991133 8 
999991141 10 
999991151 12 
999991163 44 
999991207 22 
999991229 2 
999991231 10 
999991241 36 
999991277 6 
999991283 18 
999991301 26 
999991327 4 
999991331 8 
999991339 12 
999991351 16 
999991367 6 
999991373 50 
999991423 18 
999991441 12 
999991453 10 
999991463 6 
999991469 38 
999991507 40 
999991547 24 
999991571 20 
999991591 36 
999991627 34 
999991661 8 
999991669 98 
999991767 52 
999991819 10 
999991829 14 
999991843 4 
999991847 26 
999991873 46 
999991919 2 
999991921 52 
999991973 50 
999992023 6 
999992029 10 
999992039 18 
999992057 30 
999992087 12 
999992099 2 
999992101 6 
999992107 4 
999992111 18 
999992129 2 
999992131 22 
999992153 24 
999992177 32 
999992209 12 
999992221 42 
999992263 4 
999992267 14 
999992281 12 
999992293 46 
999992339 8 
999992347 12 
999992359 28 
999992387 20 
999992407 16 
999992423 24 
999992447 62 
999992509 18 
999992527 10 
999992537 36 
999992573 6 
999992579 60 
999992639 2 
999992641 6 
999992647 30 
999992677 46 
999992723 8 
999992731 6 
999992737 16 
999992753 6 
999992759 24 
999992783 54 
999992837 30 
999992867 24 
999992891 8 
999992899 28 
999992927 50 
999992977 22 
999992999 32 
999993031 10 
999993041 20 
999993061 6 
999993067 16 
999993083 36 
999993119 24 
999993143 36 
999993179 42 
999993221 8 
999993229 60 
999993289 22 
999993311 56 
999993367 10 
999993377 62 
999993439 22 
999993461 8 
999993469 12 
999993481 84 
999993565 6 
999993571 10 
999993581 2 
999993583 40 
999993623 14 
999993637 4 
999993641 12 
999993653 18 
999993671 26 
999993697 10 
999993707 12 
999993719 2 
999993721 12 
999993733 6 
999993739 24 
999993763 28 
999993791 20 
999993811 6 
999993817 4 
999993821 2 
999993823 10 
999993833 18 
999993851 36 
999993887 12 
999993899 2 
999993901 12 
999993913 34 
999993947 24 
999993971 32 
999994003 4 
999994007 74 
999994081 10 
999994091 6 
999994097 26 
999994123 6 
999994129 28 
999994157 2 
999994159 30 
999994189 12 
999994201 40 
999994241 26 
999994267 6 
999994273 4 
999994277 20 
999994297 12 
999994309 4 
999994313 8 
999994321 16 
999994337 6 
999994343 14 
999994357 22 
999994379 2 
999994381 16 
999994397 26 
999994423 4 
999994427 6 
999994433 6 
999994439 48 
999994487 20 
999994507 24 
999994531 6 
999994537 12 
999994549 54 
999994603 6 
999994609 4 
999994613 36 
999994649 2 
999994651 40 
999994691 2 
999994693 10 
999994703 38 
999994741 6 
999994747 6 
999994753 10 
999994763 8 
999994771 10 
999994781 32 
999994813 10 
999994823 14 
999994837 6 
999994843 18 
999994861 6 
999994867 16 
999994883 20 
999994903 10 
999994913 38 
999994951 22 
999994973 6 
999994979 8 
999994987 98 
999995085 8 
999995093 14 
999995107 4 
999995111 30 
999995141 98 
999995239 18 
999995257 4 
999995261 12 
999995273 18 
999995291 50 
999995341 36 
999995377 16 
999995393 20 
999995413 6 
999995419 12 
999995431 98 
999995529 2 
999995531 30 
999995561 6 
999995567 32 
999995599 12 
999995611 10 
999995621 6 
999995627 2 
999995629 22 
999995651 12 
999995663 14 
999995677 4 
999995681 20 
999995701 12 
999995713 28 
999995741 8 
999995749 54 
999995803 6 
999995809 4 
999995813 6 
999995819 84 
999995903 8 
999995911 10 
999995921 38 
999995959 34 
999995993 14 
999996007 22 
999996029 2 
999996031 6 
999996037 6 
999996043 28 
999996071 2 
999996073 18 
999996091 22 
999996113 18 
999996131 18 
999996149 32 
999996181 18 
999996199 24 
999996223 4 
999996227 20 
999996247 12 
999996259 10 
999996269 32 
999996301 6 
999996307 4 
999996311 6 
999996317 12 
999996329 12 
999996341 18 
999996359 24 
999996383 24 
999996407 62 
999996469 24 
999996493 48 
999996541 46 
999996587 24 
999996611 32 
999996643 6 
999996649 22 
999996671 6 
999996677 12 
999996689 18 
999996707 2 
999996709 18 
999996727 22 
999996749 30 
999996779 48 
999996827 74 
999996901 12 
999996913 6 
999996919 62 
999996981 2 
999996983 6 
999996989 32 
999997021 28 
999997049 18 
999997067 14 
999997081 18 
999997099 34 
999997133 48 
999997181 56 
999997237 4 
999997241 8 
999997249 18 
999997267 12 
999997279 22 
999997301 8 
999997309 22 
999997331 26 
999997357 46 
999997403 54 
999997457 32 
999997489 54 
999997543 18 
999997561 6 
999997567 4 
999997571 6 
999997577 12 
999997589 38 
999997627 12 
999997639 4 
999997643 30 
999997673 6 
999997679 18 
999997697 20 
999997717 52 
999997769 2 
999997771 16 
999997787 6 
999997793 18 
999997811 60 
999997871 20 
999997891 76 
999997967 36 
999998003 14 
999998017 6 
999998023 36 
999998059 22 
999998081 26 
999998107 12 
999998119 18 
999998137 4 
999998141 2 
999998143 4 
999998147 26 
999998173 10 
999998183 20 
999998203 40 
999998243 18 
999998261 8 
999998269 40 
999998309 30 
999998339 30 
999998369 54 
999998423 36 
999998459 42 
999998501 6 
999998507 2 
999998509 24 
999998533 4 
999998537 26 
999998563 46 
999998609 8 
999998617 4 
999998621 6 
999998627 12 
999998639 2 
999998641 12 
999998653 10 
999998663 20 
999998683 4 
999998687 2 
999998689 4 
999998693 84 
999998777 12 
999998789 12 
999998801 42 
999998843 20 
999998863 6 
999998869 34 
999998903 14 
999998917 4 
999998921 8 
999998929 28 
999998957 2 
999998959 12 
999998971 10 
999998981 20 
999999001 16 
999999017 12 
999999029 14 
999999043 16 
999999059 8 
999999067 36 
999999103 4 
999999107 6 
999999113 18 
999999131 6 
999999137 14 
999999151 12 
999999163 18 
999999181 10 
999999191 2 
999999193 4 
999999197 26 
999999223 6 
999999229 84 
999999313 10 
999999323 14 
999999337 16 
999999353 38 
999999391 42 
999999433 54 
999999487 4 
999999491 12 
999999503 24 
999999527 14 
999999541 46 
999999587 12 
999999599 8 
999999607 6 
999999613 54 
999999667 10 
999999677 56 
999999733 6 
999999739 12 
999999751 6 
999999757 4 
999999761 36 
999999797 84 
999999881 2 
999999883 10 
999999893 36 
999999929 8 
999999937 62 
