224
1 1 
2 1 
3 1 
4 2 
6 2 
8 2 
10 1 
11 1 
12 1 
13 1 
14 3 
17 1 
18 1 
19 4 
23 14 
37 4 
41 2 
43 18 
61 6 
67 4 
71 2 
73 6 
79 4 
83 6 
89 8 
97 4 
101 2 
103 4 
107 2 
109 4 
113 14 
127 4 
131 8 
139 10 
149 2 
151 6 
157 6 
163 4 
167 6 
173 6 
179 2 
181 10 
191 8 
199 12 
211 12 
223 4 
227 2 
229 4 
233 8 
241 10 
251 6 
257 6 
263 6 
269 2 
271 6 
277 4 
281 2 
283 10 
293 14 
307 10 
317 14 
331 6 
337 10 
347 2 
349 4 
353 6 
359 8 
367 6 
373 6 
379 4 
383 6 
389 8 
397 4 
401 8 
409 10 
419 2 
421 10 
431 2 
433 6 
439 4 
443 6 
449 8 
457 19 
476 3 
479 8 
487 4 
491 12 
503 6 
509 12 
521 2 
523 18 
541 6 
547 10 
557 6 
563 14 
577 10 
587 6 
593 23 
616 3 
619 12 
631 10 
641 2 
643 4 
647 6 
653 6 
659 2 
661 12 
673 4 
677 6 
683 8 
691 10 
701 8 
709 10 
719 8 
727 6 
733 6 
739 4 
743 8 
751 6 
757 4 
761 8 
769 4 
773 14 
787 10 
797 503 
1300 1 
1301 167 
1468 3 
1471 131 
1602 4 
1606 1 
1607 89 
1696 3 
1699 167 
1866 1 
1867 241 
2108 3 
2111 719 
2830 3 
2833 661 
3494 4 
3498 1 
3499 487 
3986 3 
3989 673 
4662 1 
4663 563 
5226 6 
5232 1 
5233 797 
6030 6 
6036 1 
6037 797 
6834 167 
7001 797 
7798 73 
7871 2 
7873 547 
8420 8 
8428 1 
8429 6037 
14466 457 
14923 14 
14937 2 
14939 4663 
19602 97 
19699 19602 
39301 8429 
47730 3499 
51229 449 
51678 1 
51679 51678 
103357 14939 
118296 3499 
121795 229 
122024 3 
122027 122024 
244051 19699 
263750 14939 
278689 797 
279486 211 
279697 10 
279707 279697 
559404 631 
560035 4 
560039 560035 
1120074 122027 
1242101 51679 
1293780 7873 
1301653 359 
1302012 6 
1302018 1 
1302019 1302018 
2604037 1302019 
3906056 2604037 
6510093 7873 
6517966 139 
6518105 6 
6518111 6518105 
13036216 6518111 
19554327 13036216 
32590543 13036216 
45626759 3906056 
49532815 1302019 
50834834 1120074 
51954908 51679 
52006587 2833 
52009420 577 
52009997 2 
52009999 51954908 
103964907 39301 
104004208 2111 
104006319 241 
104006560 8 
104006568 1 
104006569 104006568 
208013137 104006569 
312019706 208013137 
520032843 104006569 
624039412 19554327 
643593739 3906056 
647499795 1302019 
648801814 1120074 
649921888 121795 
