5190
1 1 
2 1 
3 1 
4 1 
5 2 
7 2 
9 1 
10 3 
13 1 
14 9 
23 4 
27 5 
32 13 
45 27 
72 13 
85 10 
95 23 
118 95 
213 1 
214 118 
332 85 
417 9 
426 214 
640 23 
663 1 
664 95 
759 4 
763 95 
858 14 
872 5 
877 426 
1303 118 
1421 2 
1423 72 
1495 23 
1518 118 
1636 640 
2276 4 
2280 14 
2294 5 
2299 1 
2300 3 
2303 1495 
3798 14 
3812 5 
3817 1 
3818 118 
3936 3 
3939 426 
4365 214 
4579 1 
4580 1495 
6075 14 
6089 5 
6094 2280 
8374 3939 
12313 85 
12398 14 
12412 3939 
16351 214 
16565 95 
16660 14 
16674 4 
16678 1423 
18101 95 
18196 7 
18203 759 
18962 16678 
35640 640 
36280 14 
36294 3 
36297 27 
36324 1423 
37747 45 
37792 23 
37815 27 
37842 5 
37847 14 
37861 858 
38719 5 
38724 426 
39150 36324 
75474 118 
75592 45 
75637 14 
75651 5 
75656 1 
75657 18101 
93758 858 
94616 3 
94619 1303 
95922 95 
96017 14 
96031 7 
96038 16678 
112716 4 
112720 4365 
117085 93758 
210843 759 
211602 36297 
247899 640 
248539 4580 
253119 1 
253120 3818 
256938 18962 
275900 12412 
288312 2303 
290615 332 
290947 14 
290961 5 
290966 1495 
292461 16678 
309139 23 
309162 211602 
520764 18962 
539726 6094 
545820 1636 
547456 426 
547882 14 
547896 7 
547903 1 
547904 253120 
801024 12412 
813436 39150 
852586 18962 
871548 12412 
883960 2303 
886263 1303 
887566 9 
887575 211602 
1099177 4580 
1103757 640 
1104397 5 
1104402 309162 
1413564 2300 
1415864 18962 
1434826 12412 
1447238 2303 
1449541 214 
1449755 95 
1449850 10 
1449860 1 
1449861 1104402 
2554263 256938 
2811201 12412 
2823613 2303 
2825916 877 
2826793 118 
2826911 2 
2826913 2303 
2829216 118 
2829334 85 
2829419 9 
2829428 664 
2830092 664 
2830756 38724 
2869480 18962 
2888442 8374 
2896816 1636 
2898452 95 
2898547 9 
2898556 23 
2898579 4580 
2903159 1423 
2904582 45 
2904627 23 
2904650 211602 
3116252 18962 
3135214 4580 
3139794 118 
3139912 5 
3139917 1 
3139918 2830092 
5970010 14 
5970024 2904650 
8874674 547904 
9422578 36297 
9458875 93758 
9552633 117085 
9669718 2554263 
12223981 39150 
12263131 18962 
12282093 6094 
12288187 95 
12288282 14 
12288296 7 
12288303 2554263 
14842566 37861 
14880427 426 
14880853 118 
14880971 23 
14880994 1 
14880995 214 
14881209 94619 
14975828 877 
14976705 214 
14976919 95 
14977014 14 
14977028 5 
14977033 14977028 
29954061 3139918 
33093979 309162 
33403141 117085 
33520226 1636 
33521862 426 
33522288 14 
33522302 759 
33523061 118 
33523179 547456 
34070635 214 
34070849 95 
34070944 14 
34070958 7 
34070965 118 
34071083 33522302 
67593385 640 
67594025 1 
67594026 1413564 
69007590 2830756 
71838346 1449861 
73288207 256938 
73545145 18203 
73563348 664 
73564012 32 
73564044 5 
73564049 1 
73564050 14977033 
88541083 3139918 
91681001 1449861 
93130862 520764 
93651626 2303 
93653929 877 
93654806 332 
93655138 72 
93655210 7 
93655217 1 
93655218 2830092 
96485310 85 
96485395 214 
96485609 32 
96485641 1 
96485642 37861 
96523503 426 
96523929 95 
96524024 10 
96524034 1104402 
97628436 292461 
97920897 12412 
97933309 1636 
97934945 214 
97935159 95 
97935254 2 
97935256 309162 
98244418 93758 
98338176 763 
98338939 3 
98338942 117085 
98456027 16678 
98472705 1303 
98474008 95 
98474103 14 
98474117 4 
98474121 1104402 
99578523 39150 
99617673 18962 
99636635 2303 
99638938 763 
99639701 85 
99639786 36324 
99676110 117085 
99793195 39150 
99832345 18203 
99850548 72 
99850620 9 
99850629 1495 
99852124 3139918 
102992042 1449861 
104441903 887575 
105329478 39150 
105368628 18962 
105387590 8374 
105395964 2303 
105398267 426 
105398693 14 
105398707 1 
105398708 1423 
105400131 96038 
105496169 12412 
105508581 2303 
105510884 426 
105511310 118 
105511428 2554263 
108065691 211602 
108277293 18962 
108296255 877 
108297132 118 
108297250 32 
108297282 5 
108297287 36297 
108333584 117085 
108450669 39150 
108489819 18962 
108508781 1495 
108510276 13 
108510289 211602 
108721891 14 
108721905 1104402 
109826307 112720 
109939027 3798 
109942825 5 
109942830 1 
109942831 5970024 
115912855 1104402 
117017257 117085 
117134342 36324 
117170666 877 
117171543 417 
117171960 1 
117171961 1636 
117173597 1413564 
118587161 664 
118587825 12412 
118600237 1449861 
120050098 309162 
120359260 117085 
120476345 8374 
120484719 2303 
120487022 1423 
120488445 14 
120488459 2 
120488461 813436 
121301897 763 
121302660 9 
121302669 288312 
121590981 1636 
121592617 214 
121592831 32 
121592863 2276 
121595139 211602 
121806741 18962 
121825703 12412 
121838115 2303 
121840418 877 
121841295 95 
121841390 10 
121841400 2 
121841402 1449861 
123291263 887575 
124178838 117085 
124295923 18962 
124314885 8374 
124323259 426 
124323685 45 
124323730 7 
124323737 1 
124323738 117085 
124440823 18962 
124459785 4580 
124464365 214 
124464579 32 
124464611 7 
124464618 1 
124464619 1449861 
125914480 801024 
126715504 8374 
126723878 664 
126724542 45 
126724587 7 
126724594 309162 
127033756 117085 
127150841 39150 
127189991 18962 
127208953 12412 
127221365 877 
127222242 72 
127222314 3 
127222317 640 
127222957 5 
127222962 37847 
127260809 248539 
127509348 1636 
127510984 214 
127511198 10 
127511208 3139918 
130651126 18962 
130670088 8374 
130678462 1423 
130679885 32 
130679917 9 
130679926 3139918 
133819844 96038 
133915882 6094 
133921976 877 
133922853 214 
133923067 14 
133923081 7 
133923088 1 
133923089 547904 
134470993 96038 
134567031 4580 
134571611 877 
134572488 332 
134572820 72 
134572892 10 
134572902 2 
134572904 1449861 
136022765 253120 
136275885 3817 
136279702 309162 
136588864 96038 
136684902 3939 
136688841 214 
136689055 27 
136689082 4 
136689086 547904 
137236990 96038 
137333028 1449861 
138782889 887575 
139670464 12412 
139682876 763 
139683639 45 
139683684 14 
139683698 5 
139683703 72 
139683775 547904 
140231679 248539 
140480218 4365 
140484583 118 
140484701 23 
140484724 3 
140484727 426 
140485153 118 
140485271 2904650 
143389921 75657 
143465578 8374 
143473952 1636 
143475588 118 
143475706 14 
143475720 2 
143475722 94619 
143570341 309162 
143879503 117085 
143996588 426 
143997014 95 
143997109 9 
143997118 72 
143997190 23 
143997213 3139918 
147137131 1449861 
148586992 887575 
149474567 39150 
149513717 6094 
149519811 1518 
149521329 45 
149521374 14 
149521388 1 
149521389 39150 
149560539 1104402 
150664941 18962 
150683903 8374 
150692277 2303 
150694580 426 
150695006 118 
150695124 14 
150695138 2 
150695140 1449861 
152145001 211602 
152356603 18962 
152375565 8374 
152383939 2303 
152386242 426 
152386668 23 
152386691 2 
152386693 1104402 
153491095 75657 
153566752 4580 
153571332 877 
153572209 118 
153572327 72 
153572399 1 
153572400 13 
153572413 247899 
153820312 426 
153820738 118 
153820856 72 
153820928 10 
153820938 1 
153820939 1104402 
154925341 39150 
154964491 18962 
154983453 4580 
154988033 214 
154988247 14 
154988261 3 
154988264 13 
154988277 96017 
155084294 7 
155084301 1 
155084302 1449861 
156534163 117085 
156651248 39150 
156690398 18962 
156709360 8374 
156717734 1636 
156719370 118 
156719488 27 
156719515 3 
156719518 1449861 
158169379 801024 
158970403 3818 
158974221 2 
158974223 547904 
159522127 95922 
159618049 45 
159618094 3 
159618097 547904 
160166001 211602 
160377603 12412 
160390015 72 
160390087 5 
160390092 887575 
161277667 117085 
161394752 36324 
161431076 763 
161431839 32 
161431871 4 
161431875 309162 
161741037 39150 
161780187 18962 
161799149 6094 
161805243 664 
161805907 45 
161805952 2 
161805954 1104402 
162910356 9 
162910365 1423 
162911788 45 
162911833 14 
162911847 4 
162911851 309162 
163221013 39150 
163260163 18962 
163279125 8374 
163287499 877 
163288376 214 
163288590 45 
163288635 13 
163288648 3139918 
166428566 1449861 
167878427 887575 
168766002 112720 
168878722 1636 
168880358 14 
168880372 3 
168880375 23 
168880398 309162 
169189560 547904 
169737464 39150 
169776614 18962 
169795576 6094 
169801670 332 
169802002 2 
169802004 8374 
169810378 2554263 
172364641 4580 
172369221 14 
172369235 5 
172369240 18203 
172387443 3139918 
175527361 547904 
176075265 211602 
176286867 18962 
176305829 8374 
176314203 1636 
176315839 85 
176315924 7 
176315931 4 
176315935 1104402 
177420337 211602 
177631939 8374 
177640313 214 
177640527 13 
177640540 547904 
178188444 18962 
178207406 8374 
178215780 2303 
178218083 877 
178218960 118 
178219078 72 
178219150 1 
178219151 1415864 
179635015 877 
179635892 13 
179635905 253119 
179889024 426 
179889450 3139918 
183029368 309162 
183338530 117085 
183455615 18962 
183474577 12412 
183486989 2303 
183489292 877 
183490169 32 
183490201 2 
183490203 96038 
183586241 6094 
183592335 32 
183592367 1 
183592368 1104402 
184696770 275900 
184972670 4580 
184977250 877 
184978127 332 
184978459 7 
184978466 2280 
184980746 75657 
185056403 664 
185057067 547904 
185604971 75474 
185680445 27 
185680472 1 
185680473 292461 
185972934 309162 
186282096 117085 
186399181 18962 
186418143 2303 
186420446 1303 
186421749 45 
186421794 2 
186421796 117085 
186538881 1449861 
187988742 852586 
188841328 877 
188842205 118 
188842323 85 
188842408 5 
188842413 1 
188842414 3139918 
191982332 887575 
192869907 117085 
192986992 39150 
193026142 18962 
193045104 118 
193045222 72 
193045294 10 
193045304 2 
193045306 32 
193045338 309162 
193354500 117085 
193471585 39150 
193510735 16351 
193527086 32 
193527118 7 
193527125 1 
193527126 1449861 
194976987 253120 
195230107 2303 
195232410 664 
195233074 32 
195233106 75657 
195308763 16678 
195325441 877 
195326318 332 
195326650 45 
195326695 14 
195326709 3 
195326712 2554263 
197880975 18962 
197899937 2303 
197902240 85 
197902325 7 
197902332 18203 
197920535 9 
197920544 37815 
197958359 14 
197958373 4 
197958377 1449861 
199408238 292461 
199700699 1636 
199702335 417 
199702752 1 
199702753 1104402 
200807155 253120 
201060275 118 
201060393 45 
201060438 14 
201060452 1 
201060453 211602 
201272055 18962 
201291017 6094 
201297111 877 
201297988 214 
201298202 45 
201298247 7 
201298254 887575 
202185829 117085 
202302914 39150 
202342064 18962 
202361026 12412 
202373438 2303 
202375741 1303 
202377044 45 
202377089 14 
202377103 5 
202377108 1 
202377109 72 
202377181 1449861 
203827042 887575 
204714617 117085 
204831702 18962 
204850664 6094 
204856758 858 
204857616 2 
204857618 18101 
204875719 2829428 
207705147 18196 
207723343 309162 
208032505 96038 
208128543 8374 
208136917 877 
208137794 32 
208137826 5 
208137831 16678 
208154509 2554263 
210708772 117085 
210825857 1636 
210827493 118 
210827611 14 
210827625 3 
210827628 112720 
210940348 117085 
211057433 39150 
211096583 18962 
211115545 4365 
211119910 118 
211120028 45 
211120073 14 
211120087 2 
211120089 1449861 
212569950 211602 
212781552 18962 
212800514 877 
212801391 118 
212801509 14 
212801523 7 
212801530 887575 
213689105 117085 
213806190 38724 
213844914 72 
213844986 10 
213844996 2 
213844998 248539 
214093537 1449861 
215543398 117085 
215660483 8374 
215668857 1636 
215670493 426 
215670919 85 
215671004 5 
215671009 1 
215671010 664 
215671674 3139918 
218811592 1104402 
219915994 117085 
220033079 8374 
220041453 2303 
220043756 214 
220043970 45 
220044015 2 
220044017 1104402 
221148419 75657 
221224076 8374 
221232450 2303 
221234753 118 
221234871 45 
221234916 9 
221234925 4580 
221239505 37842 
221277347 309162 
221586509 117085 
221703594 75657 
221779251 6094 
221785345 1636 
221786981 426 
221787407 2 
221787409 1449861 
223237270 887575 
224124845 75657 
224200502 8374 
224208876 2303 
224211179 763 
224211942 27 
224211969 1 
224211970 37861 
224249831 2826913 
227076744 2280 
227079024 332 
227079356 39150 
227118506 16678 
227135184 877 
227136061 332 
227136393 45 
227136438 10 
227136448 2 
227136450 1104402 
228240852 290966 
228531818 664 
228532482 23 
228532505 1104402 
229636907 75657 
229712564 8374 
229720938 2303 
229723241 426 
229723667 118 
229723785 72 
229723857 10 
229723867 2 
229723869 1449861 
231173730 256938 
231430668 8374 
231439042 2303 
231441345 1423 
231442768 45 
231442813 23 
231442836 1 
231442837 547904 
231990741 117085 
232107826 16678 
232124504 214 
232124718 7 
232124725 117085 
232241810 75657 
232317467 12412 
232329879 2303 
232332182 118 
232332300 14 
232332314 5 
232332319 1 
232332320 3139918 
235472238 292461 
235764699 4580 
235769279 664 
235769943 45 
235769988 5 
235769993 887575 
236657568 117085 
236774653 8374 
236783027 426 
236783453 118 
236783571 14 
236783585 1 
236783586 6094 
236789680 253120 
237042800 887575 
237930375 117085 
238047460 35640 
238083100 118 
238083218 45 
238083263 23 
238083286 3 
238083289 1104402 
239187691 75657 
239263348 12412 
239275760 664 
239276424 72 
239276496 5 
239276501 1 
239276502 1449861 
240726363 309162 
241035525 117085 
241152610 75657 
241228267 877 
241229144 95 
241229239 14 
241229253 2 
241229255 887575 
242116830 18962 
242135792 6094 
242141886 877 
242142763 332 
242143095 45 
242143140 5 
242143145 1 
242143146 887575 
243030721 39150 
243069871 12412 
243082283 877 
243083160 32 
243083192 1 
243083193 1449861 
244533054 117085 
244650139 18962 
244669101 12412 
244681513 2303 
244683816 877 
244684693 95 
244684788 14 
244684802 3 
244684805 887575 
245572380 75657 
245648037 16351 
245664388 118 
245664506 45 
245664551 14 
245664565 2 
245664567 426 
245664993 1 
245664994 213 
245665207 309162 
245974369 117085 
246091454 6094 
246097548 1423 
246098971 45 
246099016 14 
246099030 3 
246099033 2898556 
248997589 887575 
249885164 117085 
250002249 39150 
250041399 18962 
250060361 12412 
250072773 2303 
250075076 877 
250075953 45 
250075998 211602 
250287600 1104402 
251392002 211602 
251603604 18962 
251622566 8374 
251630940 2303 
251633243 877 
251634120 214 
251634334 27 
251634361 3 
251634364 1449861 
253084225 309162 
253393387 39150 
253432537 18962 
253451499 8374 
253459873 2303 
253462176 214 
253462390 7 
253462397 1 
253462398 309162 
253771560 39150 
253810710 18962 
253829672 8374 
253838046 1636 
253839682 426 
253840108 14 
253840122 3 
253840125 309162 
254149287 75657 
254224944 1636 
254226580 85 
254226665 309162 
254535827 75657 
254611484 2303 
254613787 332 
254614119 45 
254614164 5 
254614169 3139918 
257754087 547904 
258301991 18203 
258320194 664 
258320858 45 
258320903 10 
258320913 1 
258320914 1104402 
259425316 8374 
259433690 664 
259434354 45 
259434399 36297 
259470696 1518 
259472214 32 
259472246 1449861 
260922107 309162 
261231269 18962 
261250231 426 
261250657 118 
261250775 14 
261250789 4 
261250793 309162 
261559955 117085 
261677040 75657 
261752697 8374 
261761071 1636 
261762707 45 
261762752 14 
261762766 3 
261762769 1104402 
262867171 117085 
262984256 39150 
263023406 12412 
263035818 1636 
263037454 426 
263037880 95 
263037975 887575 
263925550 75657 
264001207 6094 
264007301 118 
264007419 14 
264007433 7 
264007440 1 
264007441 1415864 
265423305 5 
265423310 887575 
266310885 117085 
266427970 75657 
266503627 8374 
266512001 2303 
266514304 877 
266515181 118 
266515299 45 
266515344 14 
266515358 1 
266515359 12412 
266527771 2554263 
269082034 210843 
269292877 118 
269292995 45 
269293040 14 
269293054 112720 
269405774 1 
269405775 1449861 
270855636 887575 
271743211 12412 
271755623 2303 
271757926 877 
271758803 118 
271758921 72 
271758993 5 
271758998 1 
271758999 38724 
271797723 1104402 
272902125 292461 
273194586 12412 
273206998 1636 
273208634 214 
273208848 10 
273208858 2 
273208860 93758 
273302618 247899 
273550517 1449861 
275000378 309162 
275309540 8374 
275317914 3818 
275321732 72 
275321804 2 
275321806 18962 
275340768 2554263 
277895031 253120 
278148151 2303 
278150454 763 
278151217 14 
278151231 3 
278151234 18203 
278169437 664 
278170101 85 
278170186 2 
278170188 253120 
278423308 3139918 
281563226 309162 
281872388 112720 
281985108 118 
281985226 5 
281985231 547904 
282533135 547904 
283081039 117085 
283198124 39150 
283237274 16678 
283253952 118 
283254070 45 
283254115 1 
283254116 887575 
284141691 39150 
284180841 18962 
284199803 12412 
284212215 763 
284212978 45 
284213023 2 
284213025 37815 
284250840 1449861 
285700701 887575 
286588276 117085 
286705361 18962 
286724323 4580 
286728903 426 
286729329 95 
286729424 14 
286729438 2 
286729440 547904 
287277344 248539 
287525883 877 
287526760 118 
287526878 1 
287526879 2904650 
290431529 18962 
290450491 6094 
290456585 426 
290457011 118 
290457129 45 
290457174 23 
290457197 1 
290457198 1104402 
291561600 96038 
291657638 12412 
291670050 3818 
291673868 32 
291673900 10 
291673910 1 
291673911 37842 
291711753 1449861 
293161614 117085 
293278699 18962 
293297661 6094 
293303755 426 
293304181 118 
293304299 4 
293304303 75657 
293379960 8374 
293388334 1636 
293389970 14 
293389984 3 
293389987 94619 
293484606 1449861 
294934467 309162 
295243629 39150 
295282779 2280 
295285059 10 
295285069 2 
295285071 3139918 
298424989 38724 
298463713 214 
298463927 45 
298463972 14 
298463986 4580 
298468566 4580 
298473146 547904 
299021050 75657 
299096707 8374 
299105081 332 
299105413 45 
299105458 14 
299105472 4 
299105476 801024 
299906500 8374 
299914874 877 
299915751 214 
299915965 95 
299916060 13 
299916073 1449861 
301365934 547904 
301913838 75657 
301989495 426 
301989921 118 
301990039 72 
301990111 5 
301990116 1449861 
303439977 887575 
304327552 39150 
304366702 16565 
304383267 14 
304383281 1 
304383282 309162 
304692444 39150 
304731594 18962 
304750556 1636 
304752192 118 
304752310 10 
304752320 13 
304752333 118 
304752451 72 
304752523 10 
304752533 1 
304752534 1449861 
306202395 547904 
306750299 75657 
306825956 16678 
306842634 1303 
306843937 45 
306843982 10 
306843992 1 
306843993 1104402 
307948395 39150 
307987545 12412 
307999957 72 
308000029 10 
308000039 1 
308000040 2300 
308002340 18962 
308021302 877 
308022179 214 
308022393 95 
308022488 14 
308022502 4 
308022506 1449861 
309472367 309162 
309781529 763 
309782292 45 
309782337 14 
309782351 7 
309782358 1415864 
311198222 1449861 
312648083 117085 
312765168 75657 
312840825 12412 
312853237 877 
312854114 332 
312854446 45 
312854491 14 
312854505 5 
312854510 1 
312854511 887575 
313742086 75657 
313817743 763 
313818506 45 
313818551 14 
313818565 3 
313818568 1449861 
315268429 309162 
315577591 117085 
315694676 2303 
315696979 426 
315697405 118 
315697523 14 
315697537 5 
315697542 117085 
315814627 18962 
315833589 858 
315834447 13 
315834460 1104402 
316938862 117085 
317055947 39150 
317095097 18203 
317113300 95 
317113395 10 
317113405 1 
317113406 253120 
317366526 2303 
317368829 214 
317369043 32 
317369075 1 
317369076 309162 
317678238 39150 
317717388 18962 
317736350 6094 
317742444 640 
317743084 14 
317743098 5 
317743103 1449861 
319192964 309162 
319502126 8374 
319510500 2303 
319512803 426 
319513229 118 
319513347 45 
319513392 14 
319513406 1 
319513407 1449861 
320963268 547904 
321511172 211602 
321722774 6094 
321728868 214 
321729082 95 
321729177 7 
321729184 1 
321729185 547904 
322277089 117085 
322394174 39150 
322433324 18962 
322452286 426 
322452712 95 
322452807 4 
322452811 211602 
322664413 18962 
322683375 2303 
322685678 332 
322686010 72 
322686082 9 
322686091 547904 
323233995 117085 
323351080 36297 
323387377 10 
323387387 2 
323387389 1449861 
324837250 309162 
325146412 117085 
325263497 18962 
325282459 8374 
325290833 2303 
325293136 118 
325293254 72 
325293326 9 
325293335 3818 
325297153 1449861 
326747014 547904 
327294918 117085 
327412003 39150 
327451153 8374 
327459527 1518 
327461045 23 
327461068 2 
327461070 213 
327461283 887575 
328348858 75657 
328424515 12412 
328436927 1518 
328438445 27 
328438472 1 
328438473 39150 
328477623 1636 
328479259 426 
328479685 118 
328479803 32 
328479835 1 
328479836 547904 
329027740 117085 
329144825 8374 
329153199 2303 
329155502 664 
329156166 27 
329156193 2 
329156195 309162 
329465357 75657 
329541014 4580 
329545594 877 
329546471 72 
329546543 5 
329546548 1 
329546549 1449861 
330996410 547904 
331544314 117085 
331661399 75657 
331737056 6094 
331743150 1423 
331744573 45 
331744618 14 
331744632 7 
331744639 1 
331744640 1449861 
333194501 94619 
333289120 858 
333289978 13 
333289991 887575 
334177566 75657 
334253223 6094 
334259317 118 
334259435 45 
334259480 14 
334259494 5 
334259499 1104402 
335363901 292461 
335656362 1518 
335657880 7 
335657887 1 
335657888 309162 
335967050 117085 
336084135 39150 
336123285 35640 
336158925 426 
336159351 118 
336159469 2 
336159471 1449861 
337609332 887575 
338496907 117085 
338613992 12412 
338626404 1636 
338628040 332 
338628372 72 
338628444 10 
338628454 2 
338628456 12398 
338640854 14 
338640868 2904650 
341545518 117085 
341662603 18962 
341681565 8374 
341689939 2303 
341692242 858 
341693100 1 
341693101 256938 
341950039 8374 
341958413 1636 
341960049 85 
341960134 3 
341960137 1104402 
343064539 117085 
343181624 75657 
343257281 12412 
343269693 2303 
343271996 877 
343272873 214 
343273087 7 
343273094 1449861 
344722955 117085 
344840040 18203 
344858243 426 
344858669 23 
344858692 1 
344858693 813436 
345672129 18962 
345691091 12412 
345703503 2303 
345705806 72 
345705878 10 
345705888 1 
345705889 1104402 
346810291 1303 
346811594 32 
346811626 7 
346811633 1 
346811634 4365 
346815999 4 
346816003 96038 
346912041 12313 
346924354 3139918 
350064272 1104402 
351168674 96038 
351264712 8374 
351273086 2303 
351275389 877 
351276266 32 
351276298 2 
351276300 12313 
351288613 37861 
351326474 16678 
351343152 2554263 
353897415 18962 
353916377 8374 
353924751 426 
353925177 5 
353925182 1 
353925183 1449861 
355375044 309162 
355684206 96038 
355780244 2303 
355782547 763 
355783310 2 
355783312 117085 
355900397 39150 
355939547 36297 
355975844 1104402 
357080246 211602 
357291848 4580 
357296428 45 
357296473 23 
357296496 2 
357296498 1449861 
358746359 547904 
359294263 75657 
359369920 12412 
359382332 2303 
359384635 1303 
359385938 14 
359385952 5 
359385957 1 
359385958 117085 
359503043 18962 
359522005 2303 
359524308 877 
359525185 118 
359525303 45 
359525348 7 
359525355 1449861 
360975216 8374 
360983590 664 
360984254 85 
360984339 5 
360984344 763 
360985107 117085 
361102192 18962 
361121154 8374 
361129528 877 
361130405 332 
361130737 5 
361130742 1 
361130743 813436 
361944179 12412 
361956591 1636 
361958227 426 
361958653 95 
361958748 14 
361958762 7 
361958769 1 
361958770 18962 
361977732 2830756 
364808488 1303 
364809791 45 
364809836 10 
364809846 309162 
365119008 39150 
365158158 118 
365158276 72 
365158348 1 
365158349 1449861 
366608210 39150 
366647360 18962 
366666322 12412 
366678734 2303 
366681037 426 
366681463 118 
366681581 85 
366681666 7 
366681673 852586 
367534259 12412 
367546671 2303 
367548974 332 
367549306 23 
367549329 1 
367549330 1449861 
368999191 887575 
369886766 117085 
370003851 75657 
370079508 16678 
370096186 332 
370096518 45 
370096563 23 
370096586 2 
370096588 547904 
370644492 8374 
370652866 1636 
370654502 214 
370654716 95 
370654811 14 
370654825 288312 
370943137 664 
370943801 14 
370943815 7 
370943822 887575 
371831397 94619 
371926016 426 
371926442 32 
371926474 5 
371926479 1104402 
373030881 117085 
373147966 39150 
373187116 18962 
373206078 877 
373206955 214 
373207169 72 
373207241 7 
373207248 4365 
373211613 1449861 
374661474 211602 
374873076 35640 
374908716 214 
374908930 14 
374908944 5 
374908949 1 
374908950 547904 
375456854 117085 
375573939 18962 
375592901 6094 
375598995 1423 
375600418 27 
375600445 2 
375600447 1104402 
376704849 39150 
376743999 18962 
376762961 426 
376763387 118 
376763505 27 
376763532 3 
376763535 18101 
376781636 887575 
377669211 18962 
377688173 8374 
377696547 1636 
377698183 332 
377698515 27 
377698542 4 
377698546 2888442 
380586988 6094 
380593082 877 
380593959 214 
380594173 5 
380594178 1 
380594179 883960 
381478139 877 
381479016 95 
381479111 1 
381479112 547904 
382027016 18962 
382045978 12412 
382058390 2303 
382060693 95 
382060788 14 
382060802 4 
382060806 332 
382061138 887575 
382948713 117085 
383065798 39150 
383104948 877 
383105825 332 
383106157 72 
383106229 10 
383106239 1 
383106240 39150 
383145390 8374 
383153764 2303 
383156067 332 
383156399 14 
383156413 5 
383156418 1449861 
384606279 871548 
385477827 4580 
385482407 332 
385482739 72 
385482811 4 
385482815 1104402 
386587217 117085 
386704302 39150 
386743452 8374 
386751826 2303 
386754129 417 
386754546 1 
386754547 1449861 
388204408 256938 
388461346 12412 
388473758 1636 
388475394 14 
388475408 5 
388475413 1449861 
389925274 211602 
390136876 12412 
390149288 2303 
390151591 763 
390152354 32 
390152386 10 
390152396 1 
390152397 96038 
390248435 12412 
390260847 85 
390260932 5 
390260937 247899 
390508836 1104402 
391613238 117085 
391730323 39150 
391769473 8374 
391777847 95 
391777942 14 
391777956 1 
391777957 117085 
391895042 39150 
391934192 12412 
391946604 417 
391947021 3 
391947024 117085 
392064109 39150 
392103259 18962 
392122221 6094 
392128315 877 
392129192 332 
392129524 45 
392129569 2 
392129571 3139918 
395269489 1104402 
396373891 117085 
396490976 39150 
396530126 16678 
396546804 664 
396547468 85 
396547553 7 
396547560 1 
396547561 253120 
396800681 1636 
396802317 426 
396802743 95 
396802838 256938 
397059776 18203 
397077979 426 
397078405 2 
397078407 18962 
397097369 12412 
397109781 877 
397110658 32 
397110690 887575 
397998265 117085 
398115350 39150 
398154500 16565 
398171065 27 
398171092 4 
398171096 2554263 
400725359 117085 
400842444 18962 
400861406 6094 
400867500 1423 
400868923 1 
400868924 309162 
401178086 117085 
401295171 39150 
401334321 16678 
401350999 877 
401351876 214 
401352090 45 
401352135 10 
401352145 2 
401352147 852586 
402204733 4580 
402209313 426 
402209739 118 
402209857 32 
402209889 2 
402209891 309162 
402519053 12412 
402531465 1636 
402533101 118 
402533219 14 
402533233 5 
402533238 1449861 
403983099 117085 
404100184 18962 
404119146 12412 
404131558 1423 
404132981 7 
404132988 1 
404132989 309162 
404442151 39150 
404481301 18962 
404500263 2303 
404502566 877 
404503443 118 
404503561 72 
404503633 5 
404503638 13 
404503651 2869480 
407373131 16678 
407389809 426 
407390235 10 
407390245 2 
407390247 211602 
407601849 18962 
407620811 6094 
407626905 1518 
407628423 45 
407628468 14 
407628482 3 
407628485 309162 
407937647 39150 
407976797 18962 
407995759 8374 
408004133 426 
408004559 72 
408004631 1449861 
409454492 887575 
410342067 117085 
410459152 75657 
410534809 3818 
410538627 14 
410538641 1 
410538642 16678 
410555320 520764 
411076084 8374 
411084458 95 
411084553 10 
411084563 2 
411084565 1449861 
412534426 547904 
413082330 16678 
413099008 426 
413099434 85 
413099519 2 
413099521 547904 
413647425 211602 
413859027 12412 
413871439 1423 
413872862 32 
413872894 2 
413872896 1413564 
415286460 1636 
415288096 426 
415288522 45 
415288567 23 
415288590 3 
415288593 309162 
415597755 117085 
415714840 36324 
415751164 426 
415751590 118 
415751708 72 
415751780 3 
415751783 248539 
416000322 1636 
416001958 45 
416002003 10 
416002013 1 
416002014 3139918 
419141932 117085 
419259017 12412 
419271429 2303 
419273732 858 
419274590 7 
419274597 1 
419274598 275900 
419550498 4580 
419555078 763 
419555841 45 
419555886 13 
419555899 1104402 
420660301 39150 
420699451 18962 
420718413 4580 
420722993 664 
420723657 72 
420723729 4 
420723733 887575 
421611308 39150 
421650458 18203 
421668661 332 
421668993 13 
421669006 1449861 
423118867 117085 
423235952 39150 
423275102 18962 
423294064 8374 
423302438 2303 
423304741 763 
423305504 27 
423305531 3 
423305534 852586 
424158120 6094 
424164214 214 
424164428 95 
424164523 9 
424164532 547904 
424712436 18962 
424731398 4580 
424735978 14 
424735992 1 
424735993 547904 
425283897 96038 
425379935 12412 
425392347 877 
425393224 214 
425393438 45 
425393483 7 
425393490 292461 
425685951 8374 
425694325 2303 
425696628 877 
425697505 214 
425697719 45 
425697764 2 
425697766 1104402 
426802168 39150 
426841318 18962 
426860280 12412 
426872692 2303 
426874995 32 
426875027 4 
426875031 1449861 
428324892 547904 
428872796 75657 
428948453 12412 
428960865 1636 
428962501 332 
428962833 14 
428962847 1 
428962848 887575 
429850423 117085 
429967508 39150 
430006658 6094 
430012752 1636 
430014388 426 
430014814 118 
430014932 14 
430014946 3 
430014949 1104402 
431119351 288312 
431407663 332 
431407995 1 
431407996 547904 
431955900 247899 
432203799 72 
432203871 4 
432203875 547904 
432751779 211602 
432963381 8374 
432971755 2303 
432974058 877 
432974935 214 
432975149 95 
432975244 7 
432975251 1 
432975252 253120 
433228372 1415864 
434644236 8374 
434652610 2303 
434654913 759 
434655672 2 
434655674 547904 
435203578 18962 
435222540 1636 
435224176 426 
435224602 45 
435224647 10 
435224657 117085 
435341742 18962 
435360704 12412 
435373116 2303 
435375419 877 
435376296 332 
435376628 27 
435376655 2904650 
438281305 35640 
438316945 32 
438316977 1 
438316978 1636 
438318614 18962 
438337576 2303 
438339879 877 
438340756 214 
438340970 95 
438341065 14 
438341079 1 
438341080 887575 
439228655 8374 
439237029 1636 
439238665 426 
439239091 13 
439239104 1449861 
440688965 871548 
441560513 426 
441560939 45 
441560984 14 
441560998 5 
441561003 547904 
442108907 211602 
442320509 8374 
442328883 2303 
442331186 1303 
442332489 45 
442332534 887575 
443220109 117085 
443337194 39150 
443376344 18962 
443395306 12412 
443407718 1636 
443409354 214 
443409568 95 
443409663 1 
443409664 545820 
443955484 877 
443956361 214 
443956575 1449861 
445406436 75657 
445482093 2303 
445484396 332 
445484728 27 
445484755 1 
445484756 8374 
445493130 1636 
445494766 72 
445494838 10 
445494848 2 
445494850 1415864 
446910714 12412 
446923126 2303 
446925429 214 
446925643 95 
446925738 5 
446925743 211602 
447137345 1518 
447138863 85 
447138948 9 
447138957 547904 
447686861 75657 
447762518 12412 
447774930 426 
447775356 118 
447775474 27 
447775501 2 
447775503 117085 
447892588 39150 
447931738 6094 
447937832 1636 
447939468 426 
447939894 85 
447939979 2 
447939981 1449861 
449389842 887575 
450277417 117085 
450394502 18962 
450413464 858 
450414322 10 
450414332 2 
450414334 5 
450414339 3139918 
453554257 547904 
454102161 75657 
454177818 8374 
454186192 2303 
454188495 877 
454189372 332 
454189704 72 
454189776 2 
454189778 256938 
454446716 1104402 
455551118 39150 
455590268 18203 
455608471 426 
455608897 118 
455609015 14 
455609029 7 
455609036 1104402 
456713438 1104402 
457817840 35640 
457853480 214 
457853694 95 
457853789 14 
457853803 38724 
457892527 545820 
458438347 1423 
458439770 14 
458439784 7 
458439791 1 
458439792 14 
458439806 1415864 
459855670 1449861 
461305531 547904 
461853435 211602 
462065037 16678 
462081715 426 
462082141 118 
462082259 14 
462082273 4 
462082277 96038 
462178315 8374 
462186689 426 
462187115 45 
462187160 3 
462187163 1449861 
463637024 309162 
463946186 112720 
464058906 2303 
464061209 118 
464061327 27 
464061354 1449861 
465511215 96038 
465607253 16351 
465623604 2 
465623606 520764 
466144370 12412 
466156782 877 
466157659 45 
466157704 14 
466157718 2 
466157720 309162 
466466882 18962 
466485844 8374 
466494218 2303 
466496521 877 
466497398 118 
466497516 32 
466497548 5 
466497553 1 
466497554 1449861 
467947415 309162 
468256577 96038 
468352615 12412 
468365027 1636 
468366663 426 
468367089 23 
468367112 275900 
468643012 4580 
468647592 45 
468647637 7 
468647644 309162 
468956806 117085 
469073891 75657 
469149548 16678 
469166226 877 
469167103 417 
469167520 5 
469167525 2554263 
471721788 39150 
471760938 18962 
471779900 4580 
471784480 1303 
471785783 45 
471785828 14 
471785842 1 
471785843 813436 
472599279 1434826 
474034105 4580 
474038685 214 
474038899 45 
474038944 14 
474038958 2 
474038960 547904 
474586864 75657 
474662521 6094 
474668615 877 
474669492 332 
474669824 32 
474669856 10 
474669866 2 
474669868 547904 
475217772 117085 
475334857 36324 
475371181 877 
475372058 118 
475372176 45 
475372221 7 
475372228 96038 
475468266 1449861 
476918127 547904 
477466031 36324 
477502355 877 
477503232 214 
477503446 45 
477503491 7 
477503498 117085 
477620583 39150 
477659733 12412 
477672145 2303 
477674448 2 
477674450 1104402 
478778852 275900 
479054752 214 
479054966 27 
479054993 1 
479054994 520764 
479575758 12412 
479588170 2303 
479590473 877 
479591350 214 
479591564 45 
479591609 23 
479591632 3 
479591635 887575 
480479210 39150 
480518360 8374 
480526734 1303 
480528037 95 
480528132 7 
480528139 1415864 
481944003 16678 
481960681 85 
481960766 5 
481960771 214 
481960985 35640 
481996625 426 
481997051 32 
481997083 10 
481997093 2 
481997095 117085 
482114180 39150 
482153330 18962 
482172292 4580 
482176872 877 
482177749 72 
482177821 7 
482177828 309162 
482486990 75657 
482562647 6094 
482568741 1636 
482570377 332 
482570709 32 
482570741 4 
482570745 2826913 
485397658 3139918 
488537576 39150 
488576726 18962 
488595688 6094 
488601782 332 
488602114 23 
488602137 117085 
488719222 75657 
488794879 16351 
488811230 85 
488811315 3 
488811318 309162 
489120480 39150 
489159630 18962 
489178592 6094 
489184686 877 
489185563 118 
489185681 85 
489185766 547904 
489733670 18962 
489752632 3818 
489756450 45 
489756495 23 
489756518 1 
489756519 887575 
490644094 117085 
490761179 36324 
490797503 426 
490797929 118 
490798047 85 
490798132 4 
490798136 1449861 
492247997 547904 
492795901 96038 
492891939 12412 
492904351 3818 
492908169 14 
492908183 4 
492908187 1104402 
494012589 211602 
494224191 18962 
494243153 6094 
494249247 664 
494249911 32 
494249943 9 
494249952 1104402 
495354354 39150 
495393504 18962 
495412466 12412 
495424878 763 
495425641 5 
495425646 37847 
495463493 547904 
496011397 211602 
496222999 877 
496223876 118 
496223994 85 
496224079 1449861 
497673940 887575 
498561515 18962 
498580477 3939 
498584416 332 
498584748 32 
498584780 10 
498584790 1 
498584791 1104402 
499689193 117085 
499806278 39150 
499845428 2303 
499847731 763 
499848494 14 
499848508 5 
499848513 547904 
500396417 39150 
500435567 8374 
500443941 426 
500444367 118 
500444485 14 
500444499 5 
500444504 1 
500444505 1104402 
501548907 18962 
501567869 8374 
501576243 877 
501577120 118 
501577238 45 
501577283 4 
501577287 813436 
502390723 12412 
502403135 2303 
502405438 1303 
502406741 27 
502406768 4 
502406772 887575 
503294347 2303 
503296650 877 
503297527 95 
503297622 14 
503297636 2 
503297638 547904 
503845542 117085 
503962627 18962 
503981589 2303 
503983892 877 
503984769 332 
503985101 10 
503985111 2 
503985113 801024 
504786137 8374 
504794511 877 
504795388 332 
504795720 45 
504795765 5 
504795770 1 
504795771 547904 
505343675 96038 
505439713 4365 
505444078 118 
505444196 72 
505444268 5 
505444273 1 
505444274 2554263 
507998537 211602 
508210139 8374 
508218513 877 
508219390 332 
508219722 2 
508219724 547904 
508767628 117085 
508884713 18962 
508903675 2303 
508905978 1303 
508907281 45 
508907326 14 
508907340 7 
508907347 211602 
509118949 877 
509119826 3135214 
512255040 1636 
512256676 214 
512256890 95 
512256985 14 
512256999 5 
512257004 539726 
512796730 2303 
512799033 118 
512799151 547904 
513347055 211602 
513558657 12412 
513571069 877 
513571946 332 
513572278 32 
513572310 852586 
514424896 4580 
514429476 214 
514429690 95 
514429785 14 
514429799 5 
514429804 117085 
514546889 39150 
514586039 12412 
514598451 640 
514599091 13 
514599104 1104402 
515703506 211602 
515915108 12412 
515927520 426 
515927946 118 
515928064 32 
515928096 10 
515928106 1 
515928107 1104402 
517032509 117085 
517149594 39150 
517188744 18962 
517207706 877 
517208583 118 
517208701 27 
517208728 3 
517208731 1104402 
518313133 117085 
518430218 75657 
518505875 8374 
518514249 2303 
518516552 877 
518517429 45 
518517474 5 
518517479 1 
518517480 39150 
518556630 18962 
518575592 1423 
518577015 45 
518577060 5 
518577065 14 
518577079 1449861 
520026940 887575 
520914515 117085 
521031600 75657 
521107257 12412 
521119669 1636 
521121305 426 
521121731 10 
521121741 2 
521121743 1104402 
522226145 211602 
522437747 18962 
522456709 6094 
522462803 877 
522463680 332 
522464012 45 
522464057 5 
522464062 1 
522464063 887575 
523351638 39150 
523390788 8374 
523399162 1636 
523400798 332 
523401130 45 
523401175 14 
523401189 2 
523401191 547904 
523949095 75657 
524024752 1636 
524026388 5 
524026393 1104402 
525130795 75657 
525206452 6094 
525212546 1423 
525213969 4 
525213973 1449861 
526663834 309162 
526972996 117085 
527090081 39150 
527129231 18962 
527148193 12412 
527160605 332 
527160937 2 
527160939 887575 
528048514 39150 
528087664 4580 
528092244 877 
528093121 417 
528093538 5 
528093543 1 
528093544 23 
528093567 309162 
528402729 96038 
528498767 426 
528499193 95 
528499288 14 
528499302 4 
528499306 1104402 
529603708 292461 
529896169 12412 
529908581 2303 
529910884 426 
529911310 85 
529911395 7 
529911402 1 
529911403 547904 
530459307 117085 
530576392 18962 
530595354 8374 
530603728 2303 
530606031 877 
530606908 85 
530606993 9 
530607002 547904 
531154906 39150 
531194056 664 
531194720 32 
531194752 1 
531194753 4365 
531199118 3139918 
534339036 256938 
534595974 6094 
534602068 118 
534602186 45 
534602231 14 
534602245 5 
534602250 1 
534602251 256938 
534859189 4580 
534863769 1303 
534865072 32 
534865104 10 
534865114 1449861 
536314975 887575 
537202550 18203 
537220753 214 
537220967 45 
537221012 14 
537221026 7 
537221033 547904 
537768937 117085 
537886022 75657 
537961679 16678 
537978357 877 
537979234 214 
537979448 45 
537979493 23 
537979516 211602 
538191118 6094 
538197212 332 
538197544 45 
538197589 9 
538197598 75657 
538273255 8374 
538281629 763 
538282392 7 
538282399 1 
538282400 1449861 
539732261 117085 
539849346 39150 
539888496 18962 
539907458 8374 
539915832 2303 
539918135 426 
539918561 9 
539918570 1449861 
541368431 117085 
541485516 39150 
541524666 18962 
541543628 8374 
541552002 877 
541552879 332 
541553211 32 
541553243 10 
541553253 1 
541553254 763 
541554017 1449861 
543003878 309162 
543313040 39150 
543352190 18962 
543371152 8374 
543379526 763 
543380289 10 
543380299 2 
543380301 72 
543380373 547904 
543928277 117085 
544045362 75657 
544121019 12412 
544133431 118 
544133549 10 
544133559 1 
544133560 547904 
544681464 117085 
544798549 18962 
544817511 2303 
544819814 32 
544819846 1 
544819847 887575 
545707422 117085 
545824507 18962 
545843469 3939 
545847408 332 
545847740 45 
545847785 7 
545847792 1 
545847793 1449861 
547297654 547904 
547845558 39150 
547884708 18962 
547903670 6094 
547909764 1636 
547911400 426 
547911826 14 
547911840 2 
547911842 547904 
548459746 39150 
548498896 1636 
548500532 214 
548500746 72 
548500818 10 
548500828 1449861 
549950689 887575 
550838264 117085 
550955349 18962 
550974311 12412 
550986723 2303 
550989026 1423 
550990449 23 
550990472 1 
550990473 309162 
551299635 75657 
551375292 12412 
551387704 2303 
551390007 877 
551390884 118 
551391002 4 
551391006 309162 
551700168 117085 
551817253 18962 
551836215 8374 
551844589 877 
551845466 214 
551845680 45 
551845725 2 
551845727 887575 
552733302 39150 
552772452 12412 
552784864 2303 
552787167 426 
552787593 118 
552787711 45 
552787756 9 
552787765 309162 
553096927 75657 
553172584 118 
553172702 85 
553172787 1 
553172788 1104402 
554277190 18962 
554296152 12412 
554308564 2303 
554310867 877 
554311744 118 
554311862 14 
554311876 2 
554311878 1104402 
555416280 256938 
555673218 12412 
555685630 85 
555685715 2 
555685717 1449861 
557135578 547904 
557683482 8374 
557691856 877 
557692733 214 
557692947 32 
557692979 10 
557692989 2 
557692991 8374 
557701365 214 
557701579 72 
557701651 5 
557701656 117085 
557818741 36324 
557855065 85 
557855150 2 
557855152 1104402 
558959554 75657 
559035211 877 
559036088 214 
559036302 32 
559036334 9 
559036343 1449861 
560486204 547904 
561034108 36324 
561070432 214 
561070646 10 
561070656 2 
561070658 801024 
561871682 6094 
561877776 763 
561878539 85 
561878624 7 
561878631 2554263 
564432894 211602 
564644496 18962 
564663458 12412 
564675870 1636 
564677506 426 
564677932 118 
564678050 32 
564678082 3 
564678085 1518 
564679603 887575 
565567178 117085 
565684263 18962 
565703225 16351 
565719576 95 
565719671 13 
565719684 8374 
565728058 1449861 
567177919 547904 
567725823 117085 
567842908 39150 
567882058 18203 
567900261 640 
567900901 7 
567900908 117085 
568017993 18962 
568036955 12412 
568049367 1518 
568050885 32 
568050917 10 
568050927 1 
568050928 117085 
568168013 75657 
568243670 16678 
568260348 426 
568260774 118 
568260892 45 
568260937 1 
568260938 117085 
568378023 8374 
568386397 1636 
568388033 214 
568388247 45 
568388292 1 
568388293 1104402 
569492695 75657 
569568352 4365 
569572717 5 
569572722 1449861 
571022583 547904 
571570487 211602 
571782089 18962 
571801051 3939 
571804990 332 
571805322 45 
571805367 14 
571805381 5 
571805386 1104402 
572909788 117085 
573026873 4580 
573031453 426 
573031879 118 
573031997 9 
573032006 2554263 
575586269 37861 
575624130 85 
575624215 7 
575624222 1 
575624223 547904 
576172127 18962 
576191089 12412 
576203501 214 
576203715 95 
576203810 14 
576203824 7 
576203831 1 
576203832 547904 
576751736 96038 
576847774 877 
576848651 332 
576848983 27 
576849010 1 
576849011 1449861 
578298872 117085 
578415957 39150 
578455107 18962 
578474069 8374 
578482443 2303 
578484746 877 
578485623 214 
578485837 45 
578485882 23 
578485905 547904 
579033809 96038 
579129847 4580 
579134427 426 
579134853 118 
579134971 7 
579134978 1449861 
580584839 852586 
581437425 12412 
581449837 877 
581450714 95 
581450809 309162 
581759971 12412 
581772383 2303 
581774686 214 
581774900 14 
581774914 18962 
581793876 12412 
581806288 426 
581806714 27 
581806741 1104402 
582911143 275900 
583187043 1423 
583188466 10 
583188476 2 
583188478 18962 
583207440 1449861 
584657301 547904 
585205205 117085 
585322290 39150 
585361440 18962 
585380402 8374 
585388776 877 
585389653 214 
585389867 95 
585389962 13 
585389975 887575 
586277550 117085 
586394635 18962 
586413597 16565 
586430162 45 
586430207 14 
586430221 4 
586430225 1449861 
587880086 12412 
587892498 877 
587893375 214 
587893589 45 
587893634 14 
587893648 7 
587893655 887575 
588781230 39150 
588820380 6094 
588826474 118 
588826592 85 
588826677 96038 
588922715 12412 
588935127 2303 
588937430 858 
588938288 13 
588938301 887575 
589825876 39150 
589865026 18962 
589883988 12412 
589896400 2303 
589898703 426 
589899129 45 
589899174 14 
589899188 7 
589899195 1 
589899196 887575 
590786771 112720 
590899491 95 
590899586 14 
590899600 5 
590899605 39150 
590938755 18962 
590957717 8374 
590966091 1636 
590967727 426 
590968153 32 
590968185 7 
590968192 290966 
591259158 2554263 
593813421 117085 
593930506 39150 
593969656 18962 
593988618 426 
593989044 10 
593989054 1449861 
595438915 117085 
595556000 35640 
595591640 23 
595591663 2 
595591665 813436 
596405101 16678 
596421779 1303 
596423082 72 
596423154 9 
596423163 211602 
596634765 8374 
596643139 1636 
596644775 426 
596645201 95 
596645296 9 
596645305 1415864 
598061169 1495 
598062664 14 
598062678 4 
598062682 1449861 
599512543 18962 
599531505 8374 
599539879 2303 
599542182 877 
599543059 332 
599543391 45 
599543436 14 
599543450 5 
599543455 547904 
600091359 35640 
600126999 426 
600127425 72 
600127497 7 
600127504 1 
600127505 1104402 
601231907 117085 
601348992 39150 
601388142 16678 
601404820 332 
601405152 27 
601405179 3 
601405182 887575 
602292757 112720 
602405477 1636 
602407113 7 
602407120 309162 
602716282 75657 
602791939 16351 
602808290 118 
602808408 72 
602808480 5 
602808485 1 
602808486 14 
602808500 1449861 
604258361 547904 
604806265 117085 
604923350 18962 
604942312 12412 
604954724 2303 
604957027 214 
604957241 95 
604957336 10 
604957346 1 
604957347 547904 
605505251 117085 
605622336 39150 
605661486 16351 
605677837 118 
605677955 23 
605677978 2 
605677980 1449861 
607127841 547904 
607675745 117085 
607792830 39150 
607831980 18962 
607850942 4580 
607855522 332 
607855854 72 
607855926 309162 
608165088 39150 
608204238 2303 
608206541 1303 
608207844 32 
608207876 10 
608207886 1 
608207887 871548 
609079435 6094 
609085529 1636 
609087165 332 
609087497 32 
609087529 547904 
609635433 117085 
609752518 39150 
609791668 18962 
609810630 8374 
609819004 2303 
609821307 214 
609821521 5 
609821526 292461 
610113987 309162 
610423149 75657 
610498806 12412 
610511218 118 
610511336 72 
610511408 10 
610511418 2 
610511420 1449861 
611961281 39150 
612000431 18962 
612019393 6094 
612025487 877 
612026364 214 
612026578 14 
612026592 1 
612026593 1449861 
613476454 547904 
614024358 1518 
614025876 7 
614025883 1449861 
615475744 547904 
616023648 117085 
616140733 75657 
616216390 877 
616217267 118 
616217385 23 
616217408 1 
616217409 94619 
616312028 664 
616312692 4 
616312696 117085 
616429781 39150 
616468931 4580 
616473511 877 
616474388 118 
616474506 45 
616474551 1 
616474552 3818 
616478370 1104402 
617582772 117085 
617699857 75657 
617775514 8374 
617783888 1518 
617785406 95 
617785501 14 
617785515 4 
617785519 1449861 
619235380 75657 
619311037 8374 
619319411 1636 
619321047 118 
619321165 45 
619321210 3 
619321213 813436 
620134649 18962 
620153611 2303 
620155914 877 
620156791 332 
620157123 32 
620157155 13 
620157168 2554263 
622711431 117085 
622828516 39150 
622867666 18962 
622886628 4580 
622891208 426 
622891634 72 
622891706 2 
622891708 547904 
623439612 117085 
623556697 18962 
623575659 12412 
623588071 664 
623588735 85 
623588820 5 
623588825 887575 
624476400 117085 
624593485 39150 
624632635 16678 
624649313 664 
624649977 32 
624650009 3 
624650012 1449861 
626099873 39150 
626139023 12412 
626151435 3818 
626155253 72 
626155325 10 
626155335 887575 
627042910 112720 
627155630 2303 
627157933 1423 
627159356 32 
627159388 4 
627159392 309162 
627468554 8374 
627476928 2303 
627479231 426 
627479657 118 
627479775 32 
627479807 7 
627479814 1 
627479815 1449861 
628929676 309162 
629238838 117085 
629355923 39150 
629395073 12412 
629407485 2303 
629409788 877 
629410665 45 
629410710 14 
629410724 3 
629410727 801024 
630211751 2303 
630214054 426 
630214480 118 
630214598 14 
630214612 4 
630214616 309162 
630523778 75657 
630599435 12412 
630611847 1636 
630613483 426 
630613909 118 
630614027 72 
630614099 5 
630614104 12412 
630626516 2303 
630628819 332 
630629151 9 
630629160 1449861 
632079021 887575 
632966596 96038 
633062634 3818 
633066452 45 
633066497 14 
633066511 5 
633066516 9 
633066525 887575 
633954100 117085 
634071185 39150 
634110335 4580 
634114915 32 
634114947 1 
634114948 309162 
634424110 96038 
634520148 6094 
634526242 332 
634526574 45 
634526619 7 
634526626 887575 
635414201 75657 
635489858 8374 
635498232 763 
635498995 45 
635499040 14 
635499054 7 
635499061 3139918 
638638979 211602 
638850581 12412 
638862993 3798 
638866791 3 
638866794 39150 
638905944 35640 
638941584 214 
638941798 45 
638941843 14 
638941857 309162 
639251019 39150 
639290169 18962 
639309131 12412 
639321543 1303 
639322846 85 
639322931 9 
639322940 1449861 
640772801 309162 
641081963 117085 
641199048 75657 
641274705 12412 
641287117 2303 
641289420 85 
641289505 4 
641289509 887575 
642177084 18962 
642196046 12412 
642208458 877 
642209335 85 
642209420 5 
642209425 1104402 
643313827 117085 
643430912 8374 
643439286 3818 
643443104 27 
643443131 2 
643443133 887575 
644330708 96038 
644426746 12412 
644439158 3818 
644442976 45 
644443021 14 
644443035 2 
644443037 547904 
644990941 2303 
644993244 763 
644994007 45 
644994052 2 
644994054 887575 
645881629 16678 
645898307 45 
645898352 5 
645898357 1 
645898358 520764 
646419122 16678 
646435800 877 
646436677 45 
646436722 887575 
647324297 117085 
647441382 12412 
647453794 2303 
647456097 877 
647456974 214 
647457188 14 
647457202 2 
647457204 1449861 
648907065 813436 
649720501 18962 
649739463 8374 
649747837 1636 
649749473 426 
649749899 118 
649750017 45 
649750062 23 
649750085 3 
649750088 96038 
649846126 12412 
649858538 2303 
649860841 426 
649861267 118 
649861385 14 
649861399 2 
649861401 1449861 
651311262 309162 
651620424 112720 
651733144 1636 
651734780 72 
651734852 118 
651734970 1449861 
653184831 309162 
653493993 117085 
653611078 75657 
653686735 12412 
653699147 664 
653699811 14 
653699825 1 
653699826 210843 
653910669 309162 
654219831 75657 
654295488 16351 
654311839 72 
654311911 5 
654311916 1 
654311917 887575 
655199492 117085 
655316577 39150 
655355727 6094 
655361821 332 
655362153 45 
655362198 5 
655362203 887575 
656249778 117085 
656366863 75657 
656442520 877 
656443397 214 
656443611 32 
656443643 10 
656443653 4365 
656448018 1449861 
657897879 547904 
658445783 117085 
658562868 39150 
658602018 18962 
658620980 6094 
658627074 1636 
658628710 426 
658629136 118 
658629254 45 
658629299 14 
658629313 32 
658629345 117085 
658746430 858 
658747288 2 
658747290 117085 
658864375 16678 
658881053 1303 
658882356 95 
658882451 14 
658882465 852586 
659735051 1423 
659736474 45 
659736519 23 
659736542 2904650 
662641192 117085 
662758277 18962 
662777239 2303 
662779542 664 
662780206 85 
662780291 2 
662780293 1449861 
664230154 871548 
665101702 12313 
665114015 45 
665114060 23 
665114083 2 
665114085 887575 
666001660 117085 
666118745 6094 
666124839 1518 
666126357 45 
666126402 3 
666126405 887575 
667013980 117085 
667131065 6094 
667137159 214 
667137373 95 
667137468 14 
667137482 7 
667137489 1 
667137490 1449861 
668587351 117085 
668704436 18962 
668723398 4580 
668727978 14 
668727992 4 
668727996 887575 
669615571 75657 
669691228 8374 
669699602 2303 
669701905 664 
669702569 4 
669702573 547904 
670250477 117085 
670367562 75657 
670443219 8374 
670451593 2303 
670453896 763 
670454659 45 
670454704 14 
670454718 7 
670454725 309162 
670763887 39150 
670803037 18962 
670821999 12412 
670834411 426 
670834837 118 
670834955 85 
670835040 18962 
670854002 12412 
670866414 2303 
670868717 214 
670868931 27 
670868958 3 
670868961 2554263 
673423224 96038 
673519262 8374 
673527636 2303 
673529939 1423 
673531362 14 
673531376 2 
673531378 211602 
673742980 8374 
673751354 2303 
673753657 1423 
673755080 32 
673755112 7 
673755119 1104402 
674859521 2303 
674861824 214 
674862038 45 
674862083 1 
674862084 547904 
675409988 12412 
675422400 1518 
675423918 95 
675424013 14 
675424027 5 
675424032 1 
675424033 292461 
675716494 12412 
675728906 426 
675729332 118 
675729450 3 
675729453 2554263 
678283716 39150 
678322866 6094 
678328960 1636 
678330596 426 
678331022 95 
678331117 7 
678331124 309162 
678640286 36324 
678676610 664 
678677274 45 
678677319 10 
678677329 2 
678677331 8374 
678685705 2303 
678688008 1423 
678689431 45 
678689476 23 
678689499 3 
678689502 1449861 
680139363 117085 
680256448 39150 
680295598 18962 
680314560 8374 
680322934 426 
680323360 72 
680323432 2 
680323434 117085 
680440519 39150 
680479669 16678 
680496347 1303 
680497650 95 
680497745 5 
680497750 1 
680497751 8374 
680506125 1518 
680507643 32 
680507675 10 
680507685 2 
680507687 2554263 
683061950 117085 
683179035 39150 
683218185 2303 
683220488 664 
683221152 45 
683221197 13 
683221210 1104402 
684325612 117085 
684442697 2303 
684445000 426 
684445426 1449861 
685895287 39150 
685934437 4580 
685939017 95 
685939112 14 
685939126 3 
685939129 887575 
686826704 18962 
686845666 12412 
686858078 877 
686858955 45 
686859000 14 
686859014 7 
686859021 1449861 
688308882 39150 
688348032 6094 
688354126 426 
688354552 118 
688354670 32 
688354702 3 
688354705 547904 
688902609 39150 
688941759 18962 
688960721 877 
688961598 72 
688961670 4 
688961674 547904 
689509578 211602 
689721180 12412 
689733592 2303 
689735895 872 
689736767 3 
689736770 117085 
689853855 18962 
689872817 8374 
689881191 1636 
689882827 118 
689882945 27 
689882972 3 
689882975 309162 
690192137 39150 
690231287 3939 
690235226 118 
690235344 5 
690235349 93758 
690329107 1104402 
691433509 275900 
691709409 8374 
691717783 95 
691717878 14 
691717892 7 
691717899 1 
691717900 3139918 
694857818 117085 
694974903 8374 
694983277 877 
694984154 85 
694984239 7 
694984246 1 
694984247 1449861 
696434108 1303 
696435411 72 
696435483 1 
696435484 1104402 
697539886 211602 
697751488 1518 
697753006 7 
697753013 547904 
698300917 96038 
698396955 8374 
698405329 877 
698406206 214 
698406420 72 
698406492 10 
698406502 2 
698406504 1104402 
699510906 39150 
699550056 6094 
699556150 1518 
699557668 23 
699557691 39150 
699596841 1636 
699598477 72 
699598549 7 
699598556 1 
699598557 1449861 
701048418 547904 
701596322 93758 
701690080 27 
701690107 2 
701690109 12412 
701702521 852586 
702555107 2303 
702557410 426 
702557836 213 
702558049 118 
702558167 1449861 
704008028 211602 
704219630 877 
704220507 332 
704220839 13 
704220852 1104402 
705325254 211602 
705536856 35640 
705572496 332 
705572828 10 
705572838 1 
705572839 813436 
706386275 8374 
706394649 1518 
706396167 95 
706396262 4 
706396266 520764 
706917030 4580 
706921610 1303 
706922913 14 
706922927 5 
706922932 1 
706922933 1449861 
708372794 117085 
708489879 18962 
708508841 2303 
708511144 763 
708511907 72 
708511979 9 
708511988 1104402 
709616390 96038 
709712428 12412 
709724840 877 
709725717 118 
709725835 85 
709725920 1 
709725921 309162 
710035083 94619 
710129702 45 
710129747 23 
710129770 2830092 
712959862 332 
712960194 547904 
713508098 117085 
713625183 75657 
713700840 877 
713701717 214 
713701931 45 
713701976 14 
713701990 3 
713701993 547904 
714249897 117085 
714366982 75657 
714442639 877 
714443516 95 
714443611 14 
714443625 5 
714443630 1 
714443631 309162 
714752793 117085 
714869878 35640 
714905518 426 
714905944 4 
714905948 39150 
714945098 2303 
714947401 877 
714948278 332 
714948610 45 
714948655 14 
714948669 4 
714948673 18962 
714967635 8374 
714976009 2303 
714978312 877 
714979189 214 
714979403 32 
714979435 10 
714979445 887575 
715867020 117085 
715984105 39150 
716023255 426 
716023681 32 
716023713 1449861 
717473574 547904 
718021478 117085 
718138563 75657 
718214220 4580 
718218800 1423 
718220223 45 
718220268 9 
718220277 520764 
718741041 1423 
718742464 14 
718742478 4 
718742482 887575 
719630057 39150 
719669207 1636 
719670843 7 
719670850 1449861 
721120711 256938 
721377649 6094 
721383743 1636 
721385379 332 
721385711 27 
721385738 253120 
721638858 2303 
721641161 332 
721641493 27 
721641520 3 
721641523 1449861 
723091384 256938 
723348322 8374 
723356696 3818 
723360514 14 
723360528 1 
723360529 256938 
723617467 1636 
723619103 426 
723619529 118 
723619647 85 
723619732 5 
723619737 1449861 
725069598 309162 
725378760 96038 
725474798 8374 
725483172 426 
725483598 95 
725483693 5 
725483698 1449861 
726933559 309162 
727242721 75657 
727318378 6094 
727324472 759 
727325231 1104402 
728429633 117085 
728546718 18203 
728564921 426 
728565347 32 
728565379 547904 
729113283 547904 
729661187 117085 
729778272 16678 
729794950 877 
729795827 214 
729796041 1 
729796042 813436 
730609478 4580 
730614058 332 
730614390 27 
730614417 1 
730614418 309162 
730923580 39150 
730962730 8374 
730971104 664 
730971768 85 
730971853 3 
730971856 1104402 
732076258 18962 
732095220 4580 
732099800 664 
732100464 72 
732100536 1 
732100537 256938 
732357475 2303 
732359778 95 
732359873 1 
732359874 3139918 
735499792 547904 
736047696 211602 
736259298 6094 
736265392 1518 
736266910 32 
736266942 5 
736266947 813436 
737080383 18962 
737099345 2303 
737101648 664 
737102312 72 
737102384 7 
737102391 39150 
737141541 18962 
737160503 12412 
737172915 1636 
737174551 426 
737174977 45 
737175022 10 
737175032 2 
737175034 309162 
737484196 117085 
737601281 18962 
737620243 12412 
737632655 2303 
737634958 664 
737635622 85 
737635707 547904 
738183611 211602 
738395213 6094 
738401307 1495 
738402802 1 
738402803 547904 
738950707 210843 
739161550 426 
739161976 27 
739162003 3 
739162006 887575 
740049581 75657 
740125238 12412 
740137650 9 
740137659 1449861 
741587520 309162 
741896682 18962 
741915644 1636 
741917280 332 
741917612 14 
741917626 3 
741917629 309162 
742226791 117085 
742343876 39150 
742383026 664 
742383690 45 
742383735 14 
742383749 4 
742383753 1104402 
743488155 211602 
743699757 18962 
743718719 4580 
743723299 214 
743723513 27 
743723540 1449861 
745173401 211602 
745385003 16678 
745401681 664 
745402345 27 
745402372 1449861 
746852233 211602 
747063835 18962 
747082797 1636 
747084433 417 
747084850 4 
747084854 309162 
747394016 39150 
747433166 16678 
747449844 877 
747450721 332 
747451053 45 
747451098 10 
747451108 1 
747451109 117085 
747568194 39150 
747607344 1423 
747608767 45 
747608812 23 
747608835 2 
747608837 117085 
747725922 39150 
747765072 6094 
747771166 1636 
747772802 214 
747773016 45 
747773061 14 
747773075 1 
747773076 1449861 
749222937 309162 
749532099 210843 
749742942 664 
749743606 23 
749743629 211602 
749955231 18962 
749974193 877 
749975070 72 
749975142 5 
749975147 1 
749975148 1104402 
751079550 96038 
751175588 12412 
751188000 664 
751188664 85 
751188749 1 
751188750 1449861 
752638611 547904 
753186515 39150 
753225665 12412 
753238077 1303 
753239380 23 
753239403 1 
753239404 309162 
753548566 117085 
753665651 39150 
753704801 6094 
753710895 118 
753711013 45 
753711058 23 
753711081 309162 
754020243 75657 
754095900 8374 
754104274 1518 
754105792 45 
754105837 14 
754105851 96038 
754201889 2303 
754204192 214 
754204406 3 
754204409 1449861 
755654270 887575 
756541845 117085 
756658930 75657 
756734587 8374 
756742961 2303 
756745264 1423 
756746687 45 
756746732 10 
756746742 547904 
757294646 94619 
757389265 877 
757390142 95 
757390237 14 
757390251 3 
757390254 1449861 
758840115 309162 
759149277 18962 
759168239 12412 
759180651 2303 
759182954 1303 
759184257 45 
759184302 5 
759184307 1 
759184308 117085 
759301393 8374 
759309767 2303 
759312070 877 
759312947 214 
759313161 95 
759313256 14 
759313270 2 
759313272 2554263 
761867535 117085 
761984620 39150 
762023770 6094 
762029864 1423 
762031287 7 
762031294 309162 
762340456 75657 
762416113 8374 
762424487 1636 
762426123 426 
762426549 32 
762426581 2 
762426583 887575 
763314158 117085 
763431243 75657 
763506900 1636 
763508536 214 
763508750 2 
763508752 112720 
763621472 547904 
764169376 18962 
764188338 16565 
764204903 32 
764204935 1 
764204936 547904 
764752840 117085 
764869925 75657 
764945582 12412 
764957994 214 
764958208 95 
764958303 4 
764958307 1449861 
766408168 309162 
766717330 75657 
766792987 3818 
766796805 9 
766796814 309162 
767105976 39150 
767145126 18962 
767164088 8374 
767172462 877 
767173339 118 
767173457 45 
767173502 7 
767173509 1 
767173510 1449861 
768623371 547904 
769171275 6094 
769177369 32 
769177401 7 
769177408 1 
769177409 309162 
769486571 75657 
769562228 8374 
769570602 426 
769571028 45 
769571073 14 
769571087 7 
769571094 547904 
770118998 39150 
770158148 4580 
770162728 877 
770163605 332 
770163937 45 
770163982 14 
770163996 5 
770164001 1 
770164002 1449861 
771613863 117085 
771730948 12412 
771743360 426 
771743786 5 
771743791 887575 
772631366 18962 
772650328 12412 
772662740 2303 
772665043 763 
772665806 45 
772665851 1 
772665852 547904 
773213756 117085 
773330841 18962 
773349803 12412 
773362215 2303 
773364518 118 
773364636 27 
773364663 2 
773364665 852586 
774217251 12412 
774229663 426 
774230089 118 
774230207 45 
774230252 10 
774230262 2 
774230264 547904 
774778168 117085 
774895253 18962 
774914215 6094 
774920309 877 
774921186 214 
774921400 72 
774921472 1 
774921473 39150 
774960623 6094 
774966717 426 
774967143 45 
774967188 14 
774967202 7 
774967209 1104402 
776071611 117085 
776188696 75657 
776264353 85 
776264438 7 
776264445 1449861 
777714306 547904 
778262210 39150 
778301360 18962 
778320322 3939 
778324261 95 
778324356 10 
778324366 1 
778324367 547904 
778872271 117085 
778989356 39150 
779028506 16678 
779045184 214 
779045398 45 
779045443 14 
779045457 3939 
779049396 2830756 
781880152 16678 
781896830 877 
781897707 118 
781897825 32 
781897857 3 
781897860 117085 
782014945 6094 
782021039 1636 
782022675 214 
782022889 23 
782022912 1 
782022913 1449861 
783472774 96038 
783568812 12412 
783581224 214 
783581438 32 
783581470 10 
783581480 1449861 
785031341 117085 
785148426 8374 
785156800 214 
785157014 45 
785157059 14 
785157073 5 
785157078 1 
785157079 547904 
785704983 18962 
785723945 12412 
785736357 1303 
785737660 45 
785737705 14 
785737719 7 
785737726 1 
785737727 887575 
786625302 117085 
786742387 1636 
786744023 214 
786744237 72 
786744309 3 
786744312 813436 
787557748 18962 
787576710 12412 
787589122 2303 
787591425 877 
787592302 118 
787592420 45 
787592465 23 
787592488 1 
787592489 1104402 
788696891 96038 
788792929 1636 
788794565 426 
788794991 45 
788795036 2 
788795038 1449861 
790244899 96038 
790340937 4580 
790345517 877 
790346394 214 
790346608 45 
790346653 14 
790346667 5 
790346672 887575 
791234247 39150 
791273397 18962 
791292359 4580 
791296939 763 
791297702 10 
791297712 813436 
792111148 8374 
792119522 2303 
792121825 664 
792122489 32 
792122521 4 
792122525 547904 
792670429 96038 
792766467 426 
792766893 118 
792767011 5 
792767016 1104402 
793871418 275900 
794147318 6094 
794153412 118 
794153530 32 
794153562 5 
794153567 1 
794153568 547904 
794701472 117085 
794818557 12412 
794830969 3818 
794834787 85 
794834872 4 
794834876 1104402 
795939278 211602 
796150880 16678 
796167558 426 
796167984 118 
796168102 72 
796168174 10 
796168184 2 
796168186 1449861 
797618047 117085 
797735132 18962 
797754094 6094 
797760188 877 
797761065 214 
797761279 14 
797761293 1 
797761294 309162 
798070456 117085 
798187541 426 
798187967 118 
798188085 72 
798188157 5 
798188162 1 
798188163 117085 
798305248 39150 
798344398 1636 
798346034 214 
798346248 309162 
798655410 16678 
798672088 877 
798672965 332 
798673297 32 
798673329 10 
798673339 2554263 
801227602 39150 
801266752 35640 
801302392 32 
801302424 3 
801302427 309162 
801611589 75657 
801687246 16678 
801703924 877 
801704801 118 
801704919 5 
801704924 1 
801704925 887575 
802592500 117085 
802709585 8374 
802717959 763 
802718722 45 
802718767 3 
802718770 547904 
803266674 96038 
803362712 1636 
803364348 332 
803364680 45 
803364725 14 
803364739 7 
803364746 1449861 
804814607 309162 
805123769 94619 
805218388 27 
805218415 2 
805218417 18962 
805237379 8374 
805245753 877 
805246630 214 
805246844 72 
805246916 4 
805246920 1104402 
806351322 117085 
806468407 75657 
806544064 12412 
806556476 2303 
806558779 664 
806559443 85 
806559528 1449861 
808009389 39150 
808048539 6094 
808054633 877 
808055510 214 
808055724 45 
808055769 14 
808055783 4 
808055787 813436 
808869223 18962 
808888185 1636 
808889821 426 
808890247 45 
808890292 14 
808890306 4 
808890310 309162 
809199472 117085 
809316557 39150 
809355707 18962 
809374669 8374 
809383043 2303 
809385346 118 
809385464 72 
809385536 7 
809385543 1 
809385544 547904 
809933448 117085 
810050533 8374 
810058907 2303 
810061210 332 
810061542 45 
810061587 14 
810061601 1 
810061602 309162 
810370764 117085 
810487849 18962 
810506811 6094 
810512905 664 
810513569 45 
810513614 14 
810513628 5 
810513633 547904 
811061537 112720 
811174257 417 
811174674 4 
811174678 547904 
811722582 117085 
811839667 39150 
811878817 18962 
811897779 6094 
811903873 664 
811904537 85 
811904622 5 
811904627 1518 
811906145 871548 
812777693 8374 
812786067 7 
812786074 1 
812786075 1449861 
814235936 887575 
815123511 117085 
815240596 75657 
815316253 8374 
815324627 118 
815324745 85 
815324830 3 
815324833 1449861 
816774694 309162 
817083856 75657 
817159513 12412 
817171925 1636 
817173561 332 
817173893 9 
817173902 1449861 
818623763 117085 
818740848 75657 
818816505 4580 
818821085 877 
818821962 85 
818822047 7 
818822054 1 
818822055 213 
818822268 547904 
819370172 96038 
819466210 426 
819466636 32 
819466668 10 
819466678 3139918 
822606596 117085 
822723681 4365 
822728046 45 
822728091 23 
822728114 1 
822728115 96038 
822824153 8374 
822832527 2303 
822834830 877 
822835707 72 
822835779 10 
822835789 2 
822835791 309162 
823144953 6094 
823151047 1636 
823152683 214 
823152897 3 
823152900 5 
823152905 2898556 
826051461 547904 
826599365 39150 
826638515 18962 
826657477 8374 
826665851 214 
826666065 95 
826666160 14 
826666174 7 
826666181 1104402 
827770583 117085 
827887668 39150 
827926818 32 
827926850 3 
827926853 887575 
828814428 117085 
828931513 39150 
828970663 16678 
828987341 877 
828988218 95 
828988313 14 
828988327 7 
828988334 1 
828988335 309162 
829297497 117085 
829414582 75657 
829490239 6094 
829496333 426 
829496759 118 
829496877 45 
829496922 14 
829496936 1 
829496937 1 
829496938 1449861 
830946799 547904 
831494703 211602 
831706305 18962 
831725267 8374 
831733641 426 
831734067 14 
831734081 887575 
832621656 117085 
832738741 18962 
832757703 6094 
832763797 877 
832764674 72 
832764746 7 
832764753 1 
832764754 1104402 
833869156 18962 
833888118 6094 
833894212 1518 
833895730 95 
833895825 14 
833895839 7 
833895846 1 
833895847 309162 
834205009 36324 
834241333 1303 
834242636 32 
834242668 10 
834242678 1 
834242679 887575 
835130254 117085 
835247339 75657 
835322996 3939 
835326935 214 
835327149 45 
835327194 23 
835327217 3 
835327220 1104402 
836431622 18962 
836450584 2303 
836452887 426 
836453313 10 
836453323 211602 
836664925 18962 
836683887 664 
836684551 45 
836684596 7 
836684603 1 
836684604 2554263 
839238867 112720 
839351587 2303 
839353890 664 
839354554 14 
839354568 3 
839354571 547904 
839902475 211602 
840114077 18962 
840133039 12412 
840145451 2303 
840147754 763 
840148517 85 
840148602 7 
840148609 35640 
840184249 426 
840184675 118 
840184793 14 
840184807 7 
840184814 1449861 
841634675 547904 
842182579 248539 
842431118 2280 
842433398 2 
842433400 887575 
843320975 96038 
843417013 877 
843417890 118 
843418008 32 
843418040 3 
843418043 309162 
843727205 763 
843727968 72 
843728040 10 
843728050 2 
843728052 37861 
843765913 37815 
843803728 2904650 
846708378 75657 
846784035 2303 
846786338 27 
846786365 2 
846786367 1104402 
847890769 256938 
848147707 8374 
848156081 1636 
848157717 426 
848158143 118 
848158261 45 
848158306 14 
848158320 3 
848158323 16678 
848175001 118 
848175119 14 
848175133 2 
848175135 256938 
848432073 12412 
848444485 2303 
848446788 1303 
848448091 45 
848448136 14 
848448150 3 
848448153 117085 
848565238 12412 
848577650 1636 
848579286 426 
848579712 45 
848579757 14 
848579771 1449861 
850029632 117085 
850146717 37861 
850184578 426 
850185004 27 
850185031 2 
850185033 1434826 
851619859 332 
851620191 45 
851620236 14 
851620250 7 
851620257 1 
851620258 309162 
851929420 117085 
852046505 39150 
852085655 18962 
852104617 12412 
852117029 95 
852117124 13 
852117137 1449861 
853566998 887575 
854454573 75657 
854530230 6094 
854536324 1636 
854537960 426 
854538386 72 
854538458 10 
854538468 309162 
854847630 112720 
854960350 3939 
854964289 118 
854964407 85 
854964492 1 
854964493 1104402 
856068895 247899 
856316794 332 
856317126 7 
856317133 1 
856317134 256938 
856574072 4580 
856578652 763 
856579415 117085 
856696500 18962 
856715462 8374 
856723836 2303 
856726139 877 
856727016 214 
856727230 5 
856727235 1 
856727236 547904 
857275140 211602 
857486742 18962 
857505704 2303 
857508007 426 
857508433 118 
857508551 32 
857508583 5 
857508588 1 
857508589 309162 
857817751 12412 
857830163 1423 
857831586 45 
857831631 7 
857831638 2830756 
860662394 1636 
860664030 214 
860664244 85 
860664329 3 
860664332 309162 
860973494 39150 
861012644 426 
861013070 45 
861013115 14 
861013129 1449861 
862462990 18203 
862481193 214 
862481407 95 
862481502 7 
862481509 1 
862481510 1449861 
863931371 887575 
864818946 96038 
864914984 2303 
864917287 1423 
864918710 45 
864918755 7 
864918762 1 
864918763 309162 
865227925 117085 
865345010 18962 
865363972 2303 
865366275 1303 
865367578 85 
865367663 5 
865367668 813436 
866181104 1636 
866182740 214 
866182954 14 
866182968 3 
866182971 1104402 
867287373 96038 
867383411 858 
867384269 2 
867384271 1104402 
868488673 292461 
868781134 6094 
868787228 1636 
868788864 426 
868789290 118 
868789408 85 
868789493 3 
868789496 547904 
869337400 117085 
869454485 39150 
869493635 12412 
869506047 1636 
869507683 426 
869508109 23 
869508132 3 
869508135 309162 
869817297 18962 
869836259 4580 
869840839 877 
869841716 214 
869841930 2 
869841932 887575 
870729507 39150 
870768657 2303 
870770960 1423 
870772383 32 
870772415 9 
870772424 547904 
871320328 96038 
871416366 4580 
871420946 1303 
871422249 95 
871422344 9 
871422353 813436 
872235789 1636 
872237425 214 
872237639 45 
872237684 10 
872237694 1 
872237695 2904650 
875142345 18962 
875161307 8374 
875169681 2303 
875171984 640 
875172624 10 
875172634 1 
875172635 309162 
875481797 117085 
875598882 39150 
875638032 12412 
875650444 1636 
875652080 32 
875652112 4 
875652116 547904 
876200020 39150 
876239170 18962 
876258132 763 
876258895 45 
876258940 5 
876258945 309162 
876568107 39150 
876607257 4580 
876611837 118 
876611955 85 
876612040 7 
876612047 1 
876612048 1104402 
877716450 117085 
877833535 39150 
877872685 18962 
877891647 8374 
877900021 877 
877900898 118 
877901016 72 
877901088 9 
877901097 1449861 
879350958 547904 
879898862 211602 
880110464 18962 
880129426 8374 
880137800 2303 
880140103 214 
880140317 95 
880140412 14 
880140426 4 
880140430 547904 
880688334 1449861 
882138195 8374 
882146569 2303 
882148872 877 
882149749 5 
882149754 1104402 
883254156 211602 
883465758 2303 
883468061 877 
883468938 214 
883469152 7 
883469159 664 
883469823 547904 
884017727 12412 
884030139 2303 
884032442 214 
884032656 10 
884032666 1 
884032667 1449861 
885482528 309162 
885791690 8374 
885800064 10 
885800074 1 
885800075 1449861 
887249936 96038 
887345974 1636 
887347610 426 
887348036 95 
887348131 7 
887348138 23 
887348161 1104402 
888452563 117085 
888569648 39150 
888608798 18962 
888627760 12412 
888640172 2303 
888642475 1423 
888643898 45 
888643943 13 
888643956 1449861 
890093817 117085 
890210902 35640 
890246542 118 
890246660 32 
890246692 2 
890246694 887575 
891134269 39150 
891173419 8374 
891181793 2303 
891184096 877 
891184973 118 
891185091 72 
891185163 4 
891185167 85 
891185252 1449861 
892635113 547904 
893183017 39150 
893222167 4580 
893226747 426 
893227173 45 
893227218 14 
893227232 7 
893227239 1434826 
894662065 45 
894662110 14 
894662124 5 
894662129 520764 
895182893 2303 
895185196 877 
895186073 95 
895186168 5 
895186173 1449861 
896636034 801024 
897437058 8374 
897445432 1636 
897447068 214 
897447282 45 
897447327 7 
897447334 1 
897447335 309162 
897756497 117085 
897873582 18962 
897892544 8374 
897900918 426 
897901344 118 
897901462 72 
897901534 2 
897901536 547904 
898449440 211602 
898661042 16678 
898677720 32 
898677752 10 
898677762 887575 
899565337 39150 
899604487 332 
899604819 45 
899604864 23 
899604887 2 
899604889 118 
899605007 117085 
899722092 39150 
899761242 12412 
899773654 2303 
899775957 877 
899776834 214 
899777048 72 
899777120 7 
899777127 1 
899777128 96038 
899873166 4580 
899877746 426 
899878172 118 
899878290 32 
899878322 5 
899878327 1 
899878328 3139918 
903018246 36324 
903054570 640 
903055210 1 
903055211 1449861 
904505072 309162 
904814234 117085 
904931319 39150 
904970469 8374 
904978843 1636 
904980479 95 
904980574 5 
904980579 1 
904980580 547904 
905528484 211602 
905740086 18962 
905759048 12412 
905771460 2303 
905773763 214 
905773977 13 
905773990 309162 
906083152 117085 
906200237 39150 
906239387 2303 
906241690 877 
906242567 214 
906242781 45 
906242826 9 
906242835 18962 
906261797 6094 
906267891 214 
906268105 23 
906268128 3 
906268131 1449861 
907717992 547904 
908265896 96038 
908361934 3818 
908365752 95 
908365847 3 
908365850 6094 
908371944 292461 
908664405 6094 
908670499 1636 
908672135 332 
908672467 72 
908672539 7 
908672546 1449861 
910122407 292461 
910414868 2303 
910417171 1303 
910418474 95 
910418569 14 
910418583 4 
910418587 887575 
911306162 117085 
911423247 39150 
911462397 1636 
911464033 426 
911464459 118 
911464577 45 
911464622 23 
911464645 887575 
912352220 117085 
912469305 36324 
912505629 877 
912506506 332 
912506838 45 
912506883 14 
912506897 2 
912506899 2554263 
915061162 18962 
915080124 8374 
915088498 1636 
915090134 426 
915090560 95 
915090655 7 
915090662 253120 
915343782 1636 
915345418 426 
915345844 85 
915345929 5 
915345934 1 
915345935 871548 
916217483 8374 
916225857 426 
916226283 95 
916226378 4 
916226382 1104402 
917330784 117085 
917447869 12412 
917460281 1636 
917461917 426 
917462343 27 
917462370 3 
917462373 211602 
917673975 2898579 
920572554 117085 
920689639 39150 
920728789 18962 
920747751 8374 
920756125 2303 
920758428 1303 
920759731 85 
920759816 5 
920759821 1 
920759822 309162 
921068984 39150 
921108134 18962 
921127096 1636 
921128732 214 
921128946 27 
921128973 1 
921128974 1449861 
922578835 813436 
923392271 12412 
923404683 1636 
923406319 214 
923406533 85 
923406618 9 
923406627 256938 
923663565 1636 
923665201 214 
923665415 32 
923665447 4 
923665451 887575 
924553026 96038 
924649064 8374 
924657438 1303 
924658741 32 
924658773 10 
924658783 309162 
924967945 96038 
925063983 12412 
925076395 2303 
925078698 214 
925078912 95 
925079007 7 
925079014 1 
925079015 1449861 
926528876 96038 
926624914 4580 
926629494 45 
926629539 96038 
926725577 3939 
926729516 214 
926729730 95 
926729825 7 
926729832 1104402 
927834234 75657 
927909891 6094 
927915985 426 
927916411 118 
927916529 72 
927916601 10 
927916611 2 
927916613 1415864 
929332477 6094 
929338571 1636 
929340207 118 
929340325 32 
929340357 9 
929340366 1449861 
930790227 309162 
931099389 39150 
931138539 8374 
931146913 2303 
931149216 426 
931149642 118 
931149760 45 
931149805 7 
931149812 520764 
931670576 6094 
931676670 214 
931676884 45 
931676929 9 
931676938 547904 
932224842 211602 
932436444 18962 
932455406 6094 
932461500 1518 
932463018 45 
932463063 5 
932463068 1 
932463069 1449861 
933912930 18962 
933931892 4365 
933936257 85 
933936342 547904 
934484246 117085 
934601331 75657 
934676988 4580 
934681568 1303 
934682871 14 
934682885 7 
934682892 27 
934682919 547904 
935230823 39150 
935269973 8374 
935278347 332 
935278679 45 
935278724 14 
935278738 5 
935278743 1 
935278744 1449861 
936728605 39150 
936767755 18962 
936786717 12412 
936799129 2303 
936801432 426 
936801858 85 
936801943 1 
936801944 547904 
937349848 117085 
937466933 39150 
937506083 12412 
937518495 877 
937519372 13 
937519385 813436 
938332821 18962 
938351783 3939 
938355722 332 
938356054 32 
938356086 10 
938356096 1449861 
939805957 852586 
940658543 877 
940659420 118 
940659538 72 
940659610 10 
940659620 2 
940659622 547904 
941207526 211602 
941419128 18962 
941438090 3939 
941442029 14 
941442043 3 
941442046 520764 
941962810 12412 
941975222 1518 
941976740 32 
941976772 10 
941976782 1449861 
943426643 547904 
943974547 117085 
944091632 16351 
944107983 118 
944108101 10 
944108111 1 
944108112 211602 
944319714 1104402 
945424116 292461 
945716577 12412 
945728989 2303 
945731292 118 
945731410 32 
945731442 10 
945731452 1 
945731453 290966 
946022419 1449861 
947472280 8374 
947480654 877 
947481531 118 
947481649 10 
947481659 2 
947481661 1636 
947483297 1449861 
948933158 547904 
949481062 211602 
949692664 18962 
949711626 12412 
949724038 118 
949724156 3 
949724159 887575 
950611734 117085 
950728819 18962 
950747781 8374 
950756155 32 
950756187 1104402 
951860589 8374 
951868963 2303 
951871266 214 
951871480 14 
951871494 7 
951871501 1 
951871502 211602 
952083104 18962 
952102066 6094 
952108160 332 
952108492 72 
952108564 10 
952108574 1104402 
953212976 117085 
953330061 39150 
953369211 18962 
953388173 12412 
953400585 2303 
953402888 858 
953403746 3 
953403749 1104402 
954508151 18962 
954527113 8374 
954535487 2303 
954537790 426 
954538216 95 
954538311 7 
954538318 248539 
954786857 1449861 
956236718 309162 
956545880 18962 
956564842 16674 
956581516 2 
956581518 1636 
956583154 1449861 
958033015 309162 
958342177 39150 
958381327 1636 
958382963 1 
958382964 1104402 
959487366 256938 
959744304 4580 
959748884 214 
959749098 45 
959749143 14 
959749157 7 
959749164 309162 
960058326 117085 
960175411 12412 
960187823 877 
960188700 14 
960188714 5 
960188719 1449861 
961638580 309162 
961947742 39150 
961986892 4580 
961991472 877 
961992349 214 
961992563 3 
961992566 292461 
962285027 12412 
962297439 426 
962297865 118 
962297983 7 
962297990 887575 
963185565 117085 
963302650 18962 
963321612 6094 
963327706 877 
963328583 45 
963328628 9 
963328637 39150 
963367787 12412 
963380199 877 
963381076 332 
963381408 23 
963381431 3 
963381434 887575 
964269009 75657 
964344666 12412 
964357078 2303 
964359381 877 
964360258 332 
964360590 23 
964360613 1 
964360614 1449861 
965810475 309162 
966119637 39150 
966158787 4580 
966163367 763 
966164130 45 
966164175 887575 
967051750 117085 
967168835 39150 
967207985 18962 
967226947 8374 
967235321 3818 
967239139 7 
967239146 1 
967239147 37815 
967276962 1449861 
968726823 852586 
969579409 4580 
969583989 214 
969584203 95 
969584298 3 
969584301 309162 
969893463 117085 
970010548 18962 
970029510 8374 
970037884 3818 
970041702 95 
970041797 7 
970041804 1449861 
971491665 547904 
972039569 39150 
972078719 12412 
972091131 2303 
972093434 877 
972094311 417 
972094728 5 
972094733 1 
972094734 309162 
972403896 117085 
972520981 39150 
972560131 6094 
972566225 1495 
972567720 10 
972567730 1449861 
974017591 75657 
974093248 12412 
974105660 95 
974105755 7 
974105762 1 
974105763 520764 
974626527 2303 
974628830 10 
974628840 1 
974628841 1449861 
976078702 309162 
976387864 75657 
976463521 12412 
976475933 2303 
976478236 85 
976478321 1 
976478322 117085 
976595407 12412 
976607819 763 
976608582 85 
976608667 5 
976608672 1 
976608673 1104402 
977713075 117085 
977830160 39150 
977869310 8374 
977877684 1636 
977879320 85 
977879405 2 
977879407 117085 
977996492 8374 
978004866 2303 
978007169 332 
978007501 45 
978007546 14 
978007560 7 
978007567 3818 
978011385 1104402 
979115787 96038 
979211825 16351 
979228176 118 
979228294 27 
979228321 4 
979228325 1449861 
980678186 211602 
980889788 12412 
980902200 1636 
980903836 14 
980903850 5 
980903855 1449861 
982353716 309162 
982662878 117085 
982779963 18962 
982798925 8374 
982807299 1636 
982808935 332 
982809267 7 
982809274 309162 
983118436 117085 
983235521 39150 
983274671 18962 
983293633 6094 
983299727 72 
983299799 5 
983299804 1 
983299805 1449861 
984749666 211602 
984961268 18962 
984980230 12412 
984992642 2303 
984994945 1303 
984996248 95 
984996343 14 
984996357 3 
984996360 547904 
985544264 93758 
985638022 426 
985638448 23 
985638471 547904 
986186375 94619 
986280994 14 
986281008 547904 
986828912 37861 
986866773 426 
986867199 118 
986867317 45 
986867362 14 
986867376 7 
986867383 813436 
987680819 18962 
987699781 2303 
987702084 45 
987702129 13 
987702142 309162 
988011304 96038 
988107342 6094 
988113436 1303 
988114739 45 
988114784 23 
988114807 1 
988114808 887575 
989002383 117085 
989119468 18962 
989138430 858 
989139288 1449861 
990589149 309162 
990898311 39150 
990937461 2303 
990939764 426 
990940190 23 
990940213 3 
990940216 4580 
990944796 39150 
990983946 18962 
991002908 16351 
991019259 118 
991019377 72 
991019449 9 
991019458 2904650 
993924108 117085 
994041193 39150 
994080343 18962 
994099305 6094 
994105399 426 
994105825 118 
994105943 45 
994105988 13 
994106001 75657 
994181658 4580 
994186238 877 
994187115 118 
994187233 5 
994187238 1449861 
995637099 887575 
996524674 117085 
996641759 2303 
996644062 332 
996644394 14 
996644408 4 
996644412 309162 
996953574 39150 
996992724 18962 
997011686 6094 
997017780 1518 
997019298 45 
997019343 1104402 
998123745 256938 
998380683 8374 
998389057 2303 
998391360 763 
998392123 23 
998392146 3 
